352
0.000000000000000e+00 0.000000000000000e+00 0.000000000000000e+00
7.142857142857142e-02 0.000000000000000e+00 0.000000000000000e+00
1.428571428571428e-01 0.000000000000000e+00 0.000000000000000e+00
2.142857142857143e-01 0.000000000000000e+00 0.000000000000000e+00
2.857142857142857e-01 0.000000000000000e+00 0.000000000000000e+00
3.571428571428571e-01 0.000000000000000e+00 0.000000000000000e+00
4.285714285714285e-01 0.000000000000000e+00 0.000000000000000e+00
5.000000000000000e-01 0.000000000000000e+00 0.000000000000000e+00
5.714285714285714e-01 0.000000000000000e+00 0.000000000000000e+00
6.428571428571428e-01 0.000000000000000e+00 0.000000000000000e+00
7.142857142857142e-01 0.000000000000000e+00 0.000000000000000e+00
7.857142857142857e-01 0.000000000000000e+00 0.000000000000000e+00
8.571428571428571e-01 0.000000000000000e+00 0.000000000000000e+00
9.285714285714285e-01 0.000000000000000e+00 0.000000000000000e+00
1.000000000000000e+00 0.000000000000000e+00 0.000000000000000e+00
1.000000000000000e+00 7.142857142857142e-02 0.000000000000000e+00
1.000000000000000e+00 1.428571428571428e-01 0.000000000000000e+00
1.000000000000000e+00 2.142857142857143e-01 0.000000000000000e+00
1.000000000000000e+00 2.857142857142857e-01 0.000000000000000e+00
1.000000000000000e+00 3.571428571428571e-01 0.000000000000000e+00
1.000000000000000e+00 4.285714285714285e-01 0.000000000000000e+00
1.000000000000000e+00 5.000000000000000e-01 0.000000000000000e+00
1.000000000000000e+00 5.714285714285714e-01 0.000000000000000e+00
1.000000000000000e+00 6.428571428571428e-01 0.000000000000000e+00
1.000000000000000e+00 7.142857142857142e-01 0.000000000000000e+00
1.000000000000000e+00 7.857142857142857e-01 0.000000000000000e+00
1.000000000000000e+00 8.571428571428571e-01 0.000000000000000e+00
1.000000000000000e+00 9.285714285714285e-01 0.000000000000000e+00
1.000000000000000e+00 1.000000000000000e+00 0.000000000000000e+00
9.285714285714285e-01 1.000000000000000e+00 0.000000000000000e+00
8.571428571428571e-01 1.000000000000000e+00 0.000000000000000e+00
7.857142857142857e-01 1.000000000000000e+00 0.000000000000000e+00
7.142857142857142e-01 1.000000000000000e+00 0.000000000000000e+00
6.428571428571428e-01 1.000000000000000e+00 0.000000000000000e+00
5.714285714285714e-01 1.000000000000000e+00 0.000000000000000e+00
5.000000000000000e-01 1.000000000000000e+00 0.000000000000000e+00
4.285714285714285e-01 1.000000000000000e+00 0.000000000000000e+00
3.571428571428571e-01 1.000000000000000e+00 0.000000000000000e+00
2.857142857142857e-01 1.000000000000000e+00 0.000000000000000e+00
2.142857142857143e-01 1.000000000000000e+00 0.000000000000000e+00
1.428571428571428e-01 1.000000000000000e+00 0.000000000000000e+00
7.142857142857142e-02 1.000000000000000e+00 0.000000000000000e+00
0.000000000000000e+00 1.000000000000000e+00 0.000000000000000e+00
0.000000000000000e+00 9.285714285714285e-01 0.000000000000000e+00
0.000000000000000e+00 8.571428571428571e-01 0.000000000000000e+00
0.000000000000000e+00 7.857142857142857e-01 0.000000000000000e+00
0.000000000000000e+00 7.142857142857142e-01 0.000000000000000e+00
0.000000000000000e+00 6.428571428571428e-01 0.000000000000000e+00
0.000000000000000e+00 5.714285714285714e-01 0.000000000000000e+00
0.000000000000000e+00 5.000000000000000e-01 0.000000000000000e+00
0.000000000000000e+00 4.285714285714285e-01 0.000000000000000e+00
0.000000000000000e+00 3.571428571428571e-01 0.000000000000000e+00
0.000000000000000e+00 2.857142857142857e-01 0.000000000000000e+00
0.000000000000000e+00 2.142857142857143e-01 0.000000000000000e+00
0.000000000000000e+00 1.428571428571428e-01 0.000000000000000e+00
0.000000000000000e+00 7.142857142857142e-02 0.000000000000000e+00
8.112421067763571e-01 2.136017910018630e-01 -3.284209332382293e-11
7.643647764844778e-01 2.375267461757697e-01 -3.791277601286899e-11
7.729786307959841e-01 1.894568878146585e-01 -3.463185223179665e-11
7.235274563851185e-01 2.026512621360155e-01 -3.758335938490502e-11
8.433707146287714e-01 6.950489159768674e-01 -6.403130274248935e-11
7.990984154791932e-01 6.703779277180792e-01 -6.716021412947530e-11
8.351606007322564e-01 6.335740017798718e-01 -5.726404626999237e-11
8.452977772418869e-01 7.517709832291702e-01 -6.763383269932557e-11
7.961041984603687e-01 7.191009696344191e-01 -7.292289612485911e-11
5.803827959938147e-01 1.348812090628732e-01 -2.352568476923574e-11
5.075289580842970e-01 1.458592742300584e-01 -2.590308488032307e-11
5.418722954694107e-01 9.803739766263042e-02 -1.820992087002657e-11
3.823772489466312e-01 3.170623989817275e-01 -4.061810714436037e-11
3.918704747581415e-01 2.586437045605214e-01 -4.508693109335400e-11
4.328864626386327e-01 2.983867055220454e-01 -3.879969292608798e-11
4.432718737898925e-01 2.397994409418345e-01 -3.874251101059853e-11
6.732531460264077e-01 8.079687821410952e-01 -8.654872661166080e-11
6.241813954630749e-01 7.634921011121901e-01 -8.152074100635431e-11
6.862858948156377e-01 7.519757312077900e-01 -8.327883236226153e-11
7.332117858115527e-01 7.932663674891942e-01 -8.384575339373151e-11
7.197663289031109e-01 8.435398716075777e-01 -8.413758197903457e-11
7.908131356716390e-01 7.754216521070117e-01 -7.602773605149638e-11
8.438526710957324e-01 8.101876355973958e-01 -6.533615887734646e-11
8.983277344309005e-01 7.264115838208458e-01 -4.373401553712445e-11
5.419144056539300e-01 6.744920901153703e-01 -6.674135884440789e-11
5.798419080885385e-01 7.212564935415194e-01 -7.495705524003974e-11
5.176367577407869e-01 7.293720859905709e-01 -7.810695454668190e-11
4.328259904921635e-01 7.749374570155416e-01 -1.020583430333939e-10
4.395795092317444e-01 8.253867601245721e-01 -9.719009482801281e-11
3.886381484641467e-01 7.947229469288268e-01 -1.223011792605639e-10
9.441429237132621e-01 4.606781397672075e-01 -1.317222134857938e-11
8.852761842933978e-01 4.467305121207727e-01 -2.410047328662075e-11
9.194346852926819e-01 4.090249248080158e-01 -1.722031675125748e-11
8.769083347328652e-01 3.871837334848953e-01 -2.400400940304948e-11
1.153105784014168e-01 4.985097153435190e-01 -3.507985179822459e-11
1.666524243843814e-01 4.658440956685571e-01 -4.346630726506298e-11
1.755565546131759e-01 5.104084169535446e-01 -5.040797030368290e-11
1.925149652449124e-01 5.618954280765873e-01 -6.018841991224156e-11
1.350363028144207e-01 5.566560020800636e-01 -4.516497456632811e-11
4.894279484345248e-01 5.059308187895964e-01 -3.505212419960100e-11
5.361133050508923e-01 5.589407167404564e-01 -4.242942329269287e-11
4.667791093834467e-01 5.685029506940986e-01 -4.575426362296651e-11
5.986382094806916e-01 2.398294024716910e-01 -3.344025664404616e-11
6.622392666810101e-01 2.210827758822341e-01 -3.442819500024336e-11
6.384443149179724e-01 2.833236853747545e-01 -3.637223023703653e-11
5.820337013057150e-01 2.975076596093584e-01 -3.433202301228001e-11
6.174778663404137e-01 3.373118374632924e-01 -3.466406732161074e-11
6.218603436926702e-01 1.776046759721110e-01 -2.954357704908223e-11
5.581221300202678e-01 1.942264685908361e-01 -2.969171279434673e-11
4.974337575323982e-01 2.164972473321025e-01 -3.293232573834617e-11
4.487705259881057e-01 1.777206635461495e-01 -3.350123364681762e-11
3.616038383485456e-01 1.642631103089940e-01 -4.687285886312286e-11
3.498027697923448e-01 2.196706653025615e-01 -5.615399783537435e-11
3.076030421785614e-01 1.802586525377912e-01 -5.637584330648956e-11
2.968725292417393e-01 2.379543556871773e-01 -6.045044091776897e-11
2.265224503011331e-01 7.563257728980882e-01 -8.701263705076035e-11
2.200718513273336e-01 6.933399113223164e-01 -7.266934157212073e-11
2.781312283027795e-01 7.340199268375792e-01 -8.941169467306557e-11
1.729689731916025e-01 7.533894830756035e-01 -6.388876237464943e-11
1.499692223521806e-01 7.027976854275308e-01 -5.667546090665287e-11
6.422732846757331e-01 7.092220634165171e-01 -7.528309260899182e-11
2.041045146924416e-01 1.604985937192994e-01 -5.988314840536813e-11
1.898882640846436e-01 2.178540871400833e-01 -6.210916158130034e-11
1.539960530163900e-01 1.777659291820281e-01 -4.827206826610930e-11
2.711515983850344e-01 8.005555372331546e-01 -8.498172820726201e-11
3.344140560632354e-01 7.649468637334718e-01 -9.834007458842918e-11
3.373142706514847e-01 8.260524753534314e-01 -1.083467516741488e-10
3.962155959048401e-01 7.309234011712630e-01 -9.734784867211072e-11
2.086957534291573e-01 3.676206289205278e-01 -4.518263925345910e-11
2.240032895170338e-01 3.136808749840800e-01 -5.158391393952474e-11
2.690059827289482e-01 3.506156315705758e-01 -4.146961537220590e-11
2.367473371399579e-01 2.572949454753771e-01 -5.922083908920461e-11
2.842803037604803e-01 2.946921112993257e-01 -4.724272078055280e-11
3.327374342054153e-01 5.937645929422700e-01 -5.899239395023959e-11
3.026742078627436e-01 5.519690540483859e-01 -5.347183621973154e-11
3.615774063942643e-01 5.454703067259713e-01 -4.776930541034886e-11
3.344492285497263e-01 6.448163517046387e-01 -7.337631002739245e-11
3.781243030456374e-01 6.125532389295237e-01 -6.208444070585272e-11
2.199719349210420e-01 6.198567274745230e-01 -6.616733137547188e-11
2.478734503700779e-01 5.622194858451920e-01 -5.776238456164775e-11
8.857776564500328e-01 7.810705715148880e-01 -5.066164829208043e-11
9.354595329202409e-01 7.814377046815750e-01 -3.145503744437131e-11
9.035185919130573e-01 8.377669318927971e-01 -4.234657435963377e-11
9.597341835682172e-01 8.289135997265711e-01 -2.024019765360927e-11
1.503744215416621e-01 1.174508826521901e-01 -3.964966097455221e-11
2.175983972540948e-01 9.832353967555697e-02 -4.031253444227895e-11
2.767932544728741e-01 7.726285751928645e-02 -3.133083160616428e-11
2.641983969093321e-01 1.391411217284581e-01 -6.247203027341685e-11
2.519535681754339e-01 1.996554201907300e-01 -6.769806922368503e-11
2.747720844814891e-01 9.030388001531136e-01 -4.996970250586467e-11
2.107254834219425e-01 9.130407328384885e-01 -3.794382455213785e-11
2.339995311762640e-01 8.578576858770378e-01 -5.967553879895618e-11
3.485682974316241e-01 8.880096830920676e-01 -6.761492278449030e-11
2.913695683537946e-01 8.566790430576587e-01 -7.695696202173042e-11
7.805352052319410e-01 8.405225217527073e-01 -7.043463065787613e-11
1.309938252011169e-01 4.384317791018002e-01 -3.534820154564138e-11
1.480308651997960e-01 3.832983600062334e-01 -3.946040338262861e-11
1.870701952603666e-01 4.202110224923287e-01 -4.294990257426733e-11
1.736065407128650e-01 3.345240436613888e-01 -4.920240453147574e-11
4.000629242243692e-01 2.024305533825230e-01 -4.274732058989999e-11
4.872181754402828e-01 2.781109673640547e-01 -3.544524591945428e-11
5.419108508516171e-01 2.576463012295466e-01 -3.336208405417562e-11
5.298047056789850e-01 3.172522500936023e-01 -3.404785343235207e-11
6.868454101402134e-01 1.607485105619698e-01 -2.873980866069819e-11
6.178856069390494e-02 2.362372284086154e-01 -2.506147553322796e-11
9.687105623317420e-02 1.667005108489358e-01 -3.245587868999610e-11
1.287420085300287e-01 2.263255715496320e-01 -4.726249167932971e-11
1.666099982328438e-01 2.796742576169483e-01 -6.467962310236485e-11
2.220021679242714e-01 4.677058953564449e-01 -4.485557467613766e-11
2.475528266710178e-01 4.072640675963443e-01 -4.088304980249899e-11
2.856245432640171e-01 4.503568922515078e-01 -4.012491657053466e-11
2.673501946269229e-01 5.056612908064273e-01 -4.804806322946782e-11
8.920130769865093e-01 1.286251553814954e-01 -1.618498371466626e-11
8.788030883705844e-01 5.325418526490847e-02 -7.404784884903154e-12
9.427986797989181e-01 6.092000893945468e-02 -5.446051295474159e-12
9.666619337433857e-02 9.024342339162379e-01 -2.276721473601396e-11
1.516929407588828e-01 9.330604959716361e-01 -2.435794230547057e-11
1.026648081084745e-01 9.572253913857355e-01 -1.704805622738681e-11
1.993120393627009e-01 8.070655336880210e-01 -6.518188166593576e-11
8.711894633731975e-01 3.232462651454898e-01 -2.533342652333746e-11
8.162555843710446e-01 3.083845901898715e-01 -3.344172144022198e-11
8.548764776348651e-01 2.546351489504460e-01 -2.913579980534215e-11
9.569853432170763e-01 1.153609404748931e-01 -7.758412425866935e-12
9.512018650278897e-01 1.758639833712185e-01 -8.857910500229135e-12
9.544884523574195e-01 2.438315136894725e-01 -9.608039242457250e-12
9.585354266740422e-01 3.022486344287168e-01 -9.053214479053538e-12
9.118810311334141e-01 2.804964922878709e-01 -1.798680657742746e-11
8.557899322403184e-01 1.909288796027909e-01 -2.621631947605589e-11
9.037243176063329e-01 2.102234335385929e-01 -1.959602761838436e-11
2.834379586395170e-01 6.128311631065855e-01 -6.647541465201248e-11
4.383569345991069e-01 6.326530694730232e-01 -6.140000233555555e-11
3.855866460243670e-01 6.687809841178952e-01 -7.675733155936403e-11
9.284720491546278e-01 3.487939579745074e-01 -1.519433179599000e-11
7.140550874786592e-01 3.801404740411001e-01 -3.568434912591404e-11
7.290153213485960e-01 4.519137199867741e-01 -3.725043054528474e-11
6.735612697072821e-01 4.383647569301889e-01 -3.621009855907850e-11
6.215841755377985e-01 4.339475592105607e-01 -3.293652306629905e-11
6.491715660724802e-01 3.833806703989228e-01 -3.445851712151253e-11
5.487630479070891e-01 8.356799353379017e-01 -7.868433085335801e-11
4.922504918245322e-01 8.596378119637100e-01 -7.754152125001079e-11
4.914781283487257e-01 7.903795108263467e-01 -8.775444376141592e-11
4.967043666072147e-01 9.247354466713399e-01 -4.684273264935140e-11
4.329692613557100e-01 8.912688434179352e-01 -7.039758680328028e-11
1.136674811895469e-01 7.533249331078565e-01 -4.466281416819405e-11
5.279724583675949e-02 7.430517451809048e-01 -2.104774692147496e-11
9.134163314433957e-02 6.998519330492697e-01 -3.621614214530082e-11
7.761551459608327e-01 1.084796024470720e-01 -2.103013689187870e-11
8.269921054907294e-01 9.005028093932500e-02 -1.527509131045044e-11
8.119393828809288e-01 1.511523511172549e-01 -2.589430954904565e-11
8.826558667454727e-01 6.687791655879251e-01 -4.635556096868657e-11
8.555828186786179e-01 5.863056843697709e-01 -4.369120955448496e-11
8.960717356737607e-01 5.647578841506719e-01 -3.151762029244907e-11
8.935810220954217e-01 6.197097376889840e-01 -3.861049149447720e-11
4.810392031492913e-01 6.804109021298284e-01 -7.123666221989852e-11
4.313403193757643e-01 6.883329485523473e-01 -7.868414257184865e-11
5.678142371891105e-01 6.207674603429713e-01 -5.448367070214236e-11
5.060261016477949e-01 6.254618120586637e-01 -5.487537732657004e-11
6.579216913208026e-01 9.490278303719673e-01 -3.443164545082852e-11
6.036387408594258e-01 9.185550347285129e-01 -5.319507522033401e-11
6.653066566905483e-01 8.792868493553931e-01 -7.944408079044346e-11
5.934774380062324e-01 8.698585088606340e-01 -7.421547107694047e-11
6.020694159648099e-01 6.693464638825120e-01 -6.580126997209694e-11
6.743496483908082e-01 3.291465385756721e-01 -3.624014470237460e-11
5.466110851326307e-01 4.928556538664005e-01 -3.445715335915226e-11
5.092716185055938e-01 4.452053277532669e-01 -3.045197230773093e-11
6.468779892454134e-01 1.162701299360450e-01 -2.206236193077404e-11
6.658737167262277e-01 5.167033866992381e-02 -1.075014910260580e-11
7.183815020018838e-01 9.727283539055587e-02 -1.969943960307214e-11
5.389220986554021e-01 4.696803017081960e-02 -9.555897852645798e-12
6.046153099414885e-01 3.561625620786812e-02 -7.227120147170872e-12
7.985338504019728e-01 5.240613667510217e-01 -4.048335998596518e-11
8.500811254196885e-01 5.399805118994964e-01 -3.692604570663944e-11
8.128828442534725e-01 5.771584264147597e-01 -4.795968664598888e-11
8.322970816496782e-01 4.274408729126202e-01 -3.076704451370833e-11
7.695246706161536e-01 3.460468311221556e-01 -3.573568494364781e-11
8.247805446336081e-01 3.678658679479657e-01 -3.140846354738288e-11
6.619450302016253e-02 6.520205372323867e-01 -2.890571634311926e-11
1.000862676089530e-01 6.055956500849138e-01 -3.961361641486586e-11
1.235222372579710e-01 6.555862460935937e-01 -4.832624169760386e-11
1.567579936535669e-01 6.087550190178266e-01 -5.763503518915009e-11
1.062414692623003e-01 2.749951479696823e-01 -4.119883066674283e-11
5.979462718722089e-01 4.820807524664201e-01 -3.297807596722721e-11
5.806161558247922e-01 5.276606976165182e-01 -3.519294066248579e-11
5.981602791507221e-01 5.709248869774103e-01 -4.556779877536868e-11
6.262102489264418e-01 5.230012787940297e-01 -3.959635787186861e-11
8.022907844985513e-01 2.610392225797286e-01 -3.428506386703760e-11
7.321641994809447e-01 4.170423692345512e-02 -8.679541501272701e-12
7.773224148645480e-01 6.200952400918376e-02 -1.228562308597220e-11
3.282555638165006e-01 3.342127276326576e-01 -3.755184308319109e-11
3.411181167197284e-01 2.762235412012983e-01 -5.340099657001114e-11
7.615065137806019e-01 9.441924404686997e-01 -3.483301368148132e-11
7.927451502719501e-01 8.979055743738779e-01 -5.661635705741615e-11
8.353102283404200e-01 9.412166983127902e-01 -3.817403731991054e-11
3.917891189864165e-01 8.446159377651135e-01 -9.680120101633708e-11
9.404072871916677e-01 6.713735703203999e-01 -2.533532625674888e-11
7.254300499838214e-01 3.233439407876116e-01 -3.688316327423981e-11
3.097938693687145e-01 3.912418683993966e-01 -3.257115979643297e-11
3.451392699002006e-01 4.360264872415826e-01 -3.246199362562622e-11
5.041924990410471e-02 5.064474738741821e-01 -1.712336952737391e-11
7.289960645693605e-02 5.554836175131451e-01 -2.745736030727911e-11
9.465477590474920e-02 1.061516538133606e-01 -2.535388457641798e-11
1.169763632726798e-01 5.744330881217813e-02 -1.749051703997440e-11
7.463355661725926e-01 5.111446600991598e-01 -4.159634516197300e-11
6.853535362947464e-01 5.047960904671520e-01 -4.081954263564703e-11
7.161382976656198e-01 5.731083681007584e-01 -5.176697815433608e-11
7.113851254254530e-01 6.408871687164290e-01 -6.437366840174649e-11
6.740709982802477e-01 6.126311288465038e-01 -5.802018643770704e-11
6.551058805301642e-01 5.684862646041144e-01 -4.874378710981428e-11
6.259783214370317e-01 6.169511880832074e-01 -5.655614801461205e-11
6.586491175071358e-01 6.595509238457324e-01 -6.672017509054302e-11
6.980497012843969e-01 6.987232668890919e-01 -7.621732387642354e-11
1.598112525858355e-01 8.665908009954283e-01 -4.255086874815310e-11
4.085432012276746e-01 4.293634033101099e-01 -3.152519910697200e-11
4.675113968495836e-01 4.006670064669379e-01 -3.242722061986470e-11
4.591956324021241e-01 4.558992385699134e-01 -3.048578558336105e-11
4.230229061660340e-01 3.577988789151896e-01 -3.544568758365219e-11
4.231237989417915e-01 5.108513773252074e-01 -3.839308129250607e-11
3.720585215113813e-01 4.831906637423445e-01 -3.841584754569949e-11
9.466205638816295e-01 5.343323476717485e-01 -1.555598682803793e-11
1.746494326181958e-01 6.568097209991388e-01 -6.582239377615558e-11
9.465834810656986e-01 5.990111596165706e-01 -1.954704359840319e-11
3.788036450004522e-01 1.115324901638361e-01 -3.139241345867901e-11
3.211871506039728e-01 1.208672420088266e-01 -4.460766272556929e-11
3.376781897186505e-01 6.038589474008805e-02 -2.108939112230440e-11
3.350334946711267e-01 7.034068948765753e-01 -8.765124504342406e-11
2.849490810924645e-01 6.734157023770685e-01 -7.902903897591181e-11
2.534124878392707e-01 6.501042714889995e-01 -7.334741344429831e-11
5.694116745123220e-01 3.444214021267769e-01 -3.364914274490397e-11
5.914562928431840e-01 3.860910686942697e-01 -3.293234611155683e-11
8.253003822330640e-01 3.992966632917568e-02 -7.522582988828058e-12
4.520345402424886e-01 9.527467459142661e-01 -3.458141862670223e-11
4.800140958665562e-02 3.468698903617615e-01 -1.659091803581188e-11
1.112306111125213e-01 3.331787160025949e-01 -3.798462771521570e-11
8.474776468016637e-02 4.034394123315991e-01 -2.571020212037678e-11
6.545241013107644e-02 2.953990536913880e-01 -2.416717039019967e-11
7.385099887931273e-01 8.905465564358921e-01 -6.695956543228111e-11
7.689580551579891e-01 6.192329717187867e-01 -6.091879204345597e-11
4.739401926591430e-02 6.050906777847690e-01 -1.974308561031369e-11
7.689806151303104e-01 5.597960219696104e-01 -4.847466631539534e-11
7.869289871245795e-01 4.676876911097053e-01 -3.616703641211977e-11
5.662912111077719e-01 4.373156098321446e-01 -3.063838372517575e-11
8.415112328057432e-02 4.592880687685637e-01 -2.542254213328798e-11
4.092850307988005e-02 1.776841668852623e-01 -1.653369307908154e-11
8.927367645772665e-01 5.066679981145683e-01 -2.621595814605281e-11
9.530477544504844e-01 8.838350215408767e-01 -2.384939770597625e-11
8.992050678099397e-01 9.064062276465823e-01 -4.213289115165647e-11
8.951315478477743e-01 9.584728493020395e-01 -2.770749631246561e-11
9.485373957750179e-01 9.454629358639035e-01 -3.182786872093612e-11
5.967640409070814e-01 8.021495958285349e-02 -1.520750533045297e-11
7.763563207328332e-01 4.059102353470083e-01 -3.442549185760040e-11
8.390357824418042e-01 4.856552915616476e-01 -3.247954640818698e-11
6.923852715076663e-02 8.080768470427270e-01 -2.576985263352761e-11
1.381022979803622e-01 8.061281108899583e-01 -4.906145344136724e-11
4.177759484636295e-02 8.991961332117466e-01 -1.200020671637881e-11
6.273755531076594e-02 8.626783985042573e-01 -1.950460674411374e-11
4.141201236549452e-01 5.910641431852738e-02 -1.488177577576413e-11
7.082345630322155e-01 9.323973862699341e-01 -4.434827003982501e-11
6.421879315114128e-01 4.760100274766240e-01 -3.611122885981359e-11
5.293503404761492e-01 3.798335341137164e-01 -3.227326286535251e-11
4.718134924687069e-01 3.783474660327910e-02 -8.377215103834335e-12
7.647149772260121e-01 2.910478365806927e-01 -3.809292875293198e-11
5.487452003153859e-01 8.931792421715177e-01 -6.491400471711877e-11
5.542267059051716e-01 9.515800365606104e-01 -3.362186449899635e-11
2.343831066369083e-01 4.485934696278902e-02 -1.950337107341622e-11
8.448473760764741e-01 8.727899946580016e-01 -6.011926181382679e-11
6.051352881898480e-01 9.653216068516451e-01 -2.439821529830121e-11
3.913802642659563e-01 9.468750445828082e-01 -3.546185415775774e-11
6.148455616916799e-02 6.360774995516644e-02 -1.251600086011043e-11
3.322828189943486e-02 3.375908034593447e-02 -3.129000215027607e-12
4.906195175787559e-02 1.230588460591481e-01 -1.995866490123694e-11
1.787687467941465e-01 5.113260367252760e-02 -2.117105109614179e-11
3.176634943731736e-01 9.481266557857593e-01 -3.014929505411233e-11
1.950543268772567e-01 9.587884993410895e-01 -1.871566423999004e-11
2.498451600429493e-01 9.531488564051758e-01 -2.402563554194794e-11
6.095297175631675e-01 8.226065364525703e-01 -8.247762662153635e-11
9.590832082420785e-01 4.007785494354169e-01 -9.148981085330039e-12
4.780014021501716e-01 3.390838590651968e-01 -3.478700835516533e-11
3.219089310929757e-01 4.942417441088514e-01 -4.192965829304431e-11
4.137814543219283e-01 5.753309662597029e-01 -4.864879570810655e-11
7.481859028351846e-01 1.496093840548575e-01 -2.912191899611232e-11
5.205801124559184e-02 9.488407807624639e-01 -1.079896390768776e-11
9.553253058382311e-01 7.354001754350954e-01 -2.066540035616904e-11
4.169535945309813e-02 4.501234861447169e-01 -1.319308003898900e-11
3.488890674398402e-02 3.972294149104726e-01 -1.109884003903553e-11
4.050580626691853e-01 1.544857356350772e-01 -3.612639109013257e-11
7.524445826573283e-01 6.820763528977009e-01 -7.259855480801332e-11
1.059211907644564e-01 8.494476365823979e-01 -3.310985850290696e-11
4.390676689760630e-01 1.217282534559409e-01 -2.645597922805587e-11
4.189910920941699e-02 6.923304512533458e-01 -1.767887283475991e-11
4.855541062181375e-01 8.492235274020930e-02 -1.723064561844163e-11
4.578577527141841e-01 7.303417739593620e-01 -8.758499933128968e-11
7.073821398420052e-01 2.702391129355684e-01 -3.703014263037129e-11
3.683305113111415e-01 3.762325301587608e-01 -3.280367123426135e-11
2.212914409253298e-01 5.211032515586429e-01 -5.222324198096123e-11
5.605495639111141e-01 7.776926741330688e-01 -8.178001226743301e-11
7.428607370511662e-01 7.374217746978857e-01 -8.343186817413466e-11
646
309 343 308 0
309 175 268 0
267 75 117 0
267 342 352 0
340 290 339 0
290 340 288 0
316 225 346 0
346 225 68 0
346 68 67 0
146 148 150 0
150 148 121 0
147 146 330 0
265 266 218 0
218 266 117 0
147 330 329 0
255 50 339 0
255 256 49 0
345 202 201 0
202 345 233 0
52 340 51 0
288 291 289 0
345 201 47 0
47 201 46 0
331 351 74 0
195 331 217 0
141 258 327 0
258 257 324 0
344 278 312 0
344 312 346 0
66 305 222 0
66 222 104 0
181 183 185 0
185 183 178 0
195 217 318 0
195 318 196 0
135 113 276 0
135 276 236 0
290 153 152 0
266 263 262 0
262 342 267 0
98 273 96 0
132 334 274 0
247 292 248 0
329 40 41 0
8 316 7 0
234 95 236 0
234 294 256 0
259 295 261 0
259 296 227 0
243 224 223 0
224 243 244 0
134 130 132 0
130 186 131 0
338 80 251 0
80 338 138 0
186 283 135 0
283 113 135 0
343 311 308 0
343 268 172 0
209 206 63 0
209 208 277 0
313 292 247 0
313 214 216 0
314 193 192 0
193 314 238 0
103 194 285 0
194 190 192 0
157 333 71 0
157 106 158 0
351 195 197 0
341 156 108 0
57 242 58 0
242 57 178 0
68 305 66 0
94 93 350 0
93 92 165 0
56 325 324 0
325 1 2 0
219 101 348 0
101 219 103 0
172 311 343 0
172 337 310 0
185 180 181 0
273 274 269 0
297 220 221 0
220 297 238 0
65 342 62 0
342 65 352 0
159 158 102 0
158 105 99 0
332 21 87 0
21 332 20 0
336 203 205 0
336 160 224 0
98 335 273 0
98 97 213 0
201 308 46 0
308 311 45 0
210 347 211 0
347 210 83 0
232 90 230 0
232 177 176 0
125 166 154 0
166 125 127 0
265 218 212 0
304 302 301 0
302 321 139 0
292 77 151 0
77 292 216 0
322 35 319 0
35 322 34 0
207 228 208 0
228 307 300 0
69 246 70 0
69 272 349 0
240 212 97 0
212 240 265 0
72 107 106 0
107 344 67 0
182 189 183 0
318 215 319 0
215 318 217 0
70 109 156 0
109 70 246 0
315 284 285 0
284 159 102 0
111 246 129 0
246 111 109 0
140 27 301 0
27 140 26 0
82 74 351 0
74 82 117 0
76 352 78 0
352 76 75 0
197 84 347 0
84 86 124 0
118 120 141 0
120 119 163 0
164 155 289 0
164 119 128 0
226 10 223 0
10 226 9 0
137 79 64 0
79 321 151 0
315 221 270 0
270 221 271 0
176 183 189 0
350 136 94 0
136 131 186 0
274 334 254 0
334 168 167 0
124 281 188 0
281 282 133 0
241 264 240 0
241 239 238 0
324 257 326 0
257 141 162 0
227 295 259 0
227 296 307 0
196 85 197 0
85 196 199 0
133 134 188 0
134 132 335 0
63 293 229 0
293 63 62 0
250 85 199 0
85 250 86 0
333 270 272 0
333 159 315 0
131 168 334 0
58 317 348 0
317 58 242 0
129 245 127 0
245 129 246 0
123 122 86 0
122 114 281 0
144 145 118 0
144 143 279 0
187 213 210 0
187 211 188 0
269 349 272 0
349 269 254 0
67 344 346 0
67 66 105 0
253 245 349 0
245 253 127 0
154 165 92 0
165 350 93 0
94 236 95 0
236 276 235 0
237 289 291 0
289 153 290 0
262 293 342 0
123 150 121 0
88 307 230 0
307 88 300 0
286 13 170 0
13 286 12 0
101 100 348 0
100 104 160 0
317 252 348 0
194 219 190 0
259 261 260 0
295 227 229 0
312 7 316 0
7 312 6 0
107 341 344 0
293 261 295 0
229 207 63 0
299 55 326 0
55 299 54 0
112 115 113 0
112 121 175 0
73 331 74 0
73 77 216 0
147 173 268 0
279 143 280 0
279 108 110 0
330 146 328 0
78 65 64 0
61 206 80 0
152 298 290 0
113 282 114 0
133 188 281 0
264 241 260 0
264 265 240 0
169 185 184 0
57 59 205 0
272 71 333 0
349 245 69 0
91 298 152 0
91 95 256 0
222 160 104 0
160 222 224 0
193 285 194 0
192 191 260 0
81 210 213 0
83 351 197 0
99 102 158 0
105 66 104 0
167 254 334 0
168 350 165 0
335 187 134 0
162 141 120 0
163 237 161 0
115 175 309 0
175 148 268 0
96 220 97 0
96 271 221 0
318 198 196 0
217 331 216 0
137 80 138 0
80 137 64 0
111 129 128 0
126 155 164 0
78 352 65 0
151 77 76 0
116 115 200 0
116 276 113 0
102 103 284 0
102 99 101 0
306 231 232 0
306 191 190 0
177 231 317 0
176 90 232 0
154 92 152 0
154 153 125 0
168 165 167 0
251 209 277 0
208 300 275 0
159 333 157 0
341 107 156 0
205 204 169 0
205 59 336 0
90 176 189 0
230 306 232 0
117 266 267 0
265 264 263 0
218 117 82 0
97 239 240 0
352 75 267 0
62 61 65 0
220 239 97 0
241 314 260 0
145 110 111 0
118 142 144 0
111 128 145 0
156 72 70 0
186 135 136 0
186 133 282 0
248 151 321 0
315 159 284 0
193 238 297 0
197 347 83 0
269 271 273 0
351 83 82 0
195 351 331 0
199 323 149 0
268 148 147 0
115 309 200 0
60 160 336 0
60 348 100 0
169 180 185 0
169 171 179 0
168 136 350 0
110 145 144 0
142 327 320 0
306 296 191 0
300 208 228 0
187 335 98 0
81 83 210 0
349 254 253 0
71 272 69 0
123 250 149 0
124 347 84 0
108 156 109 0
348 252 219 0
99 104 100 0
317 242 177 0
348 60 58 0
114 282 281 0
124 211 347 0
151 78 79 0
321 249 248 0
141 327 142 0
162 326 257 0
288 53 291 0
55 56 326 0
53 54 161 0
53 288 52 0
50 51 339 0
49 50 255 0
48 233 345 0
44 45 310 0
41 42 174 0
329 330 40 0
38 39 328 0
36 37 287 0
35 36 319 0
33 34 214 0
32 33 247 0
30 31 303 0
27 28 301 0
26 138 338 0
24 25 251 0
22 23 275 0
21 22 87 0
20 189 182 0
18 19 181 0
16 17 179 0
13 14 170 0
12 244 243 0
10 11 223 0
8 9 225 0
312 316 346 0
5 6 280 0
4 5 320 0
2 3 258 0
56 1 325 0
326 162 299 0
161 299 162 0
161 291 53 0
52 288 340 0
339 298 255 0
256 294 49 0
48 49 294 0
48 345 47 0
200 308 201 0
45 46 308 0
310 337 44 0
43 337 42 0
174 173 41 0
41 173 329 0
40 330 39 0
328 323 38 0
37 38 323 0
287 198 36 0
319 215 322 0
214 322 215 0
33 214 313 0
247 249 32 0
31 32 249 0
303 304 30 0
29 304 28 0
301 139 140 0
138 140 139 0
26 338 25 0
251 277 24 0
23 24 277 0
275 300 87 0
87 89 332 0
189 332 89 0
20 182 19 0
181 180 18 0
17 18 180 0
179 171 16 0
15 171 14 0
170 204 286 0
244 286 204 0
12 243 11 0
223 305 226 0
225 226 305 0
344 341 278 0
280 312 278 0
280 143 5 0
320 327 4 0
3 4 327 0
258 324 2 0
225 305 68 0
328 149 323 0
268 343 309 0
302 249 321 0
60 336 59 0
157 71 72 0
279 110 144 0
256 95 234 0
282 283 186 0
293 62 342 0
339 290 298 0
174 337 172 0
260 261 264 0
275 277 208 0
310 311 172 0
228 227 307 0
205 169 184 0
221 315 297 0
43 44 337 0
278 341 108 0
216 292 313 0
314 192 260 0
339 51 340 0
199 287 323 0
251 25 338 0
166 165 154 0
174 42 337 0
224 203 336 0
273 335 132 0
132 131 334 0
315 270 333 0
189 20 332 0
216 331 73 0
296 306 230 0
328 39 330 0
147 329 173 0
149 328 146 0
135 236 94 0
15 16 171 0
258 3 327 0
326 56 324 0
2 324 325 0
170 169 204 0
287 37 323 0
214 34 322 0
79 139 321 0
320 5 143 0
320 143 142 0
319 36 198 0
318 319 198 0
116 200 202 0
169 179 180 0
155 125 153 0
218 81 212 0
213 212 81 0
231 252 317 0
29 30 304 0
233 48 294 0
316 8 225 0
303 31 249 0
285 297 315 0
241 238 314 0
247 33 313 0
273 132 274 0
280 6 312 0
310 45 311 0
308 200 309 0
296 230 307 0
190 231 306 0
301 28 304 0
223 222 305 0
303 302 304 0
302 303 249 0
139 301 302 0
88 87 300 0
161 54 299 0
124 188 211 0
155 153 289 0
91 255 298 0
193 297 285 0
259 191 296 0
295 229 293 0
233 294 234 0
63 207 209 0
261 293 262 0
151 248 292 0
237 291 161 0
252 231 190 0
289 237 164 0
288 289 290 0
287 199 198 0
250 199 149 0
244 12 286 0
284 103 285 0
282 113 283 0
281 124 122 0
158 106 105 0
279 280 278 0
278 108 279 0
275 23 277 0
251 206 209 0
204 203 244 0
116 235 276 0
235 116 202 0
181 19 182 0
184 178 57 0
229 228 207 0
87 22 275 0
167 166 253 0
274 254 269 0
271 96 273 0
270 269 272 0
269 270 271 0
173 172 268 0
202 233 235 0
262 267 266 0
265 263 266 0
263 264 261 0
261 262 263 0
191 259 260 0
141 257 258 0
85 84 197 0
255 91 256 0
253 254 167 0
166 127 253 0
121 114 122 0
190 219 252 0
80 206 251 0
76 73 75 0
123 86 250 0
247 248 249 0
57 205 184 0
127 126 129 0
245 246 69 0
224 244 203 0
223 11 243 0
177 242 178 0
240 239 241 0
220 238 239 0
163 164 237 0
128 126 164 0
234 236 235 0
233 234 235 0
231 177 232 0
230 90 88 0
227 228 229 0
225 9 226 0
222 223 224 0
220 96 221 0
219 194 103 0
187 98 213 0
218 82 81 0
216 215 217 0
214 215 216 0
212 213 97 0
187 210 211 0
106 67 105 0
119 118 145 0
120 163 162 0
207 208 209 0
63 206 61 0
203 204 205 0
200 201 202 0
198 199 196 0
195 196 197 0
193 194 192 0
190 191 192 0
189 89 90 0
178 183 176 0
134 187 188 0
130 133 186 0
184 185 178 0
181 182 183 0
179 17 180 0
139 79 137 0
176 177 178 0
114 121 112 0
175 121 148 0
175 115 112 0
172 173 174 0
170 14 171 0
169 170 171 0
136 168 131 0
165 166 167 0
95 91 93 0
164 163 119 0
161 162 163 0
160 60 100 0
158 159 157 0
72 106 157 0
156 107 72 0
126 125 155 0
152 153 154 0
91 152 92 0
76 78 151 0
150 149 146 0
149 150 123 0
146 147 148 0
119 145 128 0
142 143 144 0
141 142 118 0
138 26 140 0
137 138 139 0
135 94 136 0
133 130 134 0
130 131 132 0
128 129 126 0
125 126 127 0
122 124 86 0
121 122 123 0
118 119 120 0
75 74 117 0
113 115 116 0
112 113 114 0
111 110 109 0
108 109 110 0
67 106 107 0
104 99 105 0
102 101 103 0
99 100 101 0
96 97 98 0
93 94 95 0
91 92 93 0
89 88 90 0
87 88 89 0
84 85 86 0
81 82 83 0
80 64 61 0
78 64 79 0
73 76 77 0
73 74 75 0
71 70 72 0
69 70 71 0
66 67 68 0
64 65 61 0
61 62 63 0
59 58 60 0
57 58 59 0
