500
  0.000000000000000e+00   1.300000000000000e+00   0.000000000000000e+00
  1.636589260919016e-02   1.299682949326945e+00   0.000000000000000e+00
  3.271303132338540e-02   1.298732322468197e+00   0.000000000000000e+00
  4.902270962100059e-02   1.297149693660335e+00   0.000000000000000e+00
  6.527631560498423e-02   1.294937682485209e+00   0.000000000000000e+00
  8.145537900968219e-02   1.292099947662158e+00   0.000000000000000e+00
  9.754161784209005e-02   1.288641178378892e+00   0.000000000000000e+00
  1.135169845370754e-01   1.284567083182715e+00   0.000000000000000e+00
  1.293637115073907e-01   1.279884376459916e+00   0.000000000000000e+00
  1.450643559708411e-01   1.274600762537155e+00   0.000000000000000e+00
  1.606018439388146e-01   1.268724917444638e+00   0.000000000000000e+00
  1.759595132525212e-01   1.262266468386719e+00   0.000000000000000e+00
  1.911211555557173e-01   1.255235970971302e+00   0.000000000000000e+00
  2.060710570954023e-01   1.247644884255023e+00   0.000000000000000e+00
  2.207940382449654e-01   1.239505543666643e+00   0.000000000000000e+00
  2.352754916475188e-01   1.230831131876397e+00   0.000000000000000e+00
  2.495014188806737e-01   1.221635647684159e+00   0.000000000000000e+00
  2.634584655477856e-01   1.211933873004251e+00   0.000000000000000e+00
  2.771339547047129e-01   1.201741338029445e+00   0.000000000000000e+00
  2.905159185353756e-01   1.191074284661289e+00   0.000000000000000e+00
  3.035931281938716e-01   1.179949628298147e+00   0.000000000000000e+00
  3.163551217355857e-01   1.168384918076519e+00   0.000000000000000e+00
  3.287922300646022e-01   1.156398295664953e+00   0.000000000000000e+00
  3.408956008297951e-01   1.144008452713554e+00   0.000000000000000e+00
  3.526572202072047e-01   1.131234587065368e+00   0.000000000000000e+00
  3.640699325117046e-01   1.118096357839006e+00   0.000000000000000e+00
  3.751274575865058e-01   1.104613839494688e+00   0.000000000000000e+00
  3.858244059247131e-01   1.090807474998337e+00   0.000000000000000e+00
  3.961562914829461e-01   1.076698028200659e+00   0.000000000000000e+00
  4.061195421529241e-01   1.062306535549965e+00   0.000000000000000e+00
  4.157115078629005e-01   1.047654257259210e+00   0.000000000000000e+00
  4.249304662868812e-01   1.032762628048977e+00   0.000000000000000e+00
  4.337756261456777e-01   1.017653207589168e+00   0.000000000000000e+00
  4.422471280899947e-01   1.002347630762883e+00   0.000000000000000e+00
  4.503460431619321e-01   9.868675578763142e-01   0.000000000000000e+00
  4.580743688374694e-01   9.712346249386054e-01   0.000000000000000e+00
  4.654350226586896e-01   9.554703941353578e-01   0.000000000000000e+00
  4.724318334706526e-01   9.395963046189284e-01   0.000000000000000e+00
  4.790695302839649e-01   9.236336237378036e-01   0.000000000000000e+00
  4.853537287901600e-01   9.076033988261664e-01   0.000000000000000e+00
  4.912909155630112e-01   8.915264096732932e-01   0.000000000000000e+00
  4.968884299848224e-01   8.754231217906508e-01   0.000000000000000e+00
  5.021544439425668e-01   8.593136405924798e-01   0.000000000000000e+00
  5.070979393444573e-01   8.432176666032934e-01   0.000000000000000e+00
  5.117286835131142e-01   8.271544518030670e-01   0.000000000000000e+00
  5.160572025169411e-01   8.111427572179581e-01   0.000000000000000e+00
  5.200947525066090e-01   7.952008118612005e-01   0.000000000000000e+00
  5.238532891286629e-01   7.793462731253449e-01   0.000000000000000e+00
  5.273454350932070e-01   7.635961887232994e-01   0.000000000000000e+00
  5.305844459773651e-01   7.479669602716539e-01   0.000000000000000e+00
  5.335841743507471e-01   7.324743086055742e-01   0.000000000000000e+00
  5.363590323134743e-01   7.171332409101189e-01   0.000000000000000e+00
  5.389239525414004e-01   7.019580197481983e-01   0.000000000000000e+00
  5.412943479370175e-01   6.869621340605458e-01   0.000000000000000e+00
  5.434860699881373e-01   6.721582722080470e-01   0.000000000000000e+00
  5.455153659397728e-01   6.575582971215599e-01   0.000000000000000e+00
  5.473988348877302e-01   6.431732236189864e-01   0.000000000000000e+00
  5.491533829052119e-01   6.290131979438432e-01   0.000000000000000e+00
  5.507961773162511e-01   6.150874795739109e-01   0.000000000000000e+00
  5.523446002320342e-01   6.014044253427712e-01   0.000000000000000e+00
  5.538162014680906e-01   5.879714759111546e-01   0.000000000000000e+00
  5.552286509619768e-01   5.747951446190434e-01   0.000000000000000e+00
  5.565996908124092e-01   5.618810087434220e-01   0.000000000000000e+00
  5.579470870618244e-01   5.492337031804518e-01   0.000000000000000e+00
  5.592885813450681e-01   5.368569165646921e-01   0.000000000000000e+00
  5.606418425273161e-01   5.247533898317894e-01   0.000000000000000e+00
  5.620244184544212e-01   5.129249172248613e-01   0.000000000000000e+00
  5.634536879386701e-01   5.013723497385955e-01   0.000000000000000e+00
  5.649468131023910e-01   4.900956009888940e-01   0.000000000000000e+00
  5.665206922010213e-01   4.790936554897469e-01   0.000000000000000e+00
  5.681919130460877e-01   4.683645793129065e-01   0.000000000000000e+00
  5.699767071470982e-01   4.579055330998999e-01   0.000000000000000e+00
  5.718909046895835e-01   4.477127873899501e-01   0.000000000000000e+00
  5.739498904644740e-01   4.377817402215097e-01   0.000000000000000e+00
  5.761685608616456e-01   4.281069369593535e-01   0.000000000000000e+00
  5.785612820378343e-01   4.186820922935415e-01   0.000000000000000e+00
  5.811418493662037e-01   4.095001143510665e-01   0.000000000000000e+00
  5.839234482716623e-01   4.005531308556549e-01   0.000000000000000e+00
  5.869186165525732e-01   3.918325172660125e-01   0.000000000000000e+00
  5.901392082857937e-01   3.833289268178048e-01   0.000000000000000e+00
  5.935963594080242e-01   3.750323223898516e-01   0.000000000000000e+00
  5.973004550622535e-01   3.669320101104108e-01   0.000000000000000e+00
  6.012610987936782e-01   3.590166746150372e-01   0.000000000000000e+00
  6.054870836748278e-01   3.512744158633340e-01   0.000000000000000e+00
  6.099863654348080e-01   3.436927874179899e-01   0.000000000000000e+00
  6.147660376625340e-01   3.362588360858152e-01   0.000000000000000e+00
  6.198323091486334e-01   3.289591428170602e-01   0.000000000000000e+00
  6.251904834253189e-01   3.217798647561467e-01   0.000000000000000e+00
  6.308449405580197e-01   3.147067783340508e-01   0.000000000000000e+00
  6.367991212368959e-01   3.077253232899671e-01   0.000000000000000e+00
  6.430555132105799e-01   3.008206475075725e-01   0.000000000000000e+00
  6.496156400986050e-01   2.939776525491667e-01   0.000000000000000e+00
  6.564800526129886e-01   2.871810397692491e-01   0.000000000000000e+00
  6.636483222133857e-01   2.804153568876518e-01   0.000000000000000e+00
  6.711190372140943e-01   2.736650449012366e-01   0.000000000000000e+00
  6.788898013550297e-01   2.669144852123376e-01   0.000000000000000e+00
  6.869572348425780e-01   2.601480468516387e-01   0.000000000000000e+00
  6.953169778600098e-01   2.533501336729732e-01   0.000000000000000e+00
  7.039636965409339e-01   2.465052313976565e-01   0.000000000000000e+00
  7.128910913930395e-01   2.395979543863976e-01   0.000000000000000e+00
  7.220919081532231e-01   2.326130920175679e-01   0.000000000000000e+00
  7.315579510490496e-01   2.255356545516681e-01   0.000000000000000e+00
  7.412800984354470e-01   2.183509183631807e-01   0.000000000000000e+00
  7.512483207695273e-01   2.110444704226613e-01   0.000000000000000e+00
  7.614517008805460e-01   2.036022519138790e-01   0.000000000000000e+00
  7.718784564862148e-01   1.960106008730628e-01   0.000000000000000e+00
  7.825159649009128e-01   1.882562937398557e-01   0.000000000000000e+00
  7.933507898758211e-01   1.803265857123929e-01   0.000000000000000e+00
  8.043687105056165e-01   1.722092498020177e-01   0.000000000000000e+00
  8.155547521311474e-01   1.638926144865060e-01   0.000000000000000e+00
  8.268932191624784e-01   1.553655998642862e-01   0.000000000000000e+00
  8.383677297418400e-01   1.466177522160143e-01   0.000000000000000e+00
  8.499612521613739e-01   1.376392768839534e-01   0.000000000000000e+00
  8.616561429461324e-01   1.284210693839556e-01   0.000000000000000e+00
  8.734341865085880e-01   1.189547446693779e-01   0.000000000000000e+00
  8.852766362769278e-01   1.092326644710275e-01   0.000000000000000e+00
  8.971642571957029e-01   9.924796264217400e-02   0.000000000000000e+00
  9.090773694939114e-01   8.899456844279499e-02   0.000000000000000e+00
  9.209958936124043e-01   7.846722770251992e-02   0.000000000000000e+00
  9.328993961795705e-01   6.766152180717901e-02   0.000000000000000e+00
  9.447671369215943e-01   5.657388445946459e-02   0.000000000000000e+00
  9.565781163912276e-01   4.520161616991607e-02   0.000000000000000e+00
  9.683111243969371e-01   3.354289644027907e-02   0.000000000000000e+00
  9.799447890125089e-01   2.159679360720218e-02   0.000000000000000e+00
  9.914576260457338e-01   9.363272320247787e-03   0.000000000000000e+00
  1.002828088843610e+00  -3.156801365735482e-03   0.000000000000000e+00
  1.014034618310658e+00  -1.596165729771468e-02   0.000000000000000e+00
  1.025055693016393e+00  -2.904862093871570e-02   0.000000000000000e+00
  1.035869879267756e+00  -4.241411549071003e-02   0.000000000000000e+00
  1.046455881022389e+00  -5.605366642145204e-02   0.000000000000000e+00
  1.056792589519054e+00  -6.996190838441650e-02   0.000000000000000e+00
  1.066859132502142e+00  -8.413259451483573e-02   0.000000000000000e+00
  1.076634922918307e+00  -9.855860807873627e-02   0.000000000000000e+00
  1.086099706964516e+00  -1.132319764458436e-01   0.000000000000000e+00
  1.095233611368470e+00  -1.281438873512415e-01   0.000000000000000e+00
  1.104017189784277e+00  -1.432847074048131e-01   0.000000000000000e+00
  1.112431468188435e+00  -1.586440028017000e-01   0.000000000000000e+00
  1.120457989163776e+00  -1.742105621813750e-01   0.000000000000000e+00
  1.128078854961721e+00  -1.899724215773969e-01   0.000000000000000e+00
  1.135276769236343e+00  -2.059168913945377e-01   0.000000000000000e+00
  1.142035077347037e+00  -2.220305853447717e-01   0.000000000000000e+00
  1.148337805130193e+00  -2.382994512685609e-01   0.000000000000000e+00
  1.154169696044140e+00  -2.547088037630364e-01   0.000000000000000e+00
  1.159516246595698e+00  -2.712433585340062e-01   0.000000000000000e+00
  1.164363739961007e+00  -2.878872683842937e-01   0.000000000000000e+00
  1.168699277717845e+00  -3.046241607466820e-01   0.000000000000000e+00
  1.172510809611389e+00  -3.214371766657554e-01   0.000000000000000e+00
  1.175787161280327e+00  -3.383090111291949e-01   0.000000000000000e+00
  1.178518059875354e+00  -3.552219546455823e-01   0.000000000000000e+00
  1.180694157507385e+00  -3.721579359625543e-01   0.000000000000000e+00
  1.182307052468291e+00  -3.890985658161772e-01   0.000000000000000e+00
  1.183349308172528e+00  -4.060251815997460e-01   0.000000000000000e+00
  1.183814469773811e+00  -4.229188928378074e-01   0.000000000000000e+00
  1.183697078416793e+00  -4.397606273490999e-01   0.000000000000000e+00
  1.182992683089659e+00  -4.565311779803115e-01   0.000000000000000e+00
  1.181697850049607e+00  -4.732112497910217e-01   0.000000000000000e+00
  1.179810169799234e+00  -4.897815075690166e-01   0.000000000000000e+00
  1.177328261598058e+00  -5.062226235542490e-01   0.000000000000000e+00
  1.174251775499568e+00  -5.225153252491431e-01   0.000000000000000e+00
  1.170581391910399e+00  -5.386404431926619e-01   0.000000000000000e+00
  1.166318818674499e+00  -5.545789585755896e-01   0.000000000000000e+00
  1.161466785691321e+00  -5.703120505748356e-01   0.000000000000000e+00
  1.156029037083298e+00  -5.858211432852315e-01   0.000000000000000e+00
  1.150010320933993e+00  -6.010879521282426e-01   0.000000000000000e+00
  1.143416376624424e+00  -6.160945296183166e-01   0.000000000000000e+00
  1.136253919801074e+00  -6.308233103691518e-01   0.000000000000000e+00
  1.128530625015055e+00  -6.452571552240679e-01   0.000000000000000e+00
  1.120255106077723e+00  -6.593793943968153e-01   0.000000000000000e+00
  1.111436894183757e+00  -6.731738695116399e-01   0.000000000000000e+00
  1.102086413858314e+00  -6.866249744341717e-01   0.000000000000000e+00
  1.092214956790335e+00  -6.997176947877108e-01   0.000000000000000e+00
  1.081834653619331e+00  -7.124376460528029e-01   0.000000000000000e+00
  1.070958443748125e+00  -7.247711101515303e-01   0.000000000000000e+00
  1.059600043258959e+00  -7.367050704217690e-01   0.000000000000000e+00
  1.047773911015082e+00  -7.482272448906911e-01   0.000000000000000e+00
  1.035495213034506e+00  -7.593261177610851e-01   0.000000000000000e+00
  1.022779785226881e+00  -7.699909690285669e-01   0.000000000000000e+00
  1.009644094588546e+00  -7.802119021524523e-01   0.000000000000000e+00
  9.961051989546399e-01  -7.899798697079824e-01   0.000000000000000e+00
  9.821807054107144e-01  -7.992866969526751e-01   0.000000000000000e+00
  9.678887274696603e-01  -8.081251032448524e-01   0.000000000000000e+00
  9.532478411227641e-01  -8.164887212578000e-01   0.000000000000000e+00
  9.382770398765276e-01  -8.243721139385997e-01   0.000000000000000e+00
  9.229956888893405e-01  -8.317707891663654e-01   0.000000000000000e+00
  9.074234783243392e-01  -8.386812120704308e-01   0.000000000000000e+00
  8.915803760366593e-01  -8.451008149749568e-01   0.000000000000000e+00
  8.754865797149228e-01  -8.510280049424285e-01   0.000000000000000e+00
  8.591624685980848e-01  -8.564621688945863e-01   0.000000000000000e+00
  8.426285548897857e-01  -8.614036762954765e-01   0.000000000000000e+00
  8.259054349930222e-01  -8.658538793874616e-01   0.000000000000000e+00
  8.090137406883315e-01  -8.698151109772500e-01   0.000000000000000e+00
  7.919740903787593e-01  -8.732906797751931e-01   0.000000000000000e+00
  7.748070405246140e-01  -8.762848632973095e-01   0.000000000000000e+00
  7.575330373904674e-01  -8.788028983456673e-01   0.000000000000000e+00
  7.401723692259718e-01  -8.808509690889018e-01   0.000000000000000e+00
  7.227451190009061e-01  -8.824361927707253e-01   0.000000000000000e+00
  7.052711178133644e-01  -8.835666030803100e-01   0.000000000000000e+00
  6.877698990882130e-01  -8.842511312243565e-01   0.000000000000000e+00
  6.702606536808761e-01  -8.844995847464895e-01   0.000000000000000e+00
  6.527621859991207e-01  -8.843226241453550e-01   0.000000000000000e+00
  6.352928712528606e-01  -8.837317373483673e-01   0.000000000000000e+00
  6.178706139390554e-01  -8.827392121035228e-01   0.000000000000000e+00
  6.005128076655843e-01  -8.813581063569722e-01   0.000000000000000e+00
  5.832362964144946e-01  -8.796022166891785e-01   0.000000000000000e+00
  5.660573373412907e-01  -8.774860448874180e-01   0.000000000000000e+00
  5.489915652029875e-01  -8.750247627371330e-01   0.000000000000000e+00
  5.320539585034154e-01  -8.722341751191733e-01   0.000000000000000e+00
  5.152588074398633e-01  -8.691306815042884e-01   0.000000000000000e+00
  4.986196837304844e-01  -8.657312359403132e-01   0.000000000000000e+00
  4.821494123970682e-01  -8.620533056313403e-01   0.000000000000000e+00
  4.658600455727431e-01  -8.581148282117664e-01   0.000000000000000e+00
  4.497628383989620e-01  -8.539341678214369e-01   0.000000000000000e+00
  4.338682270707782e-01  -8.495300700911833e-01   0.000000000000000e+00
  4.181858090838820e-01  -8.449216161508393e-01   0.000000000000000e+00
  4.027243257312358e-01  -8.401281757743367e-01   0.000000000000000e+00
  3.874916468913550e-01  -8.351693597786930e-01   0.000000000000000e+00
  3.724947581444364e-01  -8.300649717956465e-01   0.000000000000000e+00
  3.577397502465384e-01  -8.248349595362966e-01   0.000000000000000e+00
  3.432318109859980e-01  -8.194993656704627e-01   0.000000000000000e+00
  3.289752194401566e-01  -8.140782784434536e-01   0.000000000000000e+00
  3.149733426443279e-01  -8.085917821536772e-01   0.000000000000000e+00
  3.012286346787627e-01  -8.030599076148958e-01   0.000000000000000e+00
  2.877426381731705e-01  -7.975025827270156e-01   0.000000000000000e+00
  2.745159882221915e-01  -7.919395832790775e-01   0.000000000000000e+00
  2.615484186990240e-01  -7.863904841075572e-01   0.000000000000000e+00
  2.488387709482879e-01  -7.808746107322385e-01   0.000000000000000e+00
  2.363850048331285e-01  -7.754109915907592e-01   0.000000000000000e+00
  2.241842121055287e-01  -7.700183109914482e-01   0.000000000000000e+00
  2.122326320628782e-01  -7.647148629023169e-01   0.000000000000000e+00
  2.005256694479843e-01  -7.595185056919762e-01   0.000000000000000e+00
  1.890579145439964e-01  -7.544466179359119e-01   0.000000000000000e+00
  1.778231654100955e-01  -7.495160553988823e-01   0.000000000000000e+00
  1.668144521983268e-01  -7.447431093012779e-01   0.000000000000000e+00
  1.560240634866529e-01  -7.401434659740871e-01   0.000000000000000e+00
  1.454435745581375e-01  -7.357321680036339e-01   0.000000000000000e+00
  1.350638775512122e-01  -7.315235769635430e-01   0.000000000000000e+00
  1.248752134011879e-01  -7.275313378274045e-01   0.000000000000000e+00
  1.148672054886122e-01  -7.237683451514233e-01   0.000000000000000e+00
  1.050288949057055e-01  -7.202467111118875e-01   0.000000000000000e+00
  9.534877724797489e-02  -7.169777354776590e-01   0.000000000000000e+00
  8.581484083422526e-02  -7.139718775930365e-01   0.000000000000000e+00
  7.641460625452245e-02  -7.112387304412988e-01   0.000000000000000e+00
  6.713516714228790e-02  -7.087869968540268e-01   0.000000000000000e+00
  5.796323206356610e-02  -7.066244679259114e-01   0.000000000000000e+00
  4.888516741366855e-02  -7.047580036892339e-01   0.000000000000000e+00
  3.988704120881569e-02  -7.031935160965278e-01   0.000000000000000e+00
  3.095466765811463e-02  -7.019359543541379e-01   0.000000000000000e+00
  2.207365239922777e-02  -7.009892926435022e-01   0.000000000000000e+00
  1.322943827938175e-02  -7.003565202609781e-01   0.000000000000000e+00
  4.407351561983756e-03  -7.000396342009677e-01   0.000000000000000e+00
 -4.407351561983274e-03  -7.000396342009677e-01   0.000000000000000e+00
 -1.322943827938158e-02  -7.003565202609781e-01   0.000000000000000e+00
 -2.207365239922729e-02  -7.009892926435022e-01   0.000000000000000e+00
 -3.095466765811414e-02  -7.019359543541378e-01   0.000000000000000e+00
 -3.988704120881520e-02  -7.031935160965278e-01   0.000000000000000e+00
 -4.888516741366838e-02  -7.047580036892338e-01   0.000000000000000e+00
 -5.796323206356560e-02  -7.066244679259112e-01   0.000000000000000e+00
 -6.713516714228739e-02  -7.087869968540267e-01   0.000000000000000e+00
 -7.641460625452227e-02  -7.112387304412988e-01   0.000000000000000e+00
 -8.581484083422472e-02  -7.139718775930363e-01   0.000000000000000e+00
 -9.534877724797436e-02  -7.169777354776586e-01   0.000000000000000e+00
 -1.050288949057049e-01  -7.202467111118874e-01   0.000000000000000e+00
 -1.148672054886120e-01  -7.237683451514234e-01   0.000000000000000e+00
 -1.248752134011873e-01  -7.275313378274042e-01   0.000000000000000e+00
 -1.350638775512116e-01  -7.315235769635425e-01   0.000000000000000e+00
 -1.454435745581373e-01  -7.357321680036338e-01   0.000000000000000e+00
 -1.560240634866523e-01  -7.401434659740870e-01   0.000000000000000e+00
 -1.668144521983262e-01  -7.447431093012777e-01   0.000000000000000e+00
 -1.778231654100949e-01  -7.495160553988820e-01   0.000000000000000e+00
 -1.890579145439961e-01  -7.544466179359117e-01   0.000000000000000e+00
 -2.005256694479836e-01  -7.595185056919760e-01   0.000000000000000e+00
 -2.122326320628777e-01  -7.647148629023170e-01   0.000000000000000e+00
 -2.241842121055284e-01  -7.700183109914482e-01   0.000000000000000e+00
 -2.363850048331278e-01  -7.754109915907589e-01   0.000000000000000e+00
 -2.488387709482873e-01  -7.808746107322382e-01   0.000000000000000e+00
 -2.615484186990232e-01  -7.863904841075567e-01   0.000000000000000e+00
 -2.745159882221913e-01  -7.919395832790774e-01   0.000000000000000e+00
 -2.877426381731698e-01  -7.975025827270151e-01   0.000000000000000e+00
 -3.012286346787619e-01  -8.030599076148953e-01   0.000000000000000e+00
 -3.149733426443276e-01  -8.085917821536770e-01   0.000000000000000e+00
 -3.289752194401557e-01  -8.140782784434530e-01   0.000000000000000e+00
 -3.432318109859971e-01  -8.194993656704622e-01   0.000000000000000e+00
 -3.577397502465376e-01  -8.248349595362962e-01   0.000000000000000e+00
 -3.724947581444361e-01  -8.300649717956464e-01   0.000000000000000e+00
 -3.874916468913543e-01  -8.351693597786930e-01   0.000000000000000e+00
 -4.027243257312349e-01  -8.401281757743363e-01   0.000000000000000e+00
 -4.181858090838818e-01  -8.449216161508392e-01   0.000000000000000e+00
 -4.338682270707772e-01  -8.495300700911830e-01   0.000000000000000e+00
 -4.497628383989613e-01  -8.539341678214371e-01   0.000000000000000e+00
 -4.658600455727424e-01  -8.581148282117663e-01   0.000000000000000e+00
 -4.821494123970679e-01  -8.620533056313402e-01   0.000000000000000e+00
 -4.986196837304834e-01  -8.657312359403129e-01   0.000000000000000e+00
 -5.152588074398624e-01  -8.691306815042881e-01   0.000000000000000e+00
 -5.320539585034151e-01  -8.722341751191733e-01   0.000000000000000e+00
 -5.489915652029865e-01  -8.750247627371328e-01   0.000000000000000e+00
 -5.660573373412898e-01  -8.774860448874180e-01   0.000000000000000e+00
 -5.832362964144936e-01  -8.796022166891783e-01   0.000000000000000e+00
 -6.005128076655840e-01  -8.813581063569721e-01   0.000000000000000e+00
 -6.178706139390544e-01  -8.827392121035227e-01   0.000000000000000e+00
 -6.352928712528596e-01  -8.837317373483672e-01   0.000000000000000e+00
 -6.527621859991205e-01  -8.843226241453551e-01   0.000000000000000e+00
 -6.702606536808752e-01  -8.844995847464897e-01   0.000000000000000e+00
 -6.877698990882117e-01  -8.842511312243563e-01   0.000000000000000e+00
 -7.052711178133634e-01  -8.835666030803100e-01   0.000000000000000e+00
 -7.227451190009058e-01  -8.824361927707252e-01   0.000000000000000e+00
 -7.401723692259711e-01  -8.808509690889021e-01   0.000000000000000e+00
 -7.575330373904665e-01  -8.788028983456675e-01   0.000000000000000e+00
 -7.748070405246137e-01  -8.762848632973096e-01   0.000000000000000e+00
 -7.919740903787583e-01  -8.732906797751931e-01   0.000000000000000e+00
 -8.090137406883304e-01  -8.698151109772501e-01   0.000000000000000e+00
 -8.259054349930214e-01  -8.658538793874619e-01   0.000000000000000e+00
 -8.426285548897852e-01  -8.614036762954765e-01   0.000000000000000e+00
 -8.591624685980840e-01  -8.564621688945867e-01   0.000000000000000e+00
 -8.754865797149219e-01  -8.510280049424287e-01   0.000000000000000e+00
 -8.915803760366590e-01  -8.451008149749571e-01   0.000000000000000e+00
 -9.074234783243382e-01  -8.386812120704310e-01   0.000000000000000e+00
 -9.229956888893396e-01  -8.317707891663656e-01   0.000000000000000e+00
 -9.382770398765268e-01  -8.243721139386002e-01   0.000000000000000e+00
 -9.532478411227634e-01  -8.164887212578006e-01   0.000000000000000e+00
 -9.678887274696593e-01  -8.081251032448529e-01   0.000000000000000e+00
 -9.821807054107143e-01  -7.992866969526754e-01   0.000000000000000e+00
 -9.961051989546391e-01  -7.899798697079828e-01   0.000000000000000e+00
 -1.009644094588546e+00  -7.802119021524528e-01   0.000000000000000e+00
 -1.022779785226880e+00  -7.699909690285669e-01   0.000000000000000e+00
 -1.035495213034505e+00  -7.593261177610856e-01   0.000000000000000e+00
 -1.047773911015082e+00  -7.482272448906914e-01   0.000000000000000e+00
 -1.059600043258958e+00  -7.367050704217702e-01   0.000000000000000e+00
 -1.070958443748125e+00  -7.247711101515310e-01   0.000000000000000e+00
 -1.081834653619330e+00  -7.124376460528030e-01   0.000000000000000e+00
 -1.092214956790334e+00  -6.997176947877120e-01   0.000000000000000e+00
 -1.102086413858313e+00  -6.866249744341724e-01   0.000000000000000e+00
 -1.111436894183756e+00  -6.731738695116403e-01   0.000000000000000e+00
 -1.120255106077723e+00  -6.593793943968159e-01   0.000000000000000e+00
 -1.128530625015054e+00  -6.452571552240687e-01   0.000000000000000e+00
 -1.136253919801074e+00  -6.308233103691522e-01   0.000000000000000e+00
 -1.143416376624424e+00  -6.160945296183175e-01   0.000000000000000e+00
 -1.150010320933993e+00  -6.010879521282435e-01   0.000000000000000e+00
 -1.156029037083298e+00  -5.858211432852318e-01   0.000000000000000e+00
 -1.161466785691321e+00  -5.703120505748365e-01   0.000000000000000e+00
 -1.166318818674499e+00  -5.545789585755898e-01   0.000000000000000e+00
 -1.170581391910399e+00  -5.386404431926635e-01   0.000000000000000e+00
 -1.174251775499568e+00  -5.225153252491441e-01   0.000000000000000e+00
 -1.177328261598058e+00  -5.062226235542494e-01   0.000000000000000e+00
 -1.179810169799234e+00  -4.897815075690179e-01   0.000000000000000e+00
 -1.181697850049607e+00  -4.732112497910225e-01   0.000000000000000e+00
 -1.182992683089660e+00  -4.565311779803120e-01   0.000000000000000e+00
 -1.183697078416793e+00  -4.397606273491012e-01   0.000000000000000e+00
 -1.183814469773811e+00  -4.229188928378080e-01   0.000000000000000e+00
 -1.183349308172528e+00  -4.060251815997465e-01   0.000000000000000e+00
 -1.182307052468291e+00  -3.890985658161781e-01   0.000000000000000e+00
 -1.180694157507386e+00  -3.721579359625550e-01   0.000000000000000e+00
 -1.178518059875354e+00  -3.552219546455826e-01   0.000000000000000e+00
 -1.175787161280328e+00  -3.383090111291959e-01   0.000000000000000e+00
 -1.172510809611389e+00  -3.214371766657561e-01   0.000000000000000e+00
 -1.168699277717845e+00  -3.046241607466831e-01   0.000000000000000e+00
 -1.164363739961007e+00  -2.878872683842947e-01   0.000000000000000e+00
 -1.159516246595698e+00  -2.712433585340065e-01   0.000000000000000e+00
 -1.154169696044141e+00  -2.547088037630376e-01   0.000000000000000e+00
 -1.148337805130193e+00  -2.382994512685618e-01   0.000000000000000e+00
 -1.142035077347037e+00  -2.220305853447720e-01   0.000000000000000e+00
 -1.135276769236344e+00  -2.059168913945389e-01   0.000000000000000e+00
 -1.128078854961721e+00  -1.899724215773974e-01   0.000000000000000e+00
 -1.120457989163777e+00  -1.742105621813753e-01   0.000000000000000e+00
 -1.112431468188436e+00  -1.586440028017008e-01   0.000000000000000e+00
 -1.104017189784277e+00  -1.432847074048137e-01   0.000000000000000e+00
 -1.095233611368471e+00  -1.281438873512417e-01   0.000000000000000e+00
 -1.086099706964516e+00  -1.132319764458444e-01   0.000000000000000e+00
 -1.076634922918308e+00  -9.855860807873684e-02   0.000000000000000e+00
 -1.066859132502143e+00  -8.413259451483675e-02   0.000000000000000e+00
 -1.056792589519055e+00  -6.996190838441729e-02   0.000000000000000e+00
 -1.046455881022389e+00  -5.605366642145231e-02   0.000000000000000e+00
 -1.035869879267756e+00  -4.241411549071099e-02   0.000000000000000e+00
 -1.025055693016394e+00  -2.904862093871643e-02   0.000000000000000e+00
 -1.014034618310658e+00  -1.596165729771492e-02   0.000000000000000e+00
 -1.002828088843611e+00  -3.156801365736398e-03   0.000000000000000e+00
 -9.914576260457344e-01   9.363272320247328e-03   0.000000000000000e+00
 -9.799447890125091e-01   2.159679360720195e-02   0.000000000000000e+00
 -9.683111243969378e-01   3.354289644027842e-02   0.000000000000000e+00
 -9.565781163912279e-01   4.520161616991563e-02   0.000000000000000e+00
 -9.447671369215948e-01   5.657388445946438e-02   0.000000000000000e+00
 -9.328993961795713e-01   6.766152180717841e-02   0.000000000000000e+00
 -9.209958936124049e-01   7.846722770251954e-02   0.000000000000000e+00
 -9.090773694939124e-01   8.899456844279426e-02   0.000000000000000e+00
 -8.971642571957031e-01   9.924796264217342e-02   0.000000000000000e+00
 -8.852766362769283e-01   1.092326644710274e-01   0.000000000000000e+00
 -8.734341865085888e-01   1.189547446693772e-01   0.000000000000000e+00
 -8.616561429461332e-01   1.284210693839551e-01   0.000000000000000e+00
 -8.499612521613741e-01   1.376392768839532e-01   0.000000000000000e+00
 -8.383677297418405e-01   1.466177522160137e-01   0.000000000000000e+00
 -8.268932191624790e-01   1.553655998642860e-01   0.000000000000000e+00
 -8.155547521311474e-01   1.638926144865058e-01   0.000000000000000e+00
 -8.043687105056172e-01   1.722092498020173e-01   0.000000000000000e+00
 -7.933507898758216e-01   1.803265857123926e-01   0.000000000000000e+00
 -7.825159649009129e-01   1.882562937398556e-01   0.000000000000000e+00
 -7.718784564862157e-01   1.960106008730624e-01   0.000000000000000e+00
 -7.614517008805461e-01   2.036022519138787e-01   0.000000000000000e+00
 -7.512483207695280e-01   2.110444704226607e-01   0.000000000000000e+00
 -7.412800984354475e-01   2.183509183631802e-01   0.000000000000000e+00
 -7.315579510490499e-01   2.255356545516680e-01   0.000000000000000e+00
 -7.220919081532238e-01   2.326130920175674e-01   0.000000000000000e+00
 -7.128910913930399e-01   2.395979543863972e-01   0.000000000000000e+00
 -7.039636965409343e-01   2.465052313976564e-01   0.000000000000000e+00
 -6.953169778600105e-01   2.533501336729727e-01   0.000000000000000e+00
 -6.869572348425783e-01   2.601480468516385e-01   0.000000000000000e+00
 -6.788898013550301e-01   2.669144852123375e-01   0.000000000000000e+00
 -6.711190372140945e-01   2.736650449012361e-01   0.000000000000000e+00
 -6.636483222133861e-01   2.804153568876517e-01   0.000000000000000e+00
 -6.564800526129886e-01   2.871810397692489e-01   0.000000000000000e+00
 -6.496156400986054e-01   2.939776525491664e-01   0.000000000000000e+00
 -6.430555132105802e-01   3.008206475075723e-01   0.000000000000000e+00
 -6.367991212368964e-01   3.077253232899666e-01   0.000000000000000e+00
 -6.308449405580200e-01   3.147067783340504e-01   0.000000000000000e+00
 -6.251904834253189e-01   3.217798647561466e-01   0.000000000000000e+00
 -6.198323091486337e-01   3.289591428170596e-01   0.000000000000000e+00
 -6.147660376625342e-01   3.362588360858148e-01   0.000000000000000e+00
 -6.099863654348081e-01   3.436927874179898e-01   0.000000000000000e+00
 -6.054870836748282e-01   3.512744158633334e-01   0.000000000000000e+00
 -6.012610987936784e-01   3.590166746150369e-01   0.000000000000000e+00
 -5.973004550622536e-01   3.669320101104106e-01   0.000000000000000e+00
 -5.935963594080242e-01   3.750323223898510e-01   0.000000000000000e+00
 -5.901392082857939e-01   3.833289268178046e-01   0.000000000000000e+00
 -5.869186165525732e-01   3.918325172660124e-01   0.000000000000000e+00
 -5.839234482716624e-01   4.005531308556544e-01   0.000000000000000e+00
 -5.811418493662037e-01   4.095001143510661e-01   0.000000000000000e+00
 -5.785612820378345e-01   4.186820922935408e-01   0.000000000000000e+00
 -5.761685608616455e-01   4.281069369593529e-01   0.000000000000000e+00
 -5.739498904644739e-01   4.377817402215095e-01   0.000000000000000e+00
 -5.718909046895837e-01   4.477127873899495e-01   0.000000000000000e+00
 -5.699767071470982e-01   4.579055330998993e-01   0.000000000000000e+00
 -5.681919130460880e-01   4.683645793129063e-01   0.000000000000000e+00
 -5.665206922010216e-01   4.790936554897464e-01   0.000000000000000e+00
 -5.649468131023910e-01   4.900956009888936e-01   0.000000000000000e+00
 -5.634536879386700e-01   5.013723497385950e-01   0.000000000000000e+00
 -5.620244184544213e-01   5.129249172248604e-01   0.000000000000000e+00
 -5.606418425273162e-01   5.247533898317890e-01   0.000000000000000e+00
 -5.592885813450680e-01   5.368569165646919e-01   0.000000000000000e+00
 -5.579470870618244e-01   5.492337031804512e-01   0.000000000000000e+00
 -5.565996908124096e-01   5.618810087434217e-01   0.000000000000000e+00
 -5.552286509619768e-01   5.747951446190424e-01   0.000000000000000e+00
 -5.538162014680909e-01   5.879714759111540e-01   0.000000000000000e+00
 -5.523446002320342e-01   6.014044253427705e-01   0.000000000000000e+00
 -5.507961773162512e-01   6.150874795739099e-01   0.000000000000000e+00
 -5.491533829052117e-01   6.290131979438423e-01   0.000000000000000e+00
 -5.473988348877302e-01   6.431732236189861e-01   0.000000000000000e+00
 -5.455153659397730e-01   6.575582971215591e-01   0.000000000000000e+00
 -5.434860699881371e-01   6.721582722080464e-01   0.000000000000000e+00
 -5.412943479370177e-01   6.869621340605456e-01   0.000000000000000e+00
 -5.389239525414007e-01   7.019580197481977e-01   0.000000000000000e+00
 -5.363590323134744e-01   7.171332409101183e-01   0.000000000000000e+00
 -5.335841743507468e-01   7.324743086055735e-01   0.000000000000000e+00
 -5.305844459773651e-01   7.479669602716528e-01   0.000000000000000e+00
 -5.273454350932073e-01   7.635961887232990e-01   0.000000000000000e+00
 -5.238532891286629e-01   7.793462731253433e-01   0.000000000000000e+00
 -5.200947525066093e-01   7.952008118611996e-01   0.000000000000000e+00
 -5.160572025169415e-01   8.111427572179580e-01   0.000000000000000e+00
 -5.117286835131144e-01   8.271544518030656e-01   0.000000000000000e+00
 -5.070979393444577e-01   8.432176666032929e-01   0.000000000000000e+00
 -5.021544439425668e-01   8.593136405924793e-01   0.000000000000000e+00
 -4.968884299848227e-01   8.754231217906500e-01   0.000000000000000e+00
 -4.912909155630112e-01   8.915264096732922e-01   0.000000000000000e+00
 -4.853537287901601e-01   9.076033988261660e-01   0.000000000000000e+00
 -4.790695302839654e-01   9.236336237378029e-01   0.000000000000000e+00
 -4.724318334706527e-01   9.395963046189276e-01   0.000000000000000e+00
 -4.654350226586899e-01   9.554703941353581e-01   0.000000000000000e+00
 -4.580743688374700e-01   9.712346249386050e-01   0.000000000000000e+00
 -4.503460431619322e-01   9.868675578763138e-01   0.000000000000000e+00
 -4.422471280899954e-01   1.002347630762882e+00   0.000000000000000e+00
 -4.337756261456780e-01   1.017653207589167e+00   0.000000000000000e+00
 -4.249304662868814e-01   1.032762628048976e+00   0.000000000000000e+00
 -4.157115078629010e-01   1.047654257259208e+00   0.000000000000000e+00
 -4.061195421529246e-01   1.062306535549964e+00   0.000000000000000e+00
 -3.961562914829464e-01   1.076698028200659e+00   0.000000000000000e+00
 -3.858244059247137e-01   1.090807474998336e+00   0.000000000000000e+00
 -3.751274575865063e-01   1.104613839494687e+00   0.000000000000000e+00
 -3.640699325117048e-01   1.118096357839006e+00   0.000000000000000e+00
 -3.526572202072053e-01   1.131234587065367e+00   0.000000000000000e+00
 -3.408956008297954e-01   1.144008452713553e+00   0.000000000000000e+00
 -3.287922300646022e-01   1.156398295664953e+00   0.000000000000000e+00
 -3.163551217355864e-01   1.168384918076519e+00   0.000000000000000e+00
 -3.035931281938719e-01   1.179949628298147e+00   0.000000000000000e+00
 -2.905159185353766e-01   1.191074284661288e+00   0.000000000000000e+00
 -2.771339547047137e-01   1.201741338029445e+00   0.000000000000000e+00
 -2.634584655477860e-01   1.211933873004251e+00   0.000000000000000e+00
 -2.495014188806747e-01   1.221635647684159e+00   0.000000000000000e+00
 -2.352754916475195e-01   1.230831131876396e+00   0.000000000000000e+00
 -2.207940382449657e-01   1.239505543666643e+00   0.000000000000000e+00
 -2.060710570954033e-01   1.247644884255022e+00   0.000000000000000e+00
 -1.911211555557179e-01   1.255235970971302e+00   0.000000000000000e+00
 -1.759595132525214e-01   1.262266468386719e+00   0.000000000000000e+00
 -1.606018439388155e-01   1.268724917444638e+00   0.000000000000000e+00
 -1.450643559708417e-01   1.274600762537155e+00   0.000000000000000e+00
 -1.293637115073909e-01   1.279884376459915e+00   0.000000000000000e+00
 -1.135169845370763e-01   1.284567083182715e+00   0.000000000000000e+00
 -9.754161784209052e-02   1.288641178378892e+00   0.000000000000000e+00
 -8.145537900968340e-02   1.292099947662158e+00   0.000000000000000e+00
 -6.527631560498504e-02   1.294937682485209e+00   0.000000000000000e+00
 -4.902270962100098e-02   1.297149693660335e+00   0.000000000000000e+00
 -3.271303132338654e-02   1.298732322468197e+00   0.000000000000000e+00
 -1.636589260919090e-02   1.299682949326945e+00   0.000000000000000e+00
  0.000000000000000e+00   1.300000000000000e+00   0.000000000000000e+00
