120
0.0 1.3 0.0
0.06825615337454925 1.2915316716954677 0.0
0.13424544280303843 1.266537690422833 0.0
0.19587451373963471 1.2262249269418244 0.0
0.25138437850683376 1.1725194571241075 0.0
0.2994868629340894 1.107944533008712 0.0
0.3394666070478791 1.0354613849426202 0.0
0.3712410189598164 0.9582835342600241 0.0
0.39537355598492585 0.8796770460788189 0.0
0.41303901484856714 0.8027600514494284 0.0
0.4259429225466218 0.7303148567766076 0.0
0.4362003926232756 0.6646250384538711 0.0
0.44618271918423363 0.6073481569164326 0.0
0.4583423189129267 0.559432239827893 0.0
0.4750282351229179 0.5210811514043285 0.0
0.4983051737268735 0.4917705940580325 0.0
0.5297888939888186 0.4703130127402015 0.0
0.5705097347731225 0.4549663315799235 0.0
0.6208141896222001 0.44357847692380015 0.0
0.680311878700366 0.4337572352845734 0.0
0.7478721783826122 0.4230533238183014 0.0
0.8216713724805642 0.4091437284070519 0.0
0.8992877170242688 0.3900024448752863 0.0
0.9778385030003373 0.3640467342412281 0.0
1.054150287328323 0.3302488030302122 0.0
1.1249511436349575 0.2882053172153939 0.0
1.1870722222115206 0.23816017768064698 0.0
1.2376452120405461 0.18097931455112112 0.0
1.2742825164742166 0.11807966431897034 0.0
1.2952280744875317 0.05131773929723844 0.0
1.2994687056927545 -0.01715394311202272 0.0
1.2867984967934276 -0.08505203304064587 0.0
1.257831899350366 -0.15013705915797382 0.0
1.2139646577204755 -0.21038494132104063 0.0
1.157285195419662 -0.26414279386286715 0.0
1.090442417392288 -0.31025761744156927 0.0
1.0164788066148922 -0.3481683921567847 0.0
0.9386400061724449 -0.3779546716877952 0.0
0.860173624444042 -0.40033785697457897 0.0
0.7841306762053816 -0.41663468348987576 0.0
0.7131828312753633 -0.42866585399973667 0.0
0.6494675029506123 -0.4386259512590926 0.0
0.5944708509079115 -0.44892354804910767 0.0
0.548956133837939 -0.46200259998137816 0.0
0.5129417089728487 -0.48015760675207175 0.0
0.48572955619564484 -0.5053555603973154 0.0
0.46598173996897735 -0.539077325107561 0.0
0.451838952013848 -0.5821898357877217 0.0
0.44107242679901393 -0.6348584466762023 0.0
0.4312582863611736 -0.6965060473994656 0.0
0.41996190372080433 -0.7658223781640875 0.0
0.4049192746604891 -0.8408235377170561 0.0
0.3842026950410609 -0.9189582244327715 0.0
0.35635923132011643 -0.9972540210512151 0.0
0.3205124604206676 -1.0724942507598105 0.0
0.27642060118808953 -1.1414137894847285 0.0
0.22448727747700292 -1.2009008655002322 0.0
0.165724523969557 -1.2481914075596374 0.0
0.10167103432126544 -1.2810429506068004 0.0
0.03427182037023191 -1.2978764443938025 0.0
-0.03427182037023159 -1.2978764443938025 0.0
-0.10167103432126515 -1.2810429506068006 0.0
-0.16572452396955673 -1.2481914075596376 0.0
-0.22448727747700264 -1.2009008655002325 0.0
-0.2764206011880893 -1.1414137894847287 0.0
-0.32051246042066744 -1.0724942507598108 0.0
-0.3563592313201166 -0.9972540210512147 0.0
-0.38420269504106075 -0.9189582244327719 0.0
-0.404919274660489 -0.8408235377170564 0.0
-0.4199619037208042 -0.7658223781640878 0.0
-0.4312582863611735 -0.6965060473994653 0.0
-0.4410724267990138 -0.6348584466762025 0.0
-0.45183895201384794 -0.5821898357877219 0.0
-0.46598173996897724 -0.5390773251075611 0.0
-0.48572955619564473 -0.5053555603973156 0.0
-0.5129417089728485 -0.4801576067520718 0.0
-0.5489561338379387 -0.46200259998137827 0.0
-0.5944708509079113 -0.4489235480491078 0.0
-0.6494675029506121 -0.4386259512590927 0.0
-0.7131828312753635 -0.4286658539997366 0.0
-0.7841306762053819 -0.41663468348987576 0.0
-0.8601736244440423 -0.4003378569745789 0.0
-0.9386400061724441 -0.37795467168779534 0.0
-1.0164788066148915 -0.3481683921567849 0.0
-1.0904424173922878 -0.31025761744156943 0.0
-1.1572851954196617 -0.26414279386286743 0.0
-1.2139646577204755 -0.21038494132104066 0.0
-1.257831899350366 -0.15013705915797385 0.0
-1.2867984967934276 -0.08505203304064589 0.0
-1.2994687056927545 -0.017153943112022462 0.0
-1.2952280744875317 0.051317739297237555 0.0
-1.2742825164742169 0.11807966431896974 0.0
-1.2376452120405463 0.18097931455112057 0.0
-1.1870722222115209 0.23816017768064673 0.0
-1.124951143634958 0.28820531721539366 0.0
-1.054150287328323 0.3302488030302122 0.0
-0.9778385030003373 0.3640467342412281 0.0
-0.8992877170242685 0.3900024448752864 0.0
-0.8216713724805639 0.40914372840705193 0.0
-0.7478721783826129 0.4230533238183013 0.0
-0.6803118787003666 0.4337572352845734 0.0
-0.6208141896222005 0.44357847692380004 0.0
-0.5705097347731227 0.4549663315799235 0.0
-0.5297888939888187 0.4703130127402015 0.0
-0.4983051737268735 0.49177059405803236 0.0
-0.4750282351229179 0.5210811514043286 0.0
-0.4583423189129267 0.5594322398278933 0.0
-0.4461827191842337 0.6073481569164321 0.0
-0.43620039262327576 0.6646250384538707 0.0
-0.4259429225466219 0.7303148567766071 0.0
-0.41303901484856725 0.8027600514494281 0.0
-0.3953735559849259 0.8796770460788187 0.0
-0.37124101895981654 0.9582835342600241 0.0
-0.33946660704787907 1.0354613849426202 0.0
-0.2994868629340893 1.1079445330087123 0.0
-0.2513843785068335 1.1725194571241075 0.0
-0.19587451373963535 1.2262249269418237 0.0
-0.13424544280303902 1.266537690422833 0.0
-0.0682561533745497 1.2915316716954675 0.0
0.0 1.3 0.0
