120
0.0 1.3 0.0
0.06840974269531719 1.2944378634803675 0.0
0.1354511327214738 1.2779127635186227 0.0
0.19981636509557452 1.2509019321257548 0.0
0.26031599121839316 1.2141787270835402 0.0
0.31593137199425025 1.1687806035218524 0.0
0.36585939813768925 1.1159662577252958 0.0
0.40954744608442456 1.05716382090695 0.0
0.4467169744930499 0.9939123712418836 0.0
0.47737467437687825 0.9277993225505253 0.0
0.5018106428262123 0.8603964248390332 0.0
0.5205836312761609 0.7931971676471897 0.0
0.5344939984736681 0.7275583094060534 0.0
0.5445455499037901 0.6646480678317249 0.0
0.5518979448747876 0.6054032061875692 0.0
0.557811777473634 0.5504968514156573 0.0
0.563588769231487 0.500318400425731 0.0
0.5705097347731226 0.45496633157992356 0.0
0.5797730869621005 0.4142541636049969 0.0
0.5924366303428505 0.3777292193541194 0.0
0.6093652517338313 0.34470328301674774 0.0
0.6311868607871035 0.3142937118088374 0.0
0.658258572504295 0.28547310029573425 0.0
0.6906446740512273 0.25712521785344344 0.0
0.72810739965798 0.22810466411189834 0.0
0.7701109729085517 0.1972975257583157 0.0
0.8158387903408241 0.16368027793991546 0.0
0.8642230399535914 0.12637425642540534 0.0
0.9139854986944759 0.0846932289213701 0.0
0.9636877586596584 0.03818190644331378 0.0
1.0117887145074556 -0.013356355542856116 0.0
1.0567068229871168 -0.06984392960275894 0.0
1.0968844337840982 -0.13092608257872757 0.0
1.1308513984797557 -0.19598108033781134 0.0
1.157285195419662 -0.26414279386286715 0.0
1.1750649613076818 -0.33433480706504426 0.0
1.1833170886048936 -0.4053145087434204 0.0
1.1814504194125277 -0.47572520076715485 0.0
1.1691795249709336 -0.5441538918935656 0.0
1.1465350848744658 -0.6091921878485391 0.0
1.1138609482986999 -0.6694975449501023 0.0
1.071798045760548 -0.7238521330837184 0.0
1.021255898187766 -0.7712166552495109 0.0
0.9633730147256439 -0.8107766907410879 0.0
0.8994679576171799 -0.8419794575576225 0.0
0.8309832600908765 -0.864559312332368 0.0
0.7594246934373443 -0.878550804128265 0.0
0.6862985786409515 -0.8842886497932492 0.0
0.6130499172817795 -0.8823945786976929 0.0
0.541004072488579 -0.8737515778200217 0.0
0.4713145655362705 -0.8594666283880829 0.0
0.4049192746604892 -0.8408235377170563 0.0
0.3425069422824137 -0.819227911720157 0.0
0.28449543207709355 -0.7961466651462292 0.0
0.23102264890175056 -0.7730447122624651 0.0
0.1819504660757671 -0.7513216094944317 0.0
0.13688142119765973 -0.7322509276901495 0.0
0.09518736957389652 -0.7169250148648285 0.0
0.056048748894031615 -0.7062075756419456 0.0
0.018502633853978653 -0.700696151500041 0.0
-0.018502633853978483 -0.700696151500041 0.0
-0.05604874889403145 -0.7062075756419456 0.0
-0.09518736957389633 -0.7169250148648284 0.0
-0.13688142119765953 -0.7322509276901495 0.0
-0.18195046607576687 -0.7513216094944316 0.0
-0.2310226489017503 -0.773044712262465 0.0
-0.2844954320770938 -0.7961466651462294 0.0
-0.3425069422824134 -0.8192279117201569 0.0
-0.40491927466048894 -0.8408235377170562 0.0
-0.4713145655362702 -0.8594666283880829 0.0
-0.5410040724885793 -0.8737515778200218 0.0
-0.6130499172817792 -0.8823945786976929 0.0
-0.6862985786409511 -0.8842886497932491 0.0
-0.759424693437344 -0.8785508041282649 0.0
-0.8309832600908763 -0.8645593123323682 0.0
-0.8994679576171796 -0.8419794575576227 0.0
-0.9633730147256433 -0.810776690741088 0.0
-1.0212558981877657 -0.7712166552495111 0.0
-1.0717980457605478 -0.7238521330837185 0.0
-1.1138609482987 -0.669497544950102 0.0
-1.1465350848744658 -0.6091921878485389 0.0
-1.1691795249709334 -0.5441538918935653 0.0
-1.181450419412528 -0.4757252007671556 0.0
-1.1833170886048936 -0.40531450874342106 0.0
-1.175064961307682 -0.3343348070650446 0.0
-1.1572851954196621 -0.2641427938628675 0.0
-1.1308513984797557 -0.19598108033781136 0.0
-1.0968844337840982 -0.1309260825787276 0.0
-1.0567068229871168 -0.06984392960275895 0.0
-1.0117887145074553 -0.013356355542855913 0.0
-0.9636877586596586 0.03818190644331313 0.0
-0.9139854986944768 0.08469322892136974 0.0
-0.8642230399535915 0.12637425642540495 0.0
-0.8158387903408245 0.16368027793991533 0.0
-0.7701109729085518 0.1972975257583155 0.0
-0.7281073996579801 0.22810466411189836 0.0
-0.6906446740512272 0.25712521785344344 0.0
-0.658258572504295 0.2854731002957344 0.0
-0.6311868607871034 0.31429371180883753 0.0
-0.6093652517338314 0.34470328301674746 0.0
-0.5924366303428505 0.37772921935411913 0.0
-0.5797730869621005 0.41425416360499656 0.0
-0.5705097347731226 0.45496633157992333 0.0
-0.5635887692314873 0.5003184004257311 0.0
-0.5578117774736341 0.5504968514156573 0.0
-0.5518979448747873 0.6054032061875689 0.0
-0.5445455499037901 0.6646480678317253 0.0
-0.5344939984736683 0.7275583094060529 0.0
-0.5205836312761609 0.793197167647189 0.0
-0.5018106428262126 0.8603964248390329 0.0
-0.47737467437687825 0.9277993225505246 0.0
-0.4467169744930502 0.9939123712418838 0.0
-0.4095474460844245 1.0571638209069496 0.0
-0.36585939813768925 1.115966257725296 0.0
-0.3159313719942501 1.1687806035218524 0.0
-0.26031599121839294 1.2141787270835405 0.0
-0.19981636509557524 1.2509019321257546 0.0
-0.13545113272147435 1.2779127635186225 0.0
-0.06840974269531763 1.2944378634803673 0.0
0.0 1.3 0.0
