250
0.0 1.3 0.0
0.03277861945454287 1.2987272291078216 0.0
0.06540658949495609 1.2949173766038091 0.0
0.09773478796725045 1.2885957425341685 0.0
0.12961713141458067 1.279804226213156 0.0
0.16091205502993325 1.2686009279003085 0.0
0.19148394578558392 1.2550595967618434 0.0
0.22120451387969717 1.2392689306610745 0.0
0.24995408827186272 1.2213317348099983 0.0
0.27762282285648404 1.2013639477301088 0.0
0.3041118007378334 1.1794935443007166 0.0
0.3293340251139347 1.155859326904033 0.0
0.3532152864375964 1.1306096167955517 0.0
0.37569489679005247 1.1039008588245154 0.0
0.3967262837628591 1.0758961534923293 0.0
0.4162774375830744 1.046763731057998 0.0
0.4343312067206347 1.016675382971682 0.0
0.45088543876990594 0.985804866334517 0.0
0.4659529649837893 0.9543262973407265 0.0
0.4795614284423186 0.9224125497541745 0.0
0.4917529574420496 0.8902336744049277 0.0
0.5025836872813433 0.8579553554628252 0.0
0.5121231351736708 0.8257374188568557 0.0
0.5204534345304456 0.7937324076652975 0.0
0.5276684363011941 0.7620842386076477 0.0
0.5338726864273742 0.7309269529324488 0.0
0.539180289742839 0.7003835740237541 0.0
0.5437136718258169 0.6705650829530725 0.0
0.5476022513623341 0.6415695219943677 0.0
0.5509810365084842 0.6134812348093877 0.0
0.5539891595293488 0.5863702506126272 0.0
0.5567683646376123 0.5602918181538105 0.0
0.5594614644483696 0.5352860938259218 0.0
0.5622107808032419 0.5113779866340838 0.0
0.5651565858931965 0.48857716116101235 0.0
0.5684355596236046 0.4668781980546286 0.0
0.5721792790168361 0.44626090995910755 0.0
0.5765127551385756 0.4266908092284728 0.0
0.5815530325671361 0.408119722217962 0.0
0.5874078658050481 0.3904865434584494 0.0
0.5941744862653883 0.37371812159841233 0.0
0.6019384725594374 0.35773026766070126 0.0
0.6107727357764928 0.3424288749213244 0.0
0.6207366302915209 0.3277111385871882 0.0
0.6318751993735172 0.3134668624407475 0.0
0.6442185635097715 0.2995798387420379 0.0
0.6577814579224848 0.28592928694152786 0.0
0.6725629242489651 0.27239133616809086 0.0
0.6885461598002132 0.25884053602115126 0.0
0.7056985262209186 0.24515137991908412 0.0
0.7239717177628766 0.23119982514005022 0.0
0.7433020877699735 0.21686479373777198 0.0
0.763611130372577 0.2020296387227845 0.0
0.7848061128186572 0.18658356026729264 0.0
0.806780852344218 0.17042295721513487 0.0
0.8294166300221283 0.15345269985214932 0.0
0.8525832326410885 0.13558731070953664 0.0
0.8761401123693292 0.11675204112527586 0.0
0.8999376527639404 0.09688383236652548 0.0
0.9238185286085417 0.07593215130822112 0.0
0.9476191461103567 0.05385969195757836 0.0
0.9711711491722638 0.03064293549770326 0.0
0.9943029767843862 0.006272562981884971 0.0
1.016841456060057 -0.019246283671520866 0.0
1.0386134150778519 -0.045893895170885934 0.0
1.0594472994885054 -0.07363604402572041 0.0
1.0791747768049678 -0.10242418899602686 0.0
1.0976323124160667 -0.13219583280942065 0.0
1.1146627016479453 -0.16287502955976527 0.0
1.1301165426397481 -0.19437303665853445 0.0
1.1438536353965159 -0.22658910471989943 0.0
1.1557442931267352 -0.25941139733782004 0.0
1.165670552857042 -0.29271803137276636 0.0
1.1735272733330835 -0.3263782271207633 0.0
1.1792231093532768 -0.36025355660099195 0.0
1.182681352929509 -0.3941992771817878 0.0
1.1838406330131153 -0.42806573687893174 0.0
1.1826554669520022 -0.46169983691372374 0.0
1.179096658341145 -0.49494653651907244 0.0
1.17315153747857 -0.5276503845358849 0.0
1.1648240422266871 -0.5596570620539594 0.0
1.1541346386882778 -0.5908149202243721 0.0
1.1411200827212178 -0.6209764974052939 0.0
1.1258330249197703 -0.6499999999999997 0.0
1.108341463266675 -0.6777507317025278 0.0
1.088728049193322 -0.7041024563794367 0.0
1.0670892542594368 -0.7289386804802086 0.0
1.043534406063989 -0.7521538416772708 0.0
1.018184603311212 -0.773654391381236 0.0
0.9911715211664183 -0.7933597598481194 0.0
0.9626361191334178 -0.8112031937821425 0.0
0.9327272646576467 -0.8271324576282101 0.0
0.9016002864967929 -0.8411103911291167 0.0
0.8694154725952501 -0.8531153171799533 0.0
0.8363365277431076 -0.8631412955312662 0.0
0.8025290066891388 -0.8711982194577313 0.0
0.7681587386064633 -0.8773117541046159 0.0
0.7333902588768896 -0.8815231168337945 0.0
0.6983852640648711 -0.8838887014982325 0.0
0.6633011056954329 -0.8844795501622613 0.0
0.6282893380350619 -0.88338067733849 0.0
0.5934943345047161 -0.8806902533150056 0.0
0.5590519866355337 -0.8765186545832884 0.0
0.5250884986180073 -0.8709873907334067 0.0
0.49171928950304317 -0.8642279184447099 0.0
0.4590480139985936 -0.856380354354559 0.0
0.42716571157991134 -0.8475920996228757 0.0
0.39615009230734755 -0.8380163899158688 0.0
0.36606496633656654 -0.8278107852989741 0.0
0.3369598226264905 -0.8171356151490299 0.0
0.3088695608152723 -0.8061523936626094 0.0
0.28181437865979486 -0.7950222218465172 0.0
0.25579981583573397 -0.7839041920245226 0.0
0.2308169532893088 -0.7729538108799199 0.0
0.20684276573496496 -0.7623214568765949 0.0
0.18384062332160392 -0.7521508875636933 0.0
0.16176093695963503 -0.742577811774134 0.0
0.1405419403277223 -0.7337285410800964 0.0
0.12011060017660852 -0.7257187340757798 0.0
0.10038364523212925 -0.7186522461271984 0.0
0.0812687027839093 -0.7126200961700005 0.0
0.06266553094263537 -0.70769956096 0.0
0.04446733356846949 -0.7039534058991969 0.0
0.026562144026132814 -0.7014292601856004 0.0
0.008834263217055735 -0.7001591425820256 0.0
-0.008834263217055252 -0.7001591425820256 0.0
-0.02656214402613264 -0.7014292601856003 0.0
-0.04446733356846899 -0.7039534058991966 0.0
-0.06266553094263519 -0.7076995609599999 0.0
-0.08126870278390912 -0.7126200961700005 0.0
-0.10038364523212871 -0.7186522461271981 0.0
-0.12011060017660831 -0.7257187340757798 0.0
-0.14054194032772213 -0.7337285410800964 0.0
-0.1617609369596345 -0.742577811774134 0.0
-0.1838406233216037 -0.7521508875636933 0.0
-0.2068427657349643 -0.7623214568765945 0.0
-0.2308169532893081 -0.7729538108799195 0.0
-0.2557998158357337 -0.7839041920245223 0.0
-0.2818143786597941 -0.7950222218465167 0.0
-0.30886956081527145 -0.8061523936626089 0.0
-0.3369598226264902 -0.8171356151490298 0.0
-0.3660649663365659 -0.8278107852989741 0.0
-0.3961500923073472 -0.8380163899158687 0.0
-0.42716571157991107 -0.8475920996228756 0.0
-0.45904801399859263 -0.8563803543545585 0.0
-0.49171928950304283 -0.8642279184447099 0.0
-0.5250884986180069 -0.8709873907334065 0.0
-0.5590519866355325 -0.876518654583288 0.0
-0.5934943345047158 -0.8806902533150055 0.0
-0.6282893380350608 -0.8833806773384899 0.0
-0.6633011056954317 -0.8844795501622611 0.0
-0.6983852640648708 -0.8838887014982326 0.0
-0.7333902588768886 -0.8815231168337946 0.0
-0.768158738606463 -0.8773117541046161 0.0
-0.8025290066891386 -0.8711982194577313 0.0
-0.8363365277431065 -0.8631412955312664 0.0
-0.8694154725952499 -0.8531153171799535 0.0
-0.9016002864967925 -0.8411103911291168 0.0
-0.932727264657646 -0.8271324576282105 0.0
-0.9626361191334176 -0.8112031937821425 0.0
-0.9911715211664174 -0.7933597598481198 0.0
-1.0181846033112119 -0.773654391381236 0.0
-1.0435344060639888 -0.752153841677271 0.0
-1.0670892542594361 -0.7289386804802094 0.0
-1.088728049193322 -0.7041024563794369 0.0
-1.1083414632666748 -0.677750731702528 0.0
-1.1258330249197699 -0.6500000000000006 0.0
-1.1411200827212176 -0.6209764974052948 0.0
-1.154134638688278 -0.5908149202243724 0.0
-1.164824042226687 -0.5596570620539603 0.0
-1.1731515374785697 -0.527650384535886 0.0
-1.1790966583411453 -0.4949465365190728 0.0
-1.1826554669520022 -0.46169983691372435 0.0
-1.183840633013115 -0.42806573687893296 0.0
-1.1826813529295093 -0.39419927718178815 0.0
-1.1792231093532768 -0.36025355660099256 0.0
-1.1735272733330837 -0.32637822712076425 0.0
-1.165670552857042 -0.2927180313727667 0.0
-1.1557442931267352 -0.2594113973378206 0.0
-1.1438536353965159 -0.22658910471990026 0.0
-1.1301165426397484 -0.19437303665853473 0.0
-1.1146627016479456 -0.16287502955976582 0.0
-1.0976323124160674 -0.1321958328094215 0.0
-1.079174776804968 -0.10242418899602691 0.0
-1.059447299488506 -0.07363604402572096 0.0
-1.0386134150778525 -0.04589389517088668 0.0
-1.0168414560600567 -0.019246283671520887 0.0
-0.9943029767843866 0.006272562981884509 0.0
-0.9711711491722645 0.03064293549770261 0.0
-0.9476191461103564 0.053859691957578316 0.0
-0.9238185286085416 0.0759321513082209 0.0
-0.8999376527639407 0.09688383236652488 0.0
-0.8761401123693291 0.11675204112527582 0.0
-0.8525832326410887 0.13558731070953645 0.0
-0.8294166300221291 0.15345269985214888 0.0
-0.8067808523442187 0.17042295721513423 0.0
-0.7848061128186575 0.18658356026729256 0.0
-0.7636111303725777 0.20202963872278426 0.0
-0.7433020877699743 0.21686479373777148 0.0
-0.7239717177628768 0.23119982514005008 0.0
-0.7056985262209189 0.2451513799190839 0.0
-0.6885461598002135 0.25884053602115087 0.0
-0.6725629242489651 0.27239133616809064 0.0
-0.6577814579224849 0.2859292869415276 0.0
-0.6442185635097718 0.29957983874203753 0.0
-0.6318751993735175 0.31346686244074745 0.0
-0.6207366302915212 0.327711138587188 0.0
-0.610772735776493 0.34242887492132396 0.0
-0.6019384725594374 0.3577302676607012 0.0
-0.5941744862653883 0.37371812159841195 0.0
-0.5874078658050482 0.39048654345844885 0.0
-0.5815530325671362 0.408119722217962 0.0
-0.5765127551385758 0.4266908092284725 0.0
-0.5721792790168363 0.446260909959107 0.0
-0.5684355596236047 0.46687819805462866 0.0
-0.5651565858931966 0.488577161161012 0.0
-0.562210780803242 0.5113779866340834 0.0
-0.5594614644483694 0.5352860938259215 0.0
-0.556768364637612 0.5602918181538099 0.0
-0.5539891595293486 0.5863702506126262 0.0
-0.5509810365084841 0.6134812348093864 0.0
-0.547602251362334 0.6415695219943673 0.0
-0.5437136718258168 0.6705650829530717 0.0
-0.5391802897428389 0.7003835740237527 0.0
-0.5338726864273742 0.7309269529324486 0.0
-0.5276684363011943 0.7620842386076471 0.0
-0.5204534345304458 0.7937324076652965 0.0
-0.512123135173671 0.8257374188568556 0.0
-0.5025836872813436 0.8579553554628248 0.0
-0.49175295744205016 0.8902336744049271 0.0
-0.47956142844231897 0.9224125497541747 0.0
-0.4659529649837898 0.9543262973407263 0.0
-0.4508854387699066 0.9858048663345166 0.0
-0.43433120672063463 1.0166753829716815 0.0
-0.4162774375830746 1.0467637310579971 0.0
-0.39672628376285957 1.0758961534923281 0.0
-0.3756948967900526 1.1039008588245154 0.0
-0.3532152864375968 1.1306096167955513 0.0
-0.32933402511393545 1.1558593269040325 0.0
-0.30411180073783356 1.1794935443007168 0.0
-0.2776228228564845 1.2013639477301086 0.0
-0.24995408827186347 1.2213317348099981 0.0
-0.2212045138796971 1.2392689306610742 0.0
-0.19148394578558423 1.255059596761843 0.0
-0.160912055029934 1.2686009279003083 0.0
-0.12961713141458175 1.2798042262131553 0.0
-0.09773478796725078 1.2885957425341683 0.0
-0.06540658949495681 1.2949173766038091 0.0
-0.032778619454543974 1.2987272291078216 0.0
0.0 1.3 0.0
