500
0.0 1.3 0.0
0.01636589260919016 1.299682949326945 0.0
0.0327130313233854 1.298732322468197 0.0
0.04902270962100059 1.2971496936603353 0.0
0.06527631560498423 1.2949376824852086 0.0
0.0814553790096822 1.2920999476621582 0.0
0.09754161784209005 1.288641178378892 0.0
0.11351698453707539 1.2845670831827147 0.0
0.12936371150739073 1.279884376459916 0.0
0.14506435597084114 1.2746007625371552 0.0
0.1606018439388146 1.2687249174446384 0.0
0.17595951325252118 1.2622664683867193 0.0
0.19112115555571732 1.255235970971302 0.0
0.20607105709540233 1.2476448842550227 0.0
0.22079403824496543 1.239505543666643 0.0
0.23527549164751885 1.2308311318763967 0.0
0.24950141888067368 1.2216356476841592 0.0
0.2634584655477856 1.2119338730042508 0.0
0.2771339547047129 1.2017413380294455 0.0
0.2905159185353756 1.1910742846612885 0.0
0.30359312819387163 1.1799496282981474 0.0
0.31635512173558566 1.168384918076519 0.0
0.3287922300646022 1.1563982956649528 0.0
0.3408956008297951 1.144008452713554 0.0
0.3526572202072047 1.1312345870653675 0.0
0.3640699325117046 1.1180963578390064 0.0
0.37512745758650584 1.1046138394946878 0.0
0.3858244059247131 1.0908074749983374 0.0
0.39615629148294607 1.0766980282006589 0.0
0.4061195421529241 1.0623065355499646 0.0
0.4157115078629005 1.04765425725921 0.0
0.4249304662868812 1.0327626280489766 0.0
0.43377562614567766 1.0176532075891682 0.0
0.44224712808999467 1.0023476307628831 0.0
0.45034604316193205 0.9868675578763142 0.0
0.4580743688374694 0.9712346249386054 0.0
0.46543502265868963 0.9554703941353578 0.0
0.4724318334706526 0.9395963046189284 0.0
0.47906953028396493 0.9236336237378036 0.0
0.48535372879016003 0.9076033988261664 0.0
0.49129091556301124 0.8915264096732932 0.0
0.49688842998482236 0.8754231217906508 0.0
0.5021544439425668 0.8593136405924798 0.0
0.5070979393444573 0.8432176666032934 0.0
0.5117286835131142 0.827154451803067 0.0
0.5160572025169411 0.8111427572179581 0.0
0.520094752506609 0.7952008118612005 0.0
0.5238532891286629 0.7793462731253449 0.0
0.527345435093207 0.7635961887232994 0.0
0.5305844459773651 0.7479669602716539 0.0
0.5335841743507471 0.7324743086055742 0.0
0.5363590323134743 0.7171332409101189 0.0
0.5389239525414004 0.7019580197481983 0.0
0.5412943479370175 0.6869621340605458 0.0
0.5434860699881373 0.672158272208047 0.0
0.5455153659397728 0.6575582971215599 0.0
0.5473988348877302 0.6431732236189864 0.0
0.5491533829052119 0.6290131979438432 0.0
0.5507961773162511 0.6150874795739109 0.0
0.5523446002320342 0.6014044253427712 0.0
0.5538162014680906 0.5879714759111546 0.0
0.5552286509619768 0.5747951446190434 0.0
0.5565996908124092 0.561881008743422 0.0
0.5579470870618244 0.5492337031804518 0.0
0.5592885813450681 0.5368569165646921 0.0
0.5606418425273161 0.5247533898317894 0.0
0.5620244184544212 0.5129249172248613 0.0
0.5634536879386701 0.5013723497385955 0.0
0.564946813102391 0.49009560098889404 0.0
0.5665206922010213 0.4790936554897469 0.0
0.5681919130460877 0.4683645793129065 0.0
0.5699767071470982 0.4579055330998999 0.0
0.5718909046895835 0.4477127873899501 0.0
0.573949890464474 0.43778174022150973 0.0
0.5761685608616456 0.42810693695935353 0.0
0.5785612820378343 0.41868209229354153 0.0
0.5811418493662037 0.4095001143510665 0.0
0.5839234482716623 0.40055313085565486 0.0
0.5869186165525732 0.3918325172660125 0.0
0.5901392082857937 0.3833289268178048 0.0
0.5935963594080242 0.37503232238985157 0.0
0.5973004550622535 0.36693201011041077 0.0
0.6012610987936782 0.35901667461503717 0.0
0.6054870836748278 0.35127441586333397 0.0
0.609986365434808 0.3436927874179899 0.0
0.614766037662534 0.3362588360858152 0.0
0.6198323091486334 0.3289591428170602 0.0
0.6251904834253189 0.3217798647561467 0.0
0.6308449405580197 0.31470677833405075 0.0
0.6367991212368959 0.3077253232899671 0.0
0.6430555132105799 0.3008206475075725 0.0
0.649615640098605 0.29397765254916675 0.0
0.6564800526129886 0.28718103976924914 0.0
0.6636483222133857 0.28041535688765185 0.0
0.6711190372140943 0.27366504490123655 0.0
0.6788898013550297 0.26691448521233757 0.0
0.686957234842578 0.2601480468516387 0.0
0.6953169778600098 0.25335013367297315 0.0
0.7039636965409339 0.24650523139765648 0.0
0.7128910913930395 0.23959795438639758 0.0
0.7220919081532231 0.23261309201756794 0.0
0.7315579510490496 0.2255356545516681 0.0
0.741280098435447 0.21835091836318066 0.0
0.7512483207695273 0.21104447042266125 0.0
0.761451700880546 0.203602251913879 0.0
0.7718784564862148 0.1960106008730628 0.0
0.7825159649009128 0.18825629373985572 0.0
0.7933507898758211 0.18032658571239285 0.0
0.8043687105056165 0.17220924980201774 0.0
0.8155547521311474 0.16389261448650597 0.0
0.8268932191624784 0.15536559986428625 0.0
0.83836772974184 0.14661775221601434 0.0
0.8499612521613739 0.1376392768839534 0.0
0.8616561429461324 0.12842106938395564 0.0
0.873434186508588 0.11895474466937794 0.0
0.8852766362769278 0.10923266447102753 0.0
0.8971642571957029 0.099247962642174 0.0
0.9090773694939114 0.08899456844279499 0.0
0.9209958936124043 0.07846722770251992 0.0
0.9328993961795705 0.067661521807179 0.0
0.9447671369215943 0.05657388445946459 0.0
0.9565781163912276 0.04520161616991607 0.0
0.9683111243969371 0.033542896440279066 0.0
0.9799447890125089 0.021596793607202184 0.0
0.9914576260457338 0.009363272320247787 0.0
1.0028280888436099 -0.0031568013657354817 0.0
1.014034618310658 -0.015961657297714676 0.0
1.0250556930163934 -0.029048620938715696 0.0
1.0358698792677556 -0.04241411549071003 0.0
1.0464558810223892 -0.05605366642145204 0.0
1.0567925895190537 -0.0699619083844165 0.0
1.0668591325021424 -0.08413259451483573 0.0
1.0766349229183072 -0.09855860807873627 0.0
1.0860997069645157 -0.11323197644584358 0.0
1.0952336113684704 -0.12814388735124146 0.0
1.1040171897842765 -0.14328470740481314 0.0
1.1124314681884353 -0.15864400280169996 0.0
1.1204579891637763 -0.17421056218137496 0.0
1.1280788549617211 -0.18997242157739688 0.0
1.1352767692363435 -0.20591689139453773 0.0
1.1420350773470374 -0.22203058534477174 0.0
1.148337805130193 -0.23829945126856086 0.0
1.15416969604414 -0.2547088037630364 0.0
1.1595162465956979 -0.27124335853400616 0.0
1.164363739961007 -0.2878872683842937 0.0
1.1686992777178449 -0.304624160746682 0.0
1.1725108096113892 -0.3214371766657554 0.0
1.1757871612803272 -0.3383090111291949 0.0
1.1785180598753537 -0.3552219546455823 0.0
1.1806941575073855 -0.37215793596255425 0.0
1.1823070524682913 -0.3890985658161772 0.0
1.183349308172528 -0.40602518159974604 0.0
1.1838144697738113 -0.42291889283780737 0.0
1.1836970784167926 -0.4397606273490999 0.0
1.1829926830896593 -0.4565311779803115 0.0
1.1816978500496074 -0.47321124979102175 0.0
1.1798101697992338 -0.4897815075690166 0.0
1.1773282615980585 -0.506222623554249 0.0
1.1742517754995685 -0.5225153252491431 0.0
1.1705813919103993 -0.5386404431926619 0.0
1.166318818674499 -0.5545789585755896 0.0
1.1614667856913208 -0.5703120505748356 0.0
1.1560290370832977 -0.5858211432852315 0.0
1.1500103209339934 -0.6010879521282426 0.0
1.1434163766244243 -0.6160945296183166 0.0
1.136253919801074 -0.6308233103691518 0.0
1.1285306250150549 -0.6452571552240679 0.0
1.1202551060777233 -0.6593793943968153 0.0
1.1114368941837567 -0.6731738695116399 0.0
1.102086413858314 -0.6866249744341717 0.0
1.0922149567903354 -0.6997176947877108 0.0
1.0818346536193308 -0.7124376460528029 0.0
1.0709584437481254 -0.7247711101515303 0.0
1.0596000432589594 -0.736705070421769 0.0
1.0477739110150823 -0.7482272448906911 0.0
1.035495213034506 -0.759326117761085 0.0
1.0227797852268805 -0.7699909690285669 0.0
1.0096440945885463 -0.7802119021524523 0.0
0.9961051989546399 -0.7899798697079824 0.0
0.9821807054107144 -0.7992866969526751 0.0
0.9678887274696603 -0.8081251032448524 0.0
0.9532478411227641 -0.8164887212578 0.0
0.9382770398765276 -0.8243721139385997 0.0
0.9229956888893405 -0.8317707891663654 0.0
0.9074234783243392 -0.8386812120704308 0.0
0.8915803760366593 -0.8451008149749568 0.0
0.8754865797149228 -0.8510280049424285 0.0
0.8591624685980848 -0.8564621688945863 0.0
0.8426285548897857 -0.8614036762954765 0.0
0.8259054349930222 -0.8658538793874616 0.0
0.8090137406883315 -0.86981511097725 0.0
0.7919740903787593 -0.8732906797751931 0.0
0.774807040524614 -0.8762848632973095 0.0
0.7575330373904674 -0.8788028983456673 0.0
0.7401723692259718 -0.8808509690889018 0.0
0.7227451190009061 -0.8824361927707253 0.0
0.7052711178133644 -0.88356660308031 0.0
0.687769899088213 -0.8842511312243565 0.0
0.6702606536808761 -0.8844995847464895 0.0
0.6527621859991207 -0.884322624145355 0.0
0.6352928712528606 -0.8837317373483673 0.0
0.6178706139390554 -0.8827392121035228 0.0
0.6005128076655843 -0.8813581063569722 0.0
0.5832362964144946 -0.8796022166891785 0.0
0.5660573373412907 -0.877486044887418 0.0
0.5489915652029875 -0.875024762737133 0.0
0.5320539585034154 -0.8722341751191733 0.0
0.5152588074398633 -0.8691306815042884 0.0
0.49861968373048443 -0.8657312359403132 0.0
0.4821494123970682 -0.8620533056313403 0.0
0.46586004557274313 -0.8581148282117664 0.0
0.44976283839896203 -0.8539341678214369 0.0
0.43386822707077816 -0.8495300700911833 0.0
0.41818580908388203 -0.8449216161508393 0.0
0.4027243257312358 -0.8401281757743367 0.0
0.387491646891355 -0.835169359778693 0.0
0.3724947581444364 -0.8300649717956465 0.0
0.3577397502465384 -0.8248349595362966 0.0
0.34323181098599803 -0.8194993656704627 0.0
0.32897521944015656 -0.8140782784434536 0.0
0.31497334264432786 -0.8085917821536772 0.0
0.30122863467876265 -0.8030599076148958 0.0
0.2877426381731705 -0.7975025827270156 0.0
0.2745159882221915 -0.7919395832790775 0.0
0.26154841869902395 -0.7863904841075572 0.0
0.24883877094828794 -0.7808746107322385 0.0
0.2363850048331285 -0.7754109915907592 0.0
0.22418421210552866 -0.7700183109914482 0.0
0.21223263206287823 -0.7647148629023169 0.0
0.20052566944798425 -0.7595185056919762 0.0
0.18905791454399637 -0.754446617935912 0.0
0.17782316541009546 -0.7495160553988823 0.0
0.16681445219832677 -0.7447431093012779 0.0
0.15602406348665293 -0.7401434659740871 0.0
0.1454435745581375 -0.735732168003634 0.0
0.1350638775512122 -0.731523576963543 0.0
0.12487521340118786 -0.7275313378274045 0.0
0.11486720548861219 -0.7237683451514233 0.0
0.10502889490570545 -0.7202467111118875 0.0
0.09534877724797489 -0.716977735477659 0.0
0.08581484083422526 -0.7139718775930365 0.0
0.07641460625452245 -0.7112387304412988 0.0
0.0671351671422879 -0.7087869968540268 0.0
0.0579632320635661 -0.7066244679259114 0.0
0.04888516741366855 -0.7047580036892339 0.0
0.039887041208815685 -0.7031935160965278 0.0
0.03095466765811463 -0.7019359543541379 0.0
0.022073652399227768 -0.7009892926435022 0.0
0.013229438279381753 -0.700356520260978 0.0
0.004407351561983756 -0.7000396342009677 0.0
-0.004407351561983274 -0.7000396342009677 0.0
-0.013229438279381582 -0.700356520260978 0.0
-0.022073652399227286 -0.7009892926435022 0.0
-0.030954667658114138 -0.7019359543541378 0.0
-0.0398870412088152 -0.7031935160965278 0.0
-0.04888516741366838 -0.7047580036892338 0.0
-0.0579632320635656 -0.7066244679259112 0.0
-0.06713516714228739 -0.7087869968540267 0.0
-0.07641460625452227 -0.7112387304412988 0.0
-0.08581484083422472 -0.7139718775930363 0.0
-0.09534877724797436 -0.7169777354776586 0.0
-0.10502889490570494 -0.7202467111118874 0.0
-0.11486720548861203 -0.7237683451514234 0.0
-0.12487521340118728 -0.7275313378274042 0.0
-0.13506387755121163 -0.7315235769635425 0.0
-0.1454435745581373 -0.7357321680036338 0.0
-0.15602406348665235 -0.740143465974087 0.0
-0.16681445219832622 -0.7447431093012777 0.0
-0.17782316541009485 -0.749516055398882 0.0
-0.18905791454399615 -0.7544466179359117 0.0
-0.2005256694479836 -0.759518505691976 0.0
-0.21223263206287768 -0.764714862902317 0.0
-0.22418421210552844 -0.7700183109914482 0.0
-0.2363850048331278 -0.7754109915907589 0.0
-0.24883877094828727 -0.7808746107322382 0.0
-0.26154841869902323 -0.7863904841075567 0.0
-0.27451598822219125 -0.7919395832790774 0.0
-0.28774263817316975 -0.7975025827270151 0.0
-0.3012286346787619 -0.8030599076148953 0.0
-0.3149733426443276 -0.808591782153677 0.0
-0.3289752194401557 -0.814078278443453 0.0
-0.34323181098599714 -0.8194993656704622 0.0
-0.35773975024653765 -0.8248349595362962 0.0
-0.3724947581444361 -0.8300649717956464 0.0
-0.38749164689135435 -0.835169359778693 0.0
-0.4027243257312349 -0.8401281757743363 0.0
-0.41818580908388175 -0.8449216161508392 0.0
-0.4338682270707772 -0.849530070091183 0.0
-0.4497628383989613 -0.853934167821437 0.0
-0.46586004557274235 -0.8581148282117663 0.0
-0.4821494123970679 -0.8620533056313402 0.0
-0.49861968373048343 -0.8657312359403129 0.0
-0.5152588074398624 -0.8691306815042881 0.0
-0.5320539585034151 -0.8722341751191733 0.0
-0.5489915652029865 -0.8750247627371328 0.0
-0.5660573373412898 -0.877486044887418 0.0
-0.5832362964144936 -0.8796022166891783 0.0
-0.600512807665584 -0.8813581063569721 0.0
-0.6178706139390544 -0.8827392121035227 0.0
-0.6352928712528596 -0.8837317373483672 0.0
-0.6527621859991205 -0.8843226241453551 0.0
-0.6702606536808752 -0.8844995847464897 0.0
-0.6877698990882117 -0.8842511312243563 0.0
-0.7052711178133634 -0.88356660308031 0.0
-0.7227451190009058 -0.8824361927707252 0.0
-0.7401723692259711 -0.8808509690889021 0.0
-0.7575330373904665 -0.8788028983456675 0.0
-0.7748070405246137 -0.8762848632973096 0.0
-0.7919740903787583 -0.8732906797751931 0.0
-0.8090137406883304 -0.8698151109772501 0.0
-0.8259054349930214 -0.8658538793874619 0.0
-0.8426285548897852 -0.8614036762954765 0.0
-0.859162468598084 -0.8564621688945867 0.0
-0.8754865797149219 -0.8510280049424287 0.0
-0.891580376036659 -0.8451008149749571 0.0
-0.9074234783243382 -0.838681212070431 0.0
-0.9229956888893396 -0.8317707891663656 0.0
-0.9382770398765268 -0.8243721139386002 0.0
-0.9532478411227634 -0.8164887212578006 0.0
-0.9678887274696593 -0.8081251032448529 0.0
-0.9821807054107143 -0.7992866969526754 0.0
-0.9961051989546391 -0.7899798697079828 0.0
-1.0096440945885456 -0.7802119021524528 0.0
-1.0227797852268803 -0.7699909690285669 0.0
-1.0354952130345052 -0.7593261177610856 0.0
-1.047773911015082 -0.7482272448906914 0.0
-1.0596000432589583 -0.7367050704217702 0.0
-1.0709584437481248 -0.724771110151531 0.0
-1.0818346536193304 -0.712437646052803 0.0
-1.0922149567903343 -0.699717694787712 0.0
-1.1020864138583133 -0.6866249744341724 0.0
-1.1114368941837565 -0.6731738695116403 0.0
-1.1202551060777226 -0.6593793943968159 0.0
-1.1285306250150544 -0.6452571552240687 0.0
-1.1362539198010737 -0.6308233103691522 0.0
-1.143416376624424 -0.6160945296183175 0.0
-1.1500103209339931 -0.6010879521282435 0.0
-1.1560290370832977 -0.5858211432852318 0.0
-1.1614667856913206 -0.5703120505748365 0.0
-1.1663188186744988 -0.5545789585755898 0.0
-1.1705813919103993 -0.5386404431926635 0.0
-1.1742517754995683 -0.5225153252491441 0.0
-1.1773282615980585 -0.5062226235542494 0.0
-1.1798101697992338 -0.4897815075690179 0.0
-1.181697850049607 -0.4732112497910225 0.0
-1.1829926830896595 -0.45653117798031195 0.0
-1.1836970784167928 -0.43976062734910115 0.0
-1.183814469773811 -0.422918892837808 0.0
-1.1833493081725281 -0.4060251815997465 0.0
-1.1823070524682913 -0.3890985658161781 0.0
-1.180694157507386 -0.372157935962555 0.0
-1.1785180598753535 -0.3552219546455826 0.0
-1.1757871612803277 -0.3383090111291959 0.0
-1.1725108096113894 -0.32143717666575605 0.0
-1.168699277717845 -0.30462416074668314 0.0
-1.1643637399610074 -0.2878872683842947 0.0
-1.1595162465956979 -0.2712433585340065 0.0
-1.1541696960441405 -0.2547088037630376 0.0
-1.1483378051301933 -0.2382994512685618 0.0
-1.1420350773470374 -0.22203058534477202 0.0
-1.1352767692363441 -0.20591689139453886 0.0
-1.1280788549617211 -0.18997242157739744 0.0
-1.1204579891637767 -0.17421056218137532 0.0
-1.1124314681884357 -0.15864400280170082 0.0
-1.104017189784277 -0.1432847074048137 0.0
-1.0952336113684706 -0.12814388735124174 0.0
-1.0860997069645157 -0.11323197644584436 0.0
-1.0766349229183079 -0.09855860807873684 0.0
-1.066859132502143 -0.08413259451483675 0.0
-1.0567925895190546 -0.06996190838441729 0.0
-1.0464558810223894 -0.05605366642145231 0.0
-1.035869879267756 -0.04241411549071099 0.0
-1.0250556930163943 -0.029048620938716428 0.0
-1.014034618310658 -0.015961657297714923 0.0
-1.0028280888436105 -0.0031568013657363976 0.0
-0.9914576260457344 0.009363272320247328 0.0
-0.9799447890125091 0.021596793607201948 0.0
-0.9683111243969378 0.03354289644027842 0.0
-0.9565781163912279 0.04520161616991563 0.0
-0.9447671369215948 0.05657388445946438 0.0
-0.9328993961795713 0.06766152180717841 0.0
-0.9209958936124049 0.07846722770251954 0.0
-0.9090773694939124 0.08899456844279426 0.0
-0.8971642571957031 0.09924796264217342 0.0
-0.8852766362769283 0.10923266447102738 0.0
-0.8734341865085888 0.11895474466937725 0.0
-0.8616561429461332 0.12842106938395514 0.0
-0.8499612521613741 0.1376392768839532 0.0
-0.8383677297418405 0.14661775221601367 0.0
-0.826893219162479 0.155365599864286 0.0
-0.8155547521311474 0.16389261448650577 0.0
-0.8043687105056172 0.1722092498020173 0.0
-0.7933507898758216 0.1803265857123926 0.0
-0.7825159649009129 0.18825629373985556 0.0
-0.7718784564862157 0.1960106008730624 0.0
-0.7614517008805461 0.20360225191387868 0.0
-0.751248320769528 0.21104447042266072 0.0
-0.7412800984354475 0.21835091836318024 0.0
-0.7315579510490499 0.225535654551668 0.0
-0.7220919081532238 0.23261309201756744 0.0
-0.7128910913930399 0.23959795438639717 0.0
-0.7039636965409343 0.2465052313976564 0.0
-0.6953169778600105 0.25335013367297265 0.0
-0.6869572348425783 0.2601480468516385 0.0
-0.6788898013550301 0.26691448521233746 0.0
-0.6711190372140945 0.2736650449012361 0.0
-0.6636483222133861 0.2804153568876517 0.0
-0.6564800526129886 0.2871810397692489 0.0
-0.6496156400986054 0.29397765254916636 0.0
-0.6430555132105802 0.30082064750757226 0.0
-0.6367991212368964 0.3077253232899666 0.0
-0.63084494055802 0.3147067783340504 0.0
-0.6251904834253189 0.32177986475614656 0.0
-0.6198323091486337 0.32895914281705957 0.0
-0.6147660376625342 0.3362588360858148 0.0
-0.6099863654348081 0.34369278741798975 0.0
-0.6054870836748282 0.3512744158633334 0.0
-0.6012610987936784 0.3590166746150369 0.0
-0.5973004550622536 0.3669320101104106 0.0
-0.5935963594080242 0.37503232238985096 0.0
-0.5901392082857939 0.38332892681780456 0.0
-0.5869186165525732 0.39183251726601237 0.0
-0.5839234482716624 0.4005531308556544 0.0
-0.5811418493662037 0.40950011435106615 0.0
-0.5785612820378345 0.4186820922935408 0.0
-0.5761685608616455 0.4281069369593529 0.0
-0.5739498904644739 0.43778174022150945 0.0
-0.5718909046895837 0.44771278738994946 0.0
-0.5699767071470982 0.4579055330998993 0.0
-0.568191913046088 0.4683645793129063 0.0
-0.5665206922010216 0.4790936554897464 0.0
-0.564946813102391 0.4900956009888936 0.0
-0.56345368793867 0.501372349738595 0.0
-0.5620244184544213 0.5129249172248604 0.0
-0.5606418425273162 0.524753389831789 0.0
-0.559288581345068 0.5368569165646919 0.0
-0.5579470870618244 0.5492337031804512 0.0
-0.5565996908124096 0.5618810087434217 0.0
-0.5552286509619768 0.5747951446190424 0.0
-0.5538162014680909 0.587971475911154 0.0
-0.5523446002320342 0.6014044253427705 0.0
-0.5507961773162512 0.6150874795739099 0.0
-0.5491533829052117 0.6290131979438423 0.0
-0.5473988348877302 0.6431732236189861 0.0
-0.545515365939773 0.6575582971215591 0.0
-0.5434860699881371 0.6721582722080464 0.0
-0.5412943479370177 0.6869621340605456 0.0
-0.5389239525414007 0.7019580197481977 0.0
-0.5363590323134744 0.7171332409101183 0.0
-0.5335841743507468 0.7324743086055735 0.0
-0.5305844459773651 0.7479669602716528 0.0
-0.5273454350932073 0.763596188723299 0.0
-0.5238532891286629 0.7793462731253433 0.0
-0.5200947525066093 0.7952008118611996 0.0
-0.5160572025169415 0.811142757217958 0.0
-0.5117286835131144 0.8271544518030656 0.0
-0.5070979393444577 0.8432176666032929 0.0
-0.5021544439425668 0.8593136405924793 0.0
-0.49688842998482274 0.87542312179065 0.0
-0.49129091556301124 0.8915264096732922 0.0
-0.4853537287901601 0.907603398826166 0.0
-0.47906953028396543 0.9236336237378029 0.0
-0.4724318334706527 0.9395963046189276 0.0
-0.46543502265868986 0.9554703941353581 0.0
-0.45807436883747005 0.971234624938605 0.0
-0.45034604316193216 0.9868675578763138 0.0
-0.44224712808999544 1.0023476307628822 0.0
-0.433775626145678 1.017653207589167 0.0
-0.4249304662868814 1.0327626280489763 0.0
-0.41571150786290095 1.0476542572592085 0.0
-0.4061195421529246 1.062306535549964 0.0
-0.3961562914829464 1.0766980282006589 0.0
-0.38582440592471373 1.0908074749983363 0.0
-0.37512745758650634 1.1046138394946874 0.0
-0.3640699325117048 1.1180963578390062 0.0
-0.3526572202072053 1.1312345870653668 0.0
-0.3408956008297954 1.1440084527135532 0.0
-0.32879223006460223 1.1563982956649526 0.0
-0.31635512173558644 1.1683849180765187 0.0
-0.3035931281938719 1.179949628298147 0.0
-0.2905159185353766 1.1910742846612878 0.0
-0.2771339547047137 1.2017413380294453 0.0
-0.26345846554778596 1.2119338730042506 0.0
-0.2495014188806747 1.2216356476841586 0.0
-0.23527549164751946 1.2308311318763963 0.0
-0.2207940382449657 1.2395055436666427 0.0
-0.20607105709540327 1.2476448842550216 0.0
-0.1911211555557179 1.2552359709713017 0.0
-0.17595951325252143 1.2622664683867193 0.0
-0.1606018439388155 1.268724917444638 0.0
-0.14506435597084172 1.2746007625371552 0.0
-0.12936371150739087 1.2798843764599155 0.0
-0.11351698453707626 1.2845670831827145 0.0
-0.09754161784209052 1.2886411783788918 0.0
-0.0814553790096834 1.292099947662158 0.0
-0.06527631560498504 1.2949376824852086 0.0
-0.049022709621000984 1.2971496936603353 0.0
-0.032713031323386536 1.298732322468197 0.0
-0.016365892609190896 1.299682949326945 0.0
0.0 1.3 0.0
