600
0.0 1.3 0.0
0.013631718301698516 1.2995159915188357 0.0
0.02723600020209825 1.2980653804593445 0.0
0.040785537857072215 1.2956524049073697 0.0
0.05425327998539695 1.2922841114712718 0.0
0.06761255877386312 1.2879703300468384 0.0
0.0808372151370928 1.2827236386218557 0.0
0.09390172179413174 1.2765593182534039 0.0
0.10678130363283066 1.2694952983880905 0.0
0.11945205484414291 1.261552092731893 0.0
0.13189105232170498 1.2527527259119717 0.0
0.14407646483737424 1.2431226512075289 0.0
0.1559876575207177 1.2326896596604722 0.0
0.16760529118970244 1.2214837809090777 0.0
0.17891141610095998 1.2095371761189817 0.0
0.18988955971089302 1.1968840234155123 0.0
0.20052480806347717 1.1835603962494687 0.0
0.210803880446779 1.169604135154914 0.0
0.22071519698786254 1.155054713382187 0.0
0.23024893888477618 1.139953096912157 0.0
0.23939710100458625 1.1243415993785577 0.0
0.24815353660782768 1.1082637324440467 0.0
0.2565139939921521 1.0917640521923215 0.0
0.26447614488123766 1.0748880021131295 0.0
0.2720396044190495 1.0576817532693075 0.0
0.27920594266416576 1.040192042244975 0.0
0.2859786875139777 1.022466007481722 0.0
0.29236331902398394 1.0045510246149676 0.0
0.2983672551229906 0.9864945414256724 0.0
0.3039998287606617 0.9683439130231988 0.0
0.3092722565593775 0.9501462378733665 0.0
0.3141975990776353 0.9319481952816376 0.0
0.3187907128270947 0.913795884934901 0.0
0.32306819421971306 0.8957346690965469 0.0
0.32704831565508075 0.8778090180384619 0.0
0.33075095399092197 0.8600623592802671 0.0
0.3341975116716365 0.8425369311906384 0.0
0.3374108308205991 0.8252736414879368 0.0
0.340415100631571 0.8083119311577126 0.0
0.34323575842290177 0.791689644283008 0.0
0.3458993847450868 0.7754429042598622 0.0
0.34843359295758924 0.7596059968450922 0.0
0.35086691371453366 0.7442112604564166 0.0
0.3532286748208295 0.7292889841163759 0.0
0.35554887694040416 0.7148673134014331 0.0
0.35785806565642325 0.7009721647261948 0.0
0.3601872003995892 0.6876271482600346 0.0
0.36256752077475474 0.6748534997396177 0.0
0.36503041082812354 0.6626700214061032 0.0
0.36760726180716863 0.6510930322602059 0.0
0.3703293339730512 0.6401363277920464 0.0
0.37322761803072885 0.6298111493058937 0.0
0.37633269674507747 0.6201261629226744 0.0
0.37967460731220465 0.611087448305645 0.0
0.3832827050536956 0.6026984971170131 0.0
0.3871855289978044 0.5949602211757348 0.0
0.39141066990560663 0.5878709702493274 0.0
0.3959846412918699 0.5814265593754705 0.0
0.40093275397992556 0.5756203055725937 0.0
0.406278994717154 0.5704430737626636 0.0
0.41204590936290164 0.5658833316941735 0.0
0.4182544911437611 0.5619272136190084 0.0
0.42492407445224883 0.5585585924435583 0.0
0.4320722346440755 0.5557591600423101 0.0
0.4397146942664956 0.5535085153912803 0.0
0.44786523612574913 0.5517842601491862 0.0
0.4565356235754442 0.5505621012863016 0.0
0.46573552837999627 0.5498159603346109 0.0
0.4754724664780353 0.5495180888082724 0.0
0.48575174194012755 0.5496391893206063 0.0
0.49657639938336623 0.5501485419029419 0.0
0.5079471850724772 0.5510141350117588 0.0
0.5198625169032006 0.5522028006937111 0.0
0.5323184634289679 0.553680353363403 0.0
0.5453087320564548 0.5554117316362362 0.0
0.5588246664995645 0.5573611426483223 0.0
0.5728552535449538 0.55949220828739 0.0
0.5873871391454771 0.5617681127528402 0.0
0.6024046538210523 0.5641517508596307 0.0
0.6178898473095825 0.5666058764995231 0.0
0.6338225323738556 0.5690932506744024 0.0
0.6501803376339171 0.571576788519847 0.0
0.6669387692584423 0.5740197047429242 0.0
0.6840712813132366 0.576385656906221 0.0
0.7015493545303233 0.5786388860004068 0.0
0.7193425832272821 0.5807443537601024 0.0
0.7374187700736813 0.5826678761924328 0.0
0.7557440283697856 0.5843762528043392 0.0
0.7742828914722829 0.5858373910334184 0.0
0.7929984289727384 0.5870204254076852 0.0
0.8118523692069258 0.5878958309821356 0.0
0.8308052276472423 0.5884355306242119 0.0
0.8498164407061626 0.5886129957461621 0.0
0.8688445044562664 0.5884033401097214 0.0
0.8878471177518173 0.5877834063574252 0.0
0.9067813292183324 0.5867318449550588 0.0
0.925603687560053 0.5852291852611525 0.0
0.9442703946208645 0.5832578984719076 0.0
0.9627374606220039 0.5808024522233549 0.0
0.9809608609899217 0.5778493566667772 0.0
0.9988966941799772 0.5743872018683236 0.0
1.0165013398962521 0.570406686419173 0.0
1.0337316171047142 0.5659006371784241 0.0
1.0505449412362449 0.5608640201069492 0.0
1.066899479977697 0.5552939421866168 0.0
1.0827543070531103 0.5491896444553985 0.0
1.098069553403563 0.5425524862248222 0.0
1.1128065551827466 0.5353859205818116 0.0
1.1269279979962763 0.5276954613120954 0.0
1.1403980568258973 0.519488641416866 0.0
1.1531825310951007 0.5107749634281279 0.0
1.1652489743501293 0.501565841761053 0.0
1.1765668180499167 0.4918745373734997 0.0
1.1871074889800275 0.4817160850335765 0.0
1.1968445198291282 0.47110721352556056 0.0
1.205753652491792 0.46006625915254906 0.0
1.21381293368843 0.4486130729207815 0.0
1.221002802521767 0.436768921815537 0.0
1.227306169619412 0.424556384601782 0.0
1.23270848754359 0.4119992426042077 0.0
1.2371978121819005 0.39912236594091505 0.0
1.240764854866918 0.38595159570263743 0.0
1.2434030250074002 0.37251362258503135 0.0
1.245108463049712 0.3588358624951017 0.0
1.245880063624646 0.3449463296642433 0.0
1.2457194887720056 0.33087350780960795 0.0
1.2446311711729403 0.3166462198925234 0.0
1.2426223073579725 0.3022934970274601 0.0
1.2397028408967425 0.28784444709756335 0.0
1.2358854356136277 0.2733281236330099 0.0
1.2311854389113617 0.25877339550643047 0.0
1.2256208353224793 0.24420881799536454 0.0
1.219212190445677 0.22966250575519623 0.0
1.2119825854608746 0.21516200823729878 0.0
1.2039575424527342 0.20073418807620774 0.0
1.195164940807516 0.18640510295662657 0.0
1.1856349249822622 0.17219989145595346 0.0
1.1753998039783065 0.15814266334091023 0.0
1.1644939428828418 0.14425639477779184 0.0
1.1529536468726345 0.13056282889493448 0.0
1.1408170381028389 0.11708238211329522 0.0
1.1281239259311213 0.10383405663665239 0.0
1.1149156709528183 0.09083535946695075 0.0
1.1012350433465994 0.07810222828287045 0.0
1.087126076051882 0.06564896449085893 0.0
1.072633913319086 0.053488173727791154 0.0
1.0578046551915419 0.041630714063209395 0.0
1.0426851984934697 0.030085652116877436 0.0
1.027323074911859 0.018860227274296086 0.0
1.0117662867712016 0.007959824148991828 0.0
0.9960631411089081 -0.002612046594033071 0.0
0.9802620826657279 -0.012853758974204823 0.0
0.9644115264096674 -0.022765573946364533 0.0
0.9485596902136838 -0.032349633157962715 0.0
0.9327544283068318 -0.04160994423901989 0.0
0.9170430661155766 -0.05055235768673631 0.0
0.9014722371066353 -0.05918453544170627 0.0
0.8860877222350267 -0.06751591128737819 0.0
0.8709342925910171 -0.0755576432385431 0.0
0.8560555558273532 -0.08332255811811773 0.0
0.8414938069336826 -0.09082508855415397 0.0
0.8272898839083702 -0.09808120266073805 0.0
0.8134830288591393 -0.1051083266971046 0.0
0.8001107550431436 -0.11192526102875942 0.0
0.7872087203342973 -0.11855208974256409 0.0
0.774810607581066 -0.1250100842944624 0.0
0.7629480122915007 -0.13132160159372733 0.0
0.7516503380542414 -0.1375099769511634 0.0
0.7409447000745831 -0.1435994123405224 0.0
0.7308558371736366 -0.14961486044239236 0.0
0.7214060325662348 -0.15558190495791613 0.0
0.7126150436996591 -0.16152663769581213 0.0
0.7045000414006205 -0.16747553295024623 0.0
0.6970755585423752 -0.1734553196990689 0.0
0.6903534484074957 -0.17949285216175387 0.0
0.6843428528848264 -0.18561497926399664 0.0
0.6790501806016517 -0.19184841356133037 0.0
0.6744790950542456 -0.19821960017726592 0.0
0.6706305127619161 -0.20475458631235066 0.0
0.6675026114315158 -0.21147889187915894 0.0
0.6650908480813706 -0.21841738181457973 0.0
0.663387987035757 -0.22559414061487199 0.0
0.6623841376636467 -0.23303234963083033 0.0
0.6620668016985384 -0.24075416765007987 0.0
0.6624209299399713 -0.24878061528103404 0.0
0.6634289881018993 -0.2571314636384582 0.0
0.6650710315386424 -0.26582512781393286 0.0
0.6673247885457391 -0.27487856559588053 0.0
0.6701657519008514 -0.2843071818832648 0.0
0.6735672782790357 -0.2941247392146949 0.0
0.6775006951472972 -0.30434327481053636 0.0
0.68193541471553 -0.31497302449985454 0.0
0.6868390544947981 -0.3260223538766876 0.0
0.6921775639895307 -0.33749769700138815 0.0
0.6979153570277099 -0.349403502932673 0.0
0.704015449212566 -0.36174219034473265 0.0
0.7104395999607795 -0.3745141104513688 0.0
0.7171484585757679 -0.38771751842580177 0.0
0.7241017137903756 -0.40134855347063575 0.0
0.7312582462012561 -0.41540122765764054 0.0
0.7385762830074436 -0.429867423621624 0.0
0.746013554458147 -0.4447369011568929 0.0
0.7535274514096326 -0.4599973127287531 0.0
0.7610751833882552 -0.4756342278763422 0.0
0.7686139365562314 -0.49163116644695654 0.0
0.7761010309786316 -0.5079696405660719 0.0
0.7834940765943077 -0.524629205211632 0.0
0.7907511272999926 -0.5415875172259674 0.0
0.7978308325656713 -0.5588204025641608 0.0
0.8046925860103982 -0.5763019315438108 0.0
0.8112966703810383 -0.594004501828196 0.0
0.8176043983918629 -0.6118989288428788 0.0
0.823578248900473 -0.6299545432949765 0.0
0.8291819979150752 -0.6481392954347743 0.0
0.8343808439496475 -0.666419865671177 0.0
0.8391415272668675 -0.6847617811258268 0.0
0.8434324425737932 -0.7031295376856399 0.0
0.8472237447620506 -0.7214867270901522 0.0
0.8504874473125882 -0.7397961685684953 0.0
0.8531975130148179 -0.758020044521161 0.0
0.855329936681022 -0.7761200397239971 0.0
0.8568628195691637 -0.7940574835162373 0.0
0.8577764352605678 -0.8117934944207931 0.0
0.8580532867731803 -0.8292891266336779 0.0
0.8576781547261747 -0.8465055178102442 0.0
0.8566381364073706 -0.8634040375690079 0.0
0.8549226756311439 -0.8799464361291955 0.0
0.8525235833111015 -0.896094992495827 0.0
0.8494350487085951 -0.9118126616061253 0.0
0.8456536413550472 -0.9270632198533703 0.0
0.8411783036828747 -0.9418114084089257 0.0
0.8360103344364123 -0.9560230737700963 0.0
0.8301533629704851 -0.9696653049706776 0.0
0.8236133145800302 -0.9827065669024934 0.0
0.8163983670392776 -0.9951168292098672 0.0
0.8085188985633304 -1.006867690234755 0.0
0.7999874274383918 -1.017932495508161 0.0
0.7908185435992643 -1.0282864503033387 0.0
0.7810288324639287 -1.0379067257881516 0.0
0.7706367913649171 -1.0467725583376617 0.0
0.7596627389456748 -1.0548653415934943 0.0
0.7481287179170673 -1.0621687108837017 0.0
0.7360583915945197 -1.0686686196455402 0.0
0.7234769346598843 -1.074353407523787 0.0
0.7104109186139027 -1.0792138598487218 0.0
0.6968881924050263 -1.0832432582306428 0.0
0.6829377587382423 -1.0864374220416277 0.0
0.6685896465834101 -1.0887947405900216 0.0
0.653874780416349 -1.0903161958287548 0.0
0.6388248467374976 -1.0910053754749047 0.0
0.6234721584223353 -1.0908684764547272 0.0
0.6078495174648819 -1.0899142986256607 0.0
0.5919900766804719 -1.0881542287642678 0.0
0.5759272009365644 -1.0856022148467055 0.0
0.5596943284806545 -1.0822747306858664 0.0
0.5433248329323506 -1.078190731026707 0.0
0.5268518865024112 -1.0733715972383284 0.0
0.5103083249950013 -1.0678410737779276 0.0
0.4937265151406672 -1.0616251956376843 0.0
0.47713822479657936 -1.0547522070208162 0.0
0.4605744965374928 -1.0472524715273177 0.0
0.4440655251456873 -1.0391583741631194 0.0
0.4276405394909377 -1.0305042155184874 0.0
0.41132768927239194 -1.0213260984922437 0.0
0.39515393707318863 -1.0116618079677455 0.0
0.3791449561558149 -1.0015506838743966 0.0
0.36332503440165553 -0.9910334880946267 0.0
0.3477169847720825 -0.9801522657007307 0.0
0.33234206264078775 -0.9689502010285432 0.0
0.3172198903180834 -0.9574714691155802 0.0
0.30236838905763297 -0.9457610830499403 0.0
0.28780371880468664 -0.9338647377928025 0.0
0.27354022591249455 -0.921828651051766 0.0
0.2595903990202944 -0.9096994017944666 0.0
0.24596483325225071 -0.8975237670018288 0.0
0.23267220286209855 -0.885348557267942 0.0
0.21971924241315405 -0.8732204518588339 0.0
0.20711073654794362 -0.8611858338453547 0.0
0.1948495183661101 -0.8492906259259488 0.0
0.18293647639362579 -0.8375801275532799 0.0
0.17137057009082554 -0.826098853974514 0.0
0.16014885381149063 -0.814890377788511 0.0
0.14926650909035802 -0.8039971736143566 0.0
0.13871688510206576 -0.7934604664544807 0.0
0.1284915471008873 -0.7833200843222248 0.0
0.11858033261773876 -0.7736143156881042 0.0
0.10897141515902155 -0.764379772281267 0.0
0.09965137512100848 -0.7556512577628195 0.0
0.09060527760381802 -0.7474616427658716 0.0
0.08181675678067352 -0.7398417467734095 0.0
0.07326810645121958 -0.7328202272795462 0.0
0.06494037638227963 -0.7264234766524067 0.0
0.0568134740156861 -0.7206755270880041 0.0
0.04886627110079465 -0.7155979640140401 0.0
0.04107671478909458 -0.7112098482707622 0.0
0.033421942710032175 -0.7075276473629345 0.0
0.025878401530835246 -0.7045651760427631 0.0
0.018421968488857722 -0.702333546448404 0.0
0.011028075372769643 -0.7008411279865788 0.0
0.003671834418889945 -0.7000935171110171 0.0
-0.003671834418889773 -0.700093517111017 0.0
-0.011028075372769468 -0.7008411279865787 0.0
-0.018421968488857545 -0.7023335464484038 0.0
-0.02587840153083507 -0.704565176042763 0.0
-0.033421942710032 -0.7075276473629344 0.0
-0.0410767147890944 -0.7112098482707622 0.0
-0.048866271100794126 -0.7155979640140397 0.0
-0.056813474015685594 -0.7206755270880041 0.0
-0.06494037638227908 -0.7264234766524063 0.0
-0.07326810645121937 -0.732820227279546 0.0
-0.08181675678067331 -0.7398417467734094 0.0
-0.09060527760381783 -0.7474616427658713 0.0
-0.09965137512100826 -0.7556512577628193 0.0
-0.10897141515902133 -0.7643797722812669 0.0
-0.11858033261773851 -0.773614315688104 0.0
-0.1284915471008871 -0.7833200843222246 0.0
-0.13871688510206553 -0.7934604664544805 0.0
-0.14926650909035774 -0.8039971736143563 0.0
-0.16014885381149038 -0.8148903777885107 0.0
-0.17137057009082526 -0.8260988539745138 0.0
-0.1829364763936255 -0.8375801275532798 0.0
-0.19484951836610923 -0.8492906259259478 0.0
-0.20711073654794276 -0.8611858338453537 0.0
-0.21971924241315313 -0.8732204518588327 0.0
-0.23267220286209822 -0.8853485572679417 0.0
-0.24596483325225035 -0.8975237670018286 0.0
-0.259590399020294 -0.9096994017944663 0.0
-0.2735402259124942 -0.9218286510517658 0.0
-0.2878037188046863 -0.9338647377928022 0.0
-0.30236838905763264 -0.9457610830499401 0.0
-0.317219890318083 -0.9574714691155799 0.0
-0.33234206264078736 -0.9689502010285429 0.0
-0.3477169847720821 -0.9801522657007306 0.0
-0.36332503440165514 -0.9910334880946262 0.0
-0.3791449561558145 -1.0015506838743964 0.0
-0.3951539370731882 -1.011661807967745 0.0
-0.4113276892723909 -1.0213260984922432 0.0
-0.4276405394909366 -1.030504215518487 0.0
-0.44406552514568626 -1.0391583741631187 0.0
-0.4605744965374922 -1.0472524715273173 0.0
-0.4771382247965788 -1.0547522070208157 0.0
-0.49372651514066657 -1.0616251956376836 0.0
-0.5103083249950008 -1.0678410737779271 0.0
-0.5268518865024107 -1.073371597238328 0.0
-0.5433248329323499 -1.0781907310267065 0.0
-0.5596943284806539 -1.082274730685866 0.0
-0.5759272009365639 -1.0856022148467053 0.0
-0.5919900766804713 -1.0881542287642674 0.0
-0.6078495174648813 -1.0899142986256602 0.0
-0.6234721584223347 -1.090868476454727 0.0
-0.6388248467374972 -1.0910053754749043 0.0
-0.653874780416348 -1.090316195828755 0.0
-0.6685896465834089 -1.0887947405900213 0.0
-0.6829377587382413 -1.086437422041628 0.0
-0.6968881924050261 -1.0832432582306426 0.0
-0.7104109186139024 -1.0792138598487218 0.0
-0.723476934659884 -1.0743534075237875 0.0
-0.7360583915945195 -1.0686686196455402 0.0
-0.7481287179170669 -1.062168710883702 0.0
-0.7596627389456745 -1.0548653415934945 0.0
-0.7706367913649168 -1.0467725583376617 0.0
-0.7810288324639284 -1.0379067257881518 0.0
-0.7908185435992642 -1.0282864503033387 0.0
-0.7999874274383916 -1.0179324955081612 0.0
-0.8085188985633301 -1.0068676902347555 0.0
-0.8163983670392774 -0.9951168292098675 0.0
-0.8236133145800297 -0.9827065669024942 0.0
-0.8301533629704847 -0.9696653049706785 0.0
-0.8360103344364118 -0.9560230737700972 0.0
-0.8411783036828744 -0.941811408408926 0.0
-0.8456536413550467 -0.9270632198533703 0.0
-0.8494350487085949 -0.9118126616061254 0.0
-0.8525235833111011 -0.896094992495827 0.0
-0.8549226756311437 -0.8799464361291958 0.0
-0.8566381364073703 -0.8634040375690077 0.0
-0.8576781547261746 -0.8465055178102444 0.0
-0.85805328677318 -0.8292891266336782 0.0
-0.8577764352605676 -0.8117934944207932 0.0
-0.8568628195691635 -0.7940574835162374 0.0
-0.8553299366810216 -0.7761200397239972 0.0
-0.8531975130148176 -0.7580200445211611 0.0
-0.8504874473125879 -0.7397961685684961 0.0
-0.8472237447620508 -0.7214867270901526 0.0
-0.8434324425737932 -0.7031295376856403 0.0
-0.8391415272668674 -0.684761781125827 0.0
-0.8343808439496477 -0.6664198656711774 0.0
-0.8291819979150755 -0.6481392954347749 0.0
-0.823578248900473 -0.6299545432949768 0.0
-0.817604398391863 -0.611898928842879 0.0
-0.8112966703810383 -0.5940045018281963 0.0
-0.8046925860103984 -0.5763019315438112 0.0
-0.7978308325656716 -0.5588204025641611 0.0
-0.7907511272999926 -0.5415875172259679 0.0
-0.7834940765943079 -0.5246292052116324 0.0
-0.7761010309786317 -0.5079696405660723 0.0
-0.7686139365562316 -0.4916311664469569 0.0
-0.7610751833882561 -0.4756342278763434 0.0
-0.7535274514096335 -0.4599973127287544 0.0
-0.7460135544581478 -0.44473690115689407 0.0
-0.7385762830074444 -0.42986742362162517 0.0
-0.7312582462012569 -0.41540122765764165 0.0
-0.7241017137903764 -0.4013485534706368 0.0
-0.7171484585757686 -0.38771751842580277 0.0
-0.7104395999607803 -0.37451411045136984 0.0
-0.7040154492125666 -0.3617421903447336 0.0
-0.6979153570277105 -0.34940350293267397 0.0
-0.6921775639895312 -0.33749769700138904 0.0
-0.6868390544947983 -0.32602235387668754 0.0
-0.6819354147155298 -0.3149730244998542 0.0
-0.6775006951472974 -0.30434327481053647 0.0
-0.6735672782790354 -0.2941247392146948 0.0
-0.6701657519008515 -0.28430718188326487 0.0
-0.6673247885457388 -0.2748785655958805 0.0
-0.6650710315386426 -0.2658251278139329 0.0
-0.6634289881018991 -0.2571314636384582 0.0
-0.6624209299399714 -0.24878061528103432 0.0
-0.6620668016985383 -0.24075416765008004 0.0
-0.6623841376636467 -0.23303234963083053 0.0
-0.6633879870357569 -0.22559414061487212 0.0
-0.6650908480813706 -0.21841738181457995 0.0
-0.6675026114315158 -0.21147889187915914 0.0
-0.670630512761916 -0.20475458631235083 0.0
-0.6744790950542456 -0.19821960017726611 0.0
-0.6790501806016512 -0.1918484135613306 0.0
-0.6843428528848263 -0.18561497926399698 0.0
-0.6903534484074952 -0.1794928521617541 0.0
-0.697075558542375 -0.17345531969906922 0.0
-0.7045000414006198 -0.16747553295024645 0.0
-0.7126150436996588 -0.1615266376958124 0.0
-0.721406032566234 -0.15558190495791632 0.0
-0.7308558371736361 -0.1496148604423928 0.0
-0.7409447000745821 -0.14359941234052276 0.0
-0.7516503380542412 -0.1375099769511639 0.0
-0.7629480122914997 -0.1313216015937277 0.0
-0.7748106075810656 -0.12501008429446286 0.0
-0.7872087203342962 -0.1185520897425645 0.0
-0.8001107550431432 -0.11192526102875994 0.0
-0.8134830288591399 -0.10510832669710453 0.0
-0.8272898839083704 -0.0980812026607381 0.0
-0.8414938069336828 -0.09082508855415401 0.0
-0.8560555558273534 -0.08332255811811777 0.0
-0.8709342925910172 -0.07555764323854312 0.0
-0.8860877222350269 -0.0675159112873782 0.0
-0.9014722371066355 -0.05918453544170629 0.0
-0.9170430661155768 -0.05055235768673634 0.0
-0.9327544283068314 -0.041609944239020105 0.0
-0.9485596902136834 -0.03234963315796293 0.0
-0.9644115264096673 -0.022765573946364765 0.0
-0.9802620826657279 -0.012853758974205064 0.0
-0.996063141108908 -0.0026120465940333145 0.0
-1.0117662867712014 0.007959824148991579 0.0
-1.0273230749118587 0.01886022727429583 0.0
-1.0426851984934697 0.030085652116877182 0.0
-1.0578046551915414 0.04163071406320888 0.0
-1.0726339133190856 0.05348817372779063 0.0
-1.0871260760518815 0.06564896449085839 0.0
-1.101235043346599 0.0781022282828699 0.0
-1.1149156709528183 0.0908353594669502 0.0
-1.1281239259311209 0.10383405663665184 0.0
-1.1408170381028386 0.11708238211329466 0.0
-1.1529536468726338 0.13056282889493362 0.0
-1.1644939428828414 0.14425639477779098 0.0
-1.1753998039783058 0.15814266334090932 0.0
-1.1856349249822615 0.17219989145595255 0.0
-1.1951649408075156 0.18640510295662563 0.0
-1.2039575424527338 0.20073418807620683 0.0
-1.2119825854608743 0.21516200823729786 0.0
-1.2192121904456772 0.2296625057551965 0.0
-1.2256208353224793 0.24420881799536454 0.0
-1.2311854389113617 0.25877339550643047 0.0
-1.2358854356136277 0.2733281236330099 0.0
-1.2397028408967425 0.2878444470975633 0.0
-1.2426223073579725 0.30229349702746006 0.0
-1.2446311711729403 0.31664621989252334 0.0
-1.2457194887720056 0.3308735078096079 0.0
-1.245880063624646 0.34494632966424305 0.0
-1.2451084630497122 0.3588358624951014 0.0
-1.2434030250074002 0.372513622585031 0.0
-1.240764854866918 0.38595159570263715 0.0
-1.2371978121819005 0.39912236594091466 0.0
-1.23270848754359 0.41199924260420745 0.0
-1.2273061696194123 0.42455638460178174 0.0
-1.221002802521767 0.4367689218155367 0.0
-1.2138129336884302 0.4486130729207809 0.0
-1.2057536524917924 0.46006625915254856 0.0
-1.1968445198291284 0.47110721352556006 0.0
-1.1871074889800277 0.481716085033576 0.0
-1.1765668180499174 0.49187453737349934 0.0
-1.1652489743501298 0.5015658417610526 0.0
-1.1531825310951012 0.5107749634281274 0.0
-1.140398056825898 0.5194886414168653 0.0
-1.126927997996277 0.5276954613120949 0.0
-1.1128065551827475 0.5353859205818111 0.0
-1.0980695534035638 0.5425524862248217 0.0
-1.082754307053111 0.5491896444553981 0.0
-1.0668994799776979 0.5552939421866163 0.0
-1.050544941236246 0.5608640201069489 0.0
-1.0337316171047137 0.5659006371784241 0.0
-1.0165013398962524 0.5704066864191731 0.0
-0.9988966941799776 0.5743872018683238 0.0
-0.9809608609899221 0.5778493566667774 0.0
-0.9627374606220042 0.5808024522233549 0.0
-0.9442703946208647 0.5832578984719077 0.0
-0.9256036875600533 0.5852291852611528 0.0
-0.906781329218333 0.5867318449550589 0.0
-0.8878471177518177 0.5877834063574252 0.0
-0.8688445044562667 0.5884033401097214 0.0
-0.8498164407061634 0.5886129957461622 0.0
-0.830805227647243 0.5884355306242123 0.0
-0.8118523692069265 0.5878958309821357 0.0
-0.792998428972739 0.5870204254076853 0.0
-0.7742828914722838 0.5858373910334186 0.0
-0.7557440283697865 0.5843762528043396 0.0
-0.7374187700736822 0.5826678761924331 0.0
-0.719342583227283 0.5807443537601027 0.0
-0.7015493545303243 0.578638886000407 0.0
-0.6840712813132374 0.5763856569062212 0.0
-0.6669387692584432 0.5740197047429244 0.0
-0.650180337633918 0.5715767885198472 0.0
-0.6338225323738567 0.5690932506744026 0.0
-0.6178898473095836 0.5666058764995235 0.0
-0.6024046538210533 0.5641517508596309 0.0
-0.5873871391454782 0.5617681127528406 0.0
-0.5728552535449549 0.5594922082873902 0.0
-0.5588246664995656 0.5573611426483226 0.0
-0.5453087320564558 0.5554117316362366 0.0
-0.532318463428969 0.5536803533634033 0.0
-0.5198625169032016 0.5522028006937113 0.0
-0.5079471850724774 0.5510141350117591 0.0
-0.496576399383366 0.5501485419029417 0.0
-0.4857517419401277 0.5496391893206065 0.0
-0.47547246647803526 0.5495180888082722 0.0
-0.46573552837999643 0.549815960334611 0.0
-0.45653562357544414 0.5505621012863016 0.0
-0.44786523612574936 0.5517842601491865 0.0
-0.4397146942664956 0.5535085153912801 0.0
-0.4320722346440756 0.5557591600423101 0.0
-0.424924074452249 0.5585585924435582 0.0
-0.4182544911437614 0.5619272136190084 0.0
-0.4120459093629018 0.5658833316941734 0.0
-0.406278994717154 0.5704430737626633 0.0
-0.4009327539799257 0.5756203055725936 0.0
-0.39598464129187005 0.5814265593754703 0.0
-0.3914106699056068 0.5878709702493272 0.0
-0.3871855289978045 0.5949602211757344 0.0
-0.3832827050536959 0.6026984971170128 0.0
-0.37967460731220476 0.6110874483056444 0.0
-0.3763326967450778 0.6201261629226742 0.0
-0.3732276180307289 0.629811149305893 0.0
-0.3703293339730514 0.640136327792046 0.0
-0.36760726180716863 0.6510930322602049 0.0
-0.3650304108281238 0.6626700214061029 0.0
-0.3625675207747548 0.6748534997396167 0.0
-0.3601872003995895 0.687627148260034 0.0
-0.35785806565642325 0.7009721647261936 0.0
-0.35554887694040443 0.7148673134014323 0.0
-0.3532286748208295 0.7292889841163744 0.0
-0.350866913714534 0.7442112604564158 0.0
-0.34843359295758936 0.7596059968450926 0.0
-0.34589938474508686 0.7754429042598625 0.0
-0.3432357584229018 0.7916896442830081 0.0
-0.3404151006315711 0.8083119311577127 0.0
-0.3374108308205992 0.825273641487937 0.0
-0.33419751167163664 0.8425369311906387 0.0
-0.3307509539909221 0.8600623592802672 0.0
-0.3270483156550809 0.8778090180384619 0.0
-0.3230681942197132 0.8957346690965469 0.0
-0.31879071282709487 0.9137958849349009 0.0
-0.3141975990776355 0.9319481952816374 0.0
-0.3092722565593777 0.9501462378733663 0.0
-0.3039998287606619 0.9683439130231984 0.0
-0.29836725512299084 0.9864945414256721 0.0
-0.2923633190239842 1.0045510246149674 0.0
-0.285978687513978 1.0224660074817216 0.0
-0.27920594266416604 1.0401920422449746 0.0
-0.27203960441904984 1.057681753269307 0.0
-0.26447614488123805 1.074888002113129 0.0
-0.2565139939921525 1.0917640521923209 0.0
-0.24815353660782818 1.1082637324440463 0.0
-0.23939710100458678 1.124341599378557 0.0
-0.23024893888477677 1.1399530969121563 0.0
-0.22071519698786315 1.1550547133821862 0.0
-0.2108038804467796 1.1696041351549131 0.0
-0.20052480806347786 1.1835603962494683 0.0
-0.18988955971089375 1.1968840234155114 0.0
-0.17891141610096076 1.209537176118981 0.0
-0.16760529118970327 1.2214837809090768 0.0
-0.15598765752071855 1.2326896596604717 0.0
-0.14407646483737416 1.243122651207529 0.0
-0.13189105232170492 1.2527527259119717 0.0
-0.11945205484414291 1.2615520927318933 0.0
-0.10678130363283067 1.2694952983880905 0.0
-0.09390172179413177 1.2765593182534039 0.0
-0.08083721513709287 1.2827236386218555 0.0
-0.06761255877386324 1.2879703300468384 0.0
-0.05425327998539712 1.2922841114712718 0.0
-0.04078553785707242 1.2956524049073697 0.0
-0.027236000202098494 1.2980653804593445 0.0
-0.013631718301698795 1.2995159915188357 0.0
0.0 1.3 0.0
