mesh file
nodes
521
2.0 0.0 
1.988669600420274 0.2125869712947308 
1.954806779635733 0.4227652472592486 
1.898795216936763 0.6281534240438975 
1.821269545709826 0.8264243715367563 
1.723108162787612 1.01533160067768 
1.605423275861927 1.192734717077003 
1.469548301726135 1.356623672539232 
1.317022758130077 1.505141539712277 
1.149574820428814 1.636605551816338 
0.9691017406653004 1.749526169063923 
0.7776483509466414 1.842623955740826 
0.5773838946792423 1.914844076724011 
0.3705774481742291 1.965368249185042 
0.1595722111061662 1.9936240140615 
-0.05324104287554983 1.999291222246905 
-0.2654510545674437 1.982305662008014 
-0.4746533997422298 1.94285978652942 
-0.6784777322360601 1.881400533342067 
-0.8746146409177107 1.798624260342438 
-1.060841816239485 1.695468855779342 
-1.235049229892384 1.573103111605284 
-1.395263042269969 1.432913480596631 
-1.539667966859812 1.276488367289641 
-1.66662783816503 1.105600130722387 
-1.774704150113143 0.9221850028986515 
-1.862672354904677 0.728321150505645 
-1.929535737629032 0.5262051284550425 
-1.974536709442689 0.3181269920381442 
-1.997165391353524 0.1064443496843575 
-1.997165391353524 -0.1064443496843579 
-1.974536709442689 -0.3181269920381437 
-1.929535737629032 -0.5262051284550421 
-1.862672354904677 -0.7283211505056438 
-1.774704150113143 -0.9221850028986519 
-1.66662783816503 -1.105600130722386 
-1.539667966859813 -1.276488367289639 
-1.39526304226997 -1.43291348059663 
-1.235049229892384 -1.573103111605285 
-1.060841816239485 -1.695468855779342 
-0.8746146409177111 -1.798624260342438 
-0.678477732236061 -1.881400533342066 
-0.4746533997422285 -1.94285978652942 
-0.2654510545674446 -1.982305662008014 
-0.05324104287555032 -1.999291222246905 
0.1595722111061653 -1.9936240140615 
0.3705774481742277 -1.965368249185042 
0.577383894679241 -1.914844076724011 
0.7776483509466402 -1.842623955740826 
0.9691017406652992 -1.749526169063923 
1.149574820428814 -1.636605551816338 
1.317022758130076 -1.505141539712278 
1.469548301726133 -1.356623672539233 
1.605423275861926 -1.192734717077004 
1.723108162787612 -1.01533160067768 
1.821269545709827 -0.8264243715367549 
1.898795216936763 -0.6281534240438978 
1.954806779635733 -0.4227652472592489 
1.988669600420274 -0.2125869712947312 
1.0 0.0 
0.9943348002101371 -0.1062934856473656 
0.9774033898178666 -0.2113826236296245 
0.9493976084683813 -0.3140767120219489 
0.9106347728549136 -0.4132121857683774 
0.8615540813938061 -0.5076658003388399 
0.8027116379309632 -0.5963673585385021 
0.7347741508630667 -0.6783118362696167 
0.6585113790650381 -0.752570769856139 
0.574787410214407 -0.8183027759081689 
0.4845508703326496 -0.8747630845319616 
0.3888241754733201 -0.9213119778704132 
0.2886919473396205 -0.9574220383620057 
0.1852887240871138 -0.9826841245925211 
0.07978610555308265 -0.9968120070307502 
-0.02662052143777516 -0.9996456111234525 
-0.1327255272837223 -0.9911528310040071 
-0.2373266998711142 -0.9714298932647101 
-0.3392388661180305 -0.9407002666710332 
-0.4373073204588556 -0.8993121301712191 
-0.5304209081197426 -0.8477344278896709 
-0.617524614946192 -0.7865515558026425 
-0.697631521134985 -0.7164567402983149 
-0.7698339834299065 -0.6382441836448197 
-0.8333139190825152 -0.5528000653611931 
-0.8873520750565715 -0.461092501449326 
-0.9313361774523385 -0.3641605752528219 
-0.964767868814516 -0.263102564227521 
-0.9872683547213446 -0.1590634960190719 
-0.9985826956767619 -0.05322217484217895 
-0.9985826956767619 0.05322217484217875 
-0.9872683547213446 0.1590634960190721 
-0.9647678688145159 0.2631025642275213 
-0.9313361774523383 0.3641605752528225 
-0.8873520750565717 0.4610925014493257 
-0.8333139190825148 0.5528000653611936 
-0.769833983429906 0.6382441836448203 
-0.6976315211349846 0.7164567402983153 
-0.6175246149461922 0.7865515558026422 
-0.5304209081197424 0.847734427889671 
-0.4373073204588553 0.8993121301712192 
-0.3392388661180301 0.9407002666710333 
-0.2373266998711149 0.97142989326471 
-0.1327255272837219 0.9911528310040072 
-0.02662052143777491 0.9996456111234526 
0.0797861055530831 0.9968120070307501 
0.1852887240871145 0.9826841245925209 
0.2886919473396212 0.9574220383620055 
0.3888241754733207 0.921311977870413 
0.4845508703326502 0.8747630845319613 
0.5747874102144069 0.818302775908169 
0.6585113790650386 0.7525707698561385 
0.7347741508630673 0.6783118362696161 
0.8027116379309637 0.5963673585385013 
0.8615540813938061 0.5076658003388399 
0.9106347728549132 0.4132121857683781 
0.9493976084683813 0.3140767120219488 
0.9774033898178667 0.2113826236296243 
0.9943348002101371 0.1062934856473654 
1.696448337640457 0.09578659935506008 
1.521616803290094 0.06292054465211425 
1.654527934072563 -0.05786851693743277 
1.779870454187908 0.2685564127937833 
1.76624629744216 0.4817895808716025 
1.800410216622684 -0.1736758193927958 
1.593683193994649 -0.225934266150173 
1.696229559635924 -0.3645886764904927 
1.100218904159186 -0.5224747004934083 
0.9813286104942259 -0.482444625740975 
1.007513131007445 -0.5829368472027574 
1.550424694040662 1.002332193067812 
1.644762818332192 0.832780092191374 
1.209277371803584 0.7160975207015248 
1.247441075505952 0.5407894148298236 
1.380005599315939 0.6876723941649651 
1.550791394509189 0.6763016573117904 
1.476909525377791 0.8402281665114275 
1.033864757158145 0.2809774016125855 
1.122556454657336 0.2321939112644592 
1.111685356170382 0.3438410695847544 
1.286961291995179 1.33039191283073 
1.408831579499952 1.153061607780294 
0.9954797360062372 0.5596912346079368 
0.9875743679315065 0.6754964780734747 
0.8931163459575802 0.6089984480352718 
1.850309052800787 -0.3389527787222521 
0.9106377019314156 -0.5769447069352187 
1.790662623071359 -0.5001586015602955 
1.720056017371635 -0.6721961077212929 
0.9388803863925663 -0.6722556062309035 
1.106537855195733 -0.6730842555141833 
1.177171592081452 1.463168201748122 
0.9730562103265502 0.9760598934968321 
0.9796152686705345 0.8032045169430633 
1.123375690526423 0.8521620363603188 
0.9909815617683864 1.514399727365238 
0.4959759458437272 1.260615396800331 
0.4260372322714615 1.406181298105893 
0.3246924123561046 1.300612262395069 
1.222098156022502 1.169886641856057 
1.107960680476277 1.326607970139191 
1.044905102961937 1.161595089153915 
0.2750251694649135 1.843937738057447 
0.4291274031527565 1.782431855467502 
-0.190407765212213 1.846218080503458 
0.1039058523449604 1.158150745651395 
0.09286688842738901 1.265216262719048 
0.01280104621374615 1.183244529260413 
0.6788499017935387 -0.8469592858621314 
0.5975148418416085 -0.9150499700882729 
1.523631432883558 -1.005666387449549 
1.45169279773123 -1.153232708240828 
0.4624923376973724 -0.9620194356033258 
1.100490468780219 -1.464298810684133 
1.235921833870978 -1.334268419008218 
-0.001379543316755207 1.825140400493985 
0.2876524817839495 1.073658092762685 
0.3710798037535755 1.143467577616592 
0.2145528778251965 1.179238216484072 
-0.3562813692202315 1.853641915293954 
-0.3272464502222924 1.716202259207556 
0.05067788111725977 1.087467644334922 
-0.7841289581672063 1.699264365525748 
-0.9248641776624607 1.62163978033573 
-1.056452955105999 1.550964383732825 
-1.11522211869474 1.410058495977215 
-0.9387233397700327 1.45005950814092 
-0.5608831724789889 0.9427363620708772 
0.6353729934090773 -1.699728763615909 
0.4307412253712488 -1.631587773824385 
0.4728120998486296 -1.796541276131415 
0.2247237581858017 -1.819431157525597 
-0.09032469301288686 -1.056593522023958 
-0.4159100642467505 -1.732376872639867 
-0.3447938678973574 -1.573206849633829 
-0.5303930821321592 -1.596614507455404 
-0.2703487631201759 -1.828069986546902 
-0.6167961585337522 -1.766859680398711 
-0.6038870252690525 -0.8850483220738697 
-0.6981265946849766 -0.8264839978958893 
-0.6898576008867544 -0.9436069759984707 
-1.275197553706085 -1.386597344296481 
-1.252003282310645 -1.240611571297596 
-1.22258319018232 -1.064711761009466 
-1.417732693212172 -1.128740579655162 
-1.712330286241296 -0.162959918164705 
-1.542277499016411 -0.1463953270516449 
-1.641111079053936 0.01452165909025347 
-1.059503793158491 -0.3991962899676696 
-1.135276236059143 -0.4957148755665921 
-1.035744074981843 -0.498397295739172 
-1.785811330498015 -0.3591711927818401 
-1.749710519717909 -0.5652379785704446 
-1.642371351456273 -0.4554852804685722 
-1.106636221617144 -0.1735014731545257 
-1.079866199469372 -0.07935459886657967 
-1.169608353433485 -0.09931338674423523 
-1.089163334735608 0.1146587637790674 
-1.055729439490853 0.2285196199087193 
-1.832606453598748 0.007010923559190621 
-1.724860473380045 0.1814921451143145 
-1.871057656913846 0.1927456557291201 
-1.297292980427563 0.7850669818908435 
-1.420769735838343 0.6555908438007005 
-1.255013596264654 0.6233209215043196 
-0.9271847432660744 0.5504700661141365 
-0.955764682478511 0.4659581315306735 
-1.810877018141017 0.3550330030796933 
-1.639136112029158 0.3500952124511533 
-1.726135419451336 0.5615328846903851 
-0.941532707924367 0.7489865898318208 
-1.118230678772833 0.745543647229042 
-0.998673940276779 0.6345968618454823 
-1.717768636787278 0.7607226157712925 
-1.473512545693052 1.049544556957326 
-1.357963697417377 1.236895726556596 
-0.6488267255275082 0.8881570527670776 
1.059974999171274 -0.2957881347304926 
0.9969054215185308 -0.3828019105502928 
1.106965472250309 -0.005497373468415177 
1.076513155975497 0.05740313231346383 
1.719637814234661 0.659220466314628 
0.1535986071285294 -1.056623999923715 
0.2400988445635007 -1.064001546369136 
-0.518965328796582 -0.919043910357185 
-0.4531445241370912 -0.9727154877503668 
1.013853727639747 0.3827046172587134 
0.9139033228232557 1.30991441851403 
0.1437900406829254 1.076949430568485 
-0.1377008722558303 1.676401837614995 
-0.2955028791346809 1.049780949974045 
-0.7346625972223402 0.8176351158992716 
-1.462172796110822 0.8359153299911549 
-1.581879122113745 0.7031918015428316 
-1.142964133830644 0.2166686898253612 
-0.9712240005410111 -0.452777776415298 
-1.690003735070144 -0.7343735305064127 
-1.346040566293745 -0.9399131756946628 
-0.6356374340217003 -1.461833833372373 
-0.7517582995342205 -1.343121239651256 
-0.7857292062016806 -1.496281660654414 
-0.3886433734421476 1.105509262670986 
-0.4136021319750074 1.212431091907667 
-0.5029548829551835 1.107156393189162 
-0.985322325224602 1.265637877994749 
1.626615762140469 -0.8414505174765593 
0.9508940846314144 -1.574631705384698 
-1.498692956771909 -0.9738518337984987 
-1.604823393622309 -0.8802977096109138 
-1.375972907671737 -1.293070268627102 
1.300758784620552 0.8751309256378318 
1.412398232380543 0.9818513029043769 
1.302017611419255 1.039049876286605 
0.04051880908367747 -1.844422182040776 
-0.1289740268850228 -1.874195142532523 
0.35520674925094 -1.778958985080049 
0.7994885916813107 1.641409428816693 
0.6200621351207638 1.717474256302173 
0.4640638847022761 1.579738842483308 
1.850080367392583 0.1088454563364547 
1.800293371145657 -0.005382456127742752 
-1.619397632184512 0.8945510109469661 
-0.4095427505729139 1.013244013227325 
-0.4980926058566722 0.9992522863969014 
-0.9461956208174569 -0.5529405637686726 
0.8146848581024121 0.674399837093896 
-1.170015267292696 0.01113193124427812 
-1.065429110199343 0.007113705458117034 
-1.109214518033154 -1.381877624588405 
-0.9305518182561039 -1.270655073295746 
-1.083941838258825 -1.17709969704687 
-0.8531863424770116 -0.7016047481088421 
-0.8871245264648496 -0.8024066742445032 
-0.7817859211810595 -0.7588387019090709 
0.754758359382859 -0.7708323170738945 
0.7746974754314961 -0.8626334632863204 
0.8748747333782555 -0.797751036952047 
0.6112176979253876 0.8963308473068613 
-1.033569091523952 0.3255581555876749 
0.4376228905180574 1.036958911958657 
0.353341167895817 1.024957817355231 
1.326150212885576 -1.207405605834489 
0.06721260637021213 1.628947986332757 
-0.9013629914663288 -1.598888992915738 
0.8270373056223862 -0.6918786611743895 
-1.052997925835699 1.07220311002316 
-1.185162476962425 0.9179641261750326 
-1.005746036807364 0.8851344414400443 
-1.136151784925135 -0.287205112992199 
-1.306596917293869 -0.3170651215526327 
-1.184670202237062 -0.3924383142723861 
1.515554867530198 -0.4007892848729157 
1.081245762026773 0.7311456087050647 
1.166001304572728 1.015318903254464 
-1.863723334017419 -0.1868822658217244 
0.2581330912466431 1.480410285501032 
-0.1865518320802971 -1.063084220389089 
-0.4885263689345936 -1.211698561287898 
-0.4726959046782389 -1.071642379288268 
-0.5702226713751859 -1.108383576160673 
-1.271198526756997 1.073302267046375 
-1.180171699183815 1.236089440432297 
-0.7799195416452381 1.535085641859231 
-1.548104838759651 0.1755009540346666 
-1.455249545404771 0.3295778551138201 
1.615480972584821 0.3833168812092327 
1.578632856476371 0.2181783335574419 
1.562691350941962 -0.6961198669764096 
1.420100582937013 -0.8117981882743509 
-0.09356106313099496 1.495500760720021 
0.1518409715326229 1.796947171146861 
-0.09634808294562039 -1.71688665982002 
-1.17258344298083 -0.8894844095383648 
-1.017518390016984 -0.8441565966217695 
-1.116425379456159 -0.7351339027162334 
-0.1094641889029266 1.075547824750763 
-0.2057526496126744 1.142489079420089 
-0.1923574035717691 1.044959324790641 
0.08237115758095274 -1.104553305922433 
-0.008556683928001801 -1.076814265499339 
0.006636469209445816 -1.155662554765148 
-0.4932378714551642 1.773579441310987 
-0.8143686821584164 0.7361601783583509 
-0.87960070892315 0.6469949988629895 
-1.259223773913984 1.376638479255157 
-0.7766503001998437 0.9379735442152483 
-0.8629505743157502 0.8486434416128883 
0.296644517436604 -1.186743888166975 
0.4299329524611802 -1.1274133696845 
0.3308245621192846 -1.06970351674057 
-1.445218201239896 -0.8200759503693265 
0.4004875926895187 -1.011025418238581 
-1.534809272770532 0.5131158182852273 
0.8168196293531008 -1.676967454058157 
0.7670651309160936 -1.531830492684052 
-1.044885097198414 -1.540958774466771 
1.624586953401191 0.5374107363254272 
0.2239341648030312 1.05361662118913 
-0.7219303756254349 -1.622108949887619 
0.2717795445330766 1.687130402678898 
1.045278472989145 0.1929605742538885 
1.10262199539581 0.1337437692177487 
-1.117468589644475 0.386348845771488 
-1.022433753764781 0.4247497575967339 
-1.090795862009979 0.4816461734348809 
0.7668952675216819 0.7574170216443822 
0.6941011292320234 0.8304232585189781 
1.151957594959399 -0.2460745515377907 
1.079388611973416 -0.1819123586673541 
1.083191116603859 -0.4084878944896699 
1.17801636024101 -0.3397338729108449 
-1.025428399464378 -0.3079212136141644 
-0.8755076863519228 -0.6257293161588677 
0.8698167579693328 -0.6343615832197534 
-0.0295299762726718 1.103284048461219 
-0.2937565249187948 -1.047309318416794 
-0.4141260268701029 1.388513842190127 
-0.2874991058609903 1.254961892948302 
-0.216216549049524 1.374440156125345 
-1.217356882174136 0.1448137736410808 
-1.379422029642319 -0.1601125655483828 
-1.439366121545752 0.008746917958046482 
-0.5692752695253069 -0.9952272379613047 
-1.066831714445508 -0.5970298017681889 
-0.3859217096553334 -1.028482315164429 
0.8759268882387672 0.7309045209817084 
0.4839022478238204 0.9634836931658105 
0.4837208500521758 1.128232345560101 
0.5531757925384659 1.047338622214187 
0.5555569004052402 0.95293660708359 
-0.317886981874659 1.150609905123648 
0.827159483106587 0.8594075312856834 
1.16976565472371 0.05026512638425212 
-1.042428931871746 -0.2374616836421101 
-1.01768142657279 0.5240146810721147 
1.218485274398294 0.1552947558253245 
0.9286226692935923 0.5119064466007828 
0.986436085556272 0.4692620084067022 
0.5313760877194704 -0.9641418859433671 
0.99446899159361 -0.7673117702632594 
1.080903230004003 -0.817052096947139 
0.713799240233037 0.9145217678022717 
0.7845602156242782 0.9993809478083462 
0.5032755626770267 -1.047542192233128 
0.5913525372637771 -1.193525670202773 
0.6040118682308414 -1.027127373726224 
-1.227798028833256 -0.1828516947419043 
-1.276480836271376 -0.06339795025638192 
-1.474232728861703 -0.443634051556692 
-1.465666785192933 -0.2736812854963225 
-0.9304542368598939 -1.100296912216116 
-0.7831906973645246 -1.165669158487217 
-0.798736261791738 -1.01937614593644 
1.100062206689147 0.6190345391678029 
1.474693280572528 -0.09927142619722715 
1.32487392306598 0.02569149229949909 
1.315579430200595 -0.1297983454013518 
1.379982403050378 0.2063204859680246 
0.7765654093625871 -1.221942961035667 
0.7019567796459103 -1.097541985938626 
-0.10318862146083 -1.14761859213029 
-0.02878124253592357 -1.250348528937558 
-0.2444208320015122 -1.151744223415115 
1.184251650651937 -0.4453844883642181 
1.237750410039888 -0.5539324823929543 
-0.9640515300278794 -0.6899575543025727 
0.6491125403778514 0.98566811089148 
0.5839172608862844 1.161310425864027 
0.4367382144449657 -1.274466008141297 
0.4308424170343085 -1.441553696822638 
0.5506058699586363 -1.356632596395808 
0.07793775695145524 -1.206661331411106 
0.1725296754655724 -1.272396163998822 
0.1705300931877691 -1.148496705965364 
-1.111235577640617 0.5866670959107807 
-0.6427269976001796 1.657227348870097 
-0.6109507631135014 1.460859812511487 
-0.4696945719671657 1.59131160011242 
1.261097461005569 -0.2551841530134836 
1.181310542405729 -0.1577542383667782 
-0.7928350205329877 -0.8794125330599689 
-0.9133699545531762 -0.9404699114647949 
-0.5937318175937382 -1.322555795154433 
-0.6436703857306851 -1.202017742226099 
-0.3690792097864812 -1.12841499159639 
-0.3267994867230981 -1.263618421820304 
-0.1674253531838463 -1.273309862825355 
-0.2808230180229386 1.546401538432195 
-0.1683771454947179 1.252299761314375 
1.22340287183224 0.2863458970924536 
1.326906102071794 0.3753204963639251 
1.458845656393359 0.5004980883629204 
1.469686061787191 0.3297458774669035 
-1.116643853319053 0.2920660500136191 
-1.292202154765553 0.05340321169887845 
-0.9201768126152471 -1.439891456363842 
1.319016760448963 -1.01703885111502 
1.139873926189246 -1.157924796316808 
1.217797308007478 -0.8247264906434085 
-0.5797749028174194 1.033812533325924 
-0.6758653119949475 1.002020128480379 
-1.608452021263248 -0.3068433059824644 
-1.058843983910833 -1.00444523987389 
1.114291655125685 -0.9541159229846374 
1.282234698245341 -0.690609616025884 
0.07243524337466166 1.420607831732686 
0.5893781439263611 1.423266039928566 
0.6514716329939746 1.562871469831127 
0.1927459609835799 1.334391193217402 
-1.396752741909379 -0.633367967623671 
-1.546342511007476 -0.725730936712748 
-0.770558920287157 1.31697086894577 
-0.5615380404990767 1.269994129511165 
0.2771792146747923 -1.681866468733808 
0.1224606201781276 -1.655475269942436 
0.5881515030751736 -1.504837560538757 
0.7168870248141018 -0.9656102920071732 
0.8533550593498087 -0.9355726298315632 
-1.196978512129614 0.4828110366913294 
-1.351201854587898 0.4859463961166811 
-1.342408598616298 0.9320670226448109 
0.8524802704896705 1.137934657180949 
-0.9060348817691233 0.9714384667585675 
-0.8362070975932191 1.09826620574891 
-0.01831697345391903 -1.560662157659029 
-0.06402300300788442 -1.403692580813997 
0.0561689835648003 -1.314493717959737 
0.7746583608162319 1.453056895012607 
0.7027269117041027 1.266480285619991 
0.68398680429295 1.103885479125523 
0.9434503556015166 -1.201040308022511 
1.062445335514617 -1.314216088962364 
0.9728973673600947 -1.034391653140549 
0.9809255558750625 -0.883772810803998 
-0.2508982354543465 -1.416532278204054 
-0.4486347693756917 -1.408034077673262 
-0.2584751140548299 -1.686650425274934 
-0.657035517793508 1.134032768322774 
-1.244390465119471 0.3112619013046898 
0.9023127176449591 -1.388561754001582 
-1.20699819397982 -0.6162601338265011 
-1.27865703783456 -0.7672940787754646 
-1.587868608749311 -0.5878715887051563 
-1.279568518454767 -0.4828786987006772 
1.414566796078687 -0.2527699678824381 
1.620301605429432 -0.5408698647338404 
1.428987335046595 -0.589506663304523 
-0.1694478887711968 -1.566030361678463 
-0.05291293491739915 1.308963141147052 
-1.372145342386448 0.1725570269239559 
1.32090635234094 -0.408625405018341 
0.8275186660223366 -1.076016638329348 
0.2928476317381468 -1.354327238632112 
0.2795421399912343 -1.534030072098763 
0.1231817309507819 -1.439369984637202 
1.200107838242152 0.4042310408057735 
0.6960088613702045 -1.366221839143106 
-0.6758254811123658 -1.072380139461701 
1.197388886948478 -0.05011307508601169 
1.091103785630389 0.474858326157911 
-0.08820143341706133 1.176385333248846 
1.09115966360386 -0.08504205095378015 
triangles
924
482 344 459
482 459 496
470 496 471
298 176 299
299 176 175
105 356 247
356 175 177
148 372 303
303 372 65
273 195 43
195 273 330
188 274 189
472 188 512
512 188 428
295 294 476
295 476 492
367 438 520
520 438 517
290 424 291
371 290 82
107 299 106
403 418 404
418 510 475
506 483 484
483 473 513
183 182 20
182 183 185
190 473 272
272 473 330
417 403 515
515 403 429
18 181 434
18 434 340
507 519 166
507 166 165
507 165 464
344 481 345
345 481 306
292 291 439
292 439 198
198 439 199
448 138 137
514 448 449
295 492 398
398 492 399
290 371 424
291 424 332
424 371 283
424 283 382
518 245 138
518 138 514
284 143 384
384 143 142
293 295 303
293 303 66
229 341 345
239 117 59
117 239 360
180 373 103
180 164 166
395 141 143
141 395 396
225 362 92
362 225 393
241 432 242
432 241 337
520 60 367
520 238 59
128 145 148
145 64 65
167 168 475
167 67 68
359 137 136
137 359 360
106 175 356
247 164 180
488 426 387
426 155 386
427 347 346
427 429 403
352 187 48
352 265 353
434 181 321
280 232 252
232 26 228
512 513 473
354 287 38
287 354 454
211 255 501
211 32 33
392 213 307
213 392 87
79 243 78
243 381 244
245 115 136
127 63 64
127 368 237
224 342 231
342 224 94
388 385 108
385 298 107
286 89 216
286 214 88
293 67 167
292 81 82
371 83 283
518 396 245
136 116 359
80 197 79
197 199 381
338 191 419
191 338 74
281 100 249
281 282 99
284 111 112
296 388 108
296 400 425
236 61 62
236 237 368
145 372 148
148 303 295
114 395 113
171 397 69
171 350 402
102 336 101
336 335 249
61 367 60
367 366 438
341 250 345
110 111 364
365 400 296
254 209 283
209 254 207
86 87 392
370 207 85
198 80 81
249 260 281
260 249 389
520 517 238
59 60 520
73 74 338
73 241 72
383 443 374
383 244 317
361 452 297
452 253 217
420 419 445
419 191 315
84 85 254
242 348 71
242 432 346
166 373 180
373 166 519
411 439 440
215 214 285
88 89 286
519 334 373
519 447 335
458 496 459
496 458 262
344 235 459
364 111 284
216 89 90
216 285 286
430 432 337
430 485 431
66 67 293
411 516 199
516 318 381
117 359 116
363 477 361
363 393 433
382 499 333
437 438 366
438 415 517
518 412 141
518 514 132
291 440 439
440 291 332
376 389 335
249 101 336
307 370 392
213 215 405
381 199 516
243 197 381
459 235 186
332 424 333
402 397 171
350 348 347
387 298 385
298 387 386
405 307 213
307 405 308
368 126 422
126 149 423
164 177 165
177 176 157
404 397 402
404 475 168
317 244 381
317 443 383
231 393 224
231 230 433
208 499 382
208 309 502
497 361 477
361 297 362
346 511 427
511 346 431
517 391 238
517 415 414
398 149 148
476 475 510
168 397 404
401 425 400
425 488 387
414 394 391
394 448 137
442 410 258
442 318 516
421 445 419
421 443 444
453 378 508
378 253 497
369 437 366
369 422 509
142 141 412
143 113 395
406 215 285
379 308 405
401 390 151
390 364 384
420 485 430
420 445 484
157 156 314
157 176 155
482 481 344
476 510 491
230 229 306
502 499 208
502 309 308
507 377 447
132 412 518
132 514 449
282 458 186
262 261 471
428 427 511
347 402 350
165 467 464
170 300 52
170 169 455
489 417 498
489 491 510
463 423 149
463 327 505
271 270 140
270 135 129
418 417 510
403 402 347
468 501 469
501 212 211
515 353 498
353 515 474
509 437 369
509 422 423
316 443 317
443 316 444
325 324 451
324 355 450
329 161 14
329 301 358
176 386 155
487 426 488
279 118 120
118 325 119
153 312 151
153 131 269
37 268 36
268 201 203
447 519 507
335 334 519
272 45 190
45 272 44
349 256 500
349 469 267
163 174 15
174 163 248
220 219 226
220 29 218
343 184 21
184 343 320
333 500 331
500 333 499
178 17 340
17 178 16
313 204 218
313 31 210
190 274 472
302 354 39
287 454 288
184 183 21
185 263 470
200 201 268
201 200 287
160 159 246
159 150 154
146 504 147
146 144 125
130 129 135
130 4 5
449 416 451
416 414 119
256 331 500
331 461 332
410 442 516
380 453 508
216 378 285
121 325 118
121 278 1
196 357 40
196 192 194
412 132 131
396 518 141
193 495 506
495 195 330
433 393 231
433 477 363
497 452 361
497 508 378
319 305 304
305 319 479
226 219 227
226 28 220
346 348 242
431 485 513
206 218 204
206 380 322
437 509 503
366 236 369
265 172 498
265 49 50
384 142 152
152 151 390
139 158 140
139 150 159
460 210 212
460 205 204
122 355 324
122 2 3
486 466 465
466 276 277
440 332 461
480 401 151
365 390 400
255 469 501
255 33 34
357 259 302
258 288 454
269 135 270
269 271 312
322 227 219
227 351 228
355 240 134
240 3 4
267 34 35
267 469 255
119 413 120
413 503 124
269 312 153
269 131 133
376 335 447
261 260 389
408 379 205
380 406 453
492 462 399
462 492 491
133 135 269
129 140 270
358 161 329
161 358 162
125 144 123
125 504 146
126 368 127
509 423 505
189 47 187
504 310 505
310 503 509
490 498 172
498 417 515
461 289 409
289 201 287
258 257 441
257 194 494
436 446 179
436 435 375
479 221 305
221 223 230
230 306 305
326 504 505
504 326 147
414 391 517
325 416 119
330 483 506
473 472 512
487 480 246
480 487 488
471 261 375
261 389 376
301 464 314
323 508 497
478 223 222
232 228 252
25 232 280
399 462 457
516 411 410
316 442 441
264 327 169
264 147 326
465 277 156
277 162 358
325 451 416
122 324 121
494 194 193
194 357 196
513 511 431
513 485 484
462 455 457
455 169 327
251 280 252
251 479 233
470 263 482
263 184 320
480 160 246
139 159 158
330 506 495
233 479 319
233 24 280
173 490 172
173 300 456
248 179 446
163 16 178
499 502 468
406 405 215
307 309 207
429 474 515
156 155 465
426 487 155
445 493 484
493 193 506
182 181 19
321 470 435
450 355 134
450 132 449
394 416 448
448 514 138
177 164 247
157 314 467
203 36 268
203 266 35
375 446 436
375 435 471
511 513 512
432 431 346
123 279 120
123 58 0
494 193 493
494 316 441
154 275 486
154 9 10
500 468 349
202 461 331
513 484 483
511 512 428
187 353 474
48 49 352
233 319 234
234 343 22
204 210 460
205 380 206
266 349 267
468 502 407
489 510 417
351 222 252
351 323 478
407 501 468
407 408 460
301 314 358
507 328 377
461 409 440
202 201 289
446 375 377
179 340 436
456 490 173
456 462 491
124 120 413
509 505 310
323 351 227
322 380 508
415 503 413
121 118 278
474 429 428
259 454 302
288 409 289
465 155 487
275 276 466
410 409 288
494 444 316
508 323 322
478 497 477
328 507 464
375 261 376
124 503 310
505 327 326
312 158 160
158 271 140
304 306 481
506 484 493
192 195 495
457 149 399
505 423 463
222 351 478
230 305 221
403 347 427
428 188 474
131 311 412
130 135 134
222 221 251
304 320 319
470 482 496
435 434 321
464 467 314
151 312 160
401 488 425
456 491 489
265 498 353
494 493 444
419 339 338
49 265 352
310 504 125
437 503 415
413 119 414
308 407 502
501 407 212
499 468 500
489 498 490
475 404 418
452 497 253
323 497 478
380 379 406
458 282 262
282 186 99
262 471 496
275 11 276
276 11 12
73 338 337
192 495 193
257 494 441
444 493 445
275 466 486
154 486 246
487 486 465
475 294 167
491 492 476
456 489 490
488 401 480
425 388 296
246 486 487
420 430 339
484 485 420
483 330 473
263 320 304
304 482 263
442 316 318
257 357 194
250 235 344
304 481 482
185 470 321
234 320 343
321 182 185
430 337 339
192 42 195
188 472 274
160 480 151
251 221 479
433 223 477
477 223 478
294 475 476
455 300 170
133 132 450
450 134 133
450 451 324
187 474 188
472 473 190
470 471 435
434 436 340
248 446 328
202 331 256
203 256 266
212 407 460
468 469 349
467 165 177
177 157 467
277 465 466
328 464 301
463 149 457
457 327 463
456 455 462
202 289 461
410 288 258
308 379 408
408 205 460
458 459 186
278 118 279
123 120 124
455 327 457
455 456 300
454 259 258
257 259 357
354 302 454
285 453 406
285 378 453
217 297 452
450 449 451
448 416 449
376 447 377
446 377 328
421 444 445
374 443 421
421 315 374
258 441 442
409 411 440
199 439 411
437 415 438
178 340 179
434 435 436
223 433 230
229 231 342
342 341 229
306 229 345
390 384 152
152 311 153
240 130 134
430 431 432
427 428 429
386 387 426
387 388 425
208 382 209
382 333 424
128 149 126
423 422 126
369 368 422
421 419 315
339 419 420
417 418 403
416 394 414
394 360 391
413 414 415
142 412 311
409 410 411
407 308 408
405 406 379
402 403 404
362 393 363
400 390 401
399 149 398
398 148 295
175 106 299
168 69 397
214 87 88
87 214 213
245 396 114
395 114 396
391 239 238
394 137 360
92 362 297
191 75 315
342 94 95
224 393 225
77 244 383
86 392 370
391 360 239
390 365 364
365 296 109
247 104 105
334 336 102
335 389 249
262 281 260
387 385 388
298 386 176
107 108 385
292 82 290
217 90 91
364 284 384
374 77 383
374 315 76
382 283 209
198 197 80
381 318 317
379 380 205
378 216 253
85 86 370
152 142 311
71 350 70
96 341 95
375 376 377
236 367 61
76 77 374
92 297 91
103 373 334
109 110 365
145 65 372
82 83 371
307 207 370
71 348 350
334 102 103
96 250 341
198 81 292
368 369 236
236 366 367
197 243 79
106 356 105
77 78 244
114 115 245
145 127 64
127 237 63
364 365 110
361 362 363
83 84 283
359 117 360
98 235 97
241 73 337
277 358 314
14 174 329
99 100 281
63 237 62
357 302 40
313 210 204
30 31 313
177 247 356
240 4 130
240 355 122
207 309 208
38 39 354
352 353 187
27 28 226
252 228 351
0 1 278
70 350 171
349 266 256
346 347 348
250 344 345
21 22 343
341 342 95
172 50 51
38 287 200
169 53 54
43 44 273
17 18 340
337 338 339
334 335 336
331 332 333
251 233 280
46 274 190
272 330 273
57 146 56
293 167 294
8 139 7
174 301 329
301 248 328
55 264 54
264 326 327
121 324 325
52 53 170
52 173 51
323 227 322
206 322 219
20 21 183
181 182 321
234 319 320
316 317 318
315 75 76
162 276 12
314 156 277
206 219 218
218 30 313
6 140 129
158 312 271
225 92 93
189 46 47
311 131 153
310 125 124
242 71 72
307 308 309
97 250 96
304 305 306
34 267 255
129 5 6
0 279 123
26 27 228
22 23 234
42 196 41
55 147 264
303 65 66
40 41 196
39 40 302
248 301 174
12 13 162
275 10 11
52 300 173
298 299 107
297 217 91
108 109 296
293 294 295
290 291 292
287 288 289
115 116 136
285 214 286
112 143 284
254 283 84
281 262 282
24 25 280
57 144 146
0 278 279
27 226 228
276 162 277
154 10 275
46 189 274
272 273 44
269 270 271
200 268 37
35 266 267
31 32 210
50 172 265
264 169 54
184 263 185
260 261 262
257 258 259
256 203 202
33 255 211
85 207 254
29 30 218
216 217 253
251 252 222
93 94 224
233 23 24
235 250 97
100 101 249
179 248 163
247 180 104
161 13 14
154 246 159
7 140 6
245 136 138
243 244 78
241 242 72
3 240 122
59 238 239
144 58 123
236 62 237
56 147 55
235 98 186
23 233 234
232 25 26
229 230 231
226 227 228
28 29 220
224 225 93
221 222 223
218 219 220
216 90 217
213 214 215
211 210 32
210 211 212
207 208 209
203 35 36
204 205 206
201 202 203
38 200 37
197 198 199
196 42 192
42 43 195
192 193 194
191 74 75
46 190 45
187 47 48
187 188 189
99 186 98
183 184 185
182 19 20
18 19 181
180 103 104
163 178 179
175 176 177
174 14 15
172 51 173
171 69 70
168 68 69
53 169 170
167 68 168
164 165 166
163 15 16
13 161 162
158 159 160
155 156 157
154 150 9
151 152 153
139 8 150
143 112 113
9 150 8
148 149 128
146 147 56
127 145 128
58 144 57
141 142 143
139 140 7
136 137 138
134 135 133
131 132 133
5 129 130
2 121 1
126 127 128
123 124 125
121 2 122
118 119 120
segment tags
521
[11, 1000]
[11, 1000]
[11, 1000]
[11, 1000]
[11, 1000]
[11, 1000]
[11, 1000]
[11, 1000]
[11, 1000]
[11, 1000]
[11, 1000]
[11, 1000]
[11, 1000]
[11, 1000]
[11, 1000]
[11, 1000]
[11, 1000]
[11, 1000]
[11, 1000]
[11, 1000]
[11, 1000]
[11, 1000]
[11, 1000]
[11, 1000]
[11, 1000]
[11, 1000]
[11, 1000]
[11, 1000]
[11, 1000]
[11, 1000]
[11, 1000]
[11, 1000]
[11, 1000]
[11, 1000]
[11, 1000]
[11, 1000]
[11, 1000]
[11, 1000]
[11, 1000]
[11, 1000]
[11, 1000]
[11, 1000]
[11, 1000]
[11, 1000]
[11, 1000]
[11, 1000]
[11, 1000]
[11, 1000]
[11, 1000]
[11, 1000]
[11, 1000]
[11, 1000]
[11, 1000]
[11, 1000]
[11, 1000]
[11, 1000]
[11, 1000]
[11, 1000]
[11, 1000]
[10, 1000]
[10, 1000]
[10, 1000]
[10, 1000]
[10, 1000]
[10, 1000]
[10, 1000]
[10, 1000]
[10, 1000]
[10, 1000]
[10, 1000]
[10, 1000]
[10, 1000]
[10, 1000]
[10, 1000]
[10, 1000]
[10, 1000]
[10, 1000]
[10, 1000]
[10, 1000]
[10, 1000]
[10, 1000]
[10, 1000]
[10, 1000]
[10, 1000]
[10, 1000]
[10, 1000]
[10, 1000]
[10, 1000]
[10, 1000]
[10, 1000]
[10, 1000]
[10, 1000]
[10, 1000]
[10, 1000]
[10, 1000]
[10, 1000]
[10, 1000]
[10, 1000]
[10, 1000]
[10, 1000]
[10, 1000]
[10, 1000]
[10, 1000]
[10, 1000]
[10, 1000]
[10, 1000]
[10, 1000]
[10, 1000]
[10, 1000]
[10, 1000]
[10, 1000]
[10, 1000]
[10, 1000]
[10, 1000]
[10, 1000]
[10, 1000]
[10, 1000]
[10, 1000]
[2000]
[2000]
[2000]
[2000]
[2000]
[2000]
[2000]
[2000]
[2000]
[2000]
[2000]
[2000]
[2000]
[2000]
[2000]
[2000]
[2000]
[2000]
[2000]
[2000]
[2000]
[2000]
[2000]
[2000]
[2000]
[2000]
[2000]
[2000]
[2000]
[2000]
[2000]
[2000]
[2000]
[2000]
[2000]
[2000]
[2000]
[2000]
[2000]
[2000]
[2000]
[2000]
[2000]
[2000]
[2000]
[2000]
[2000]
[2000]
[2000]
[2000]
[2000]
[2000]
[2000]
[2000]
[2000]
[2000]
[2000]
[2000]
[2000]
[2000]
[2000]
[2000]
[2000]
[2000]
[2000]
[2000]
[2000]
[2000]
[2000]
[2000]
[2000]
[2000]
[2000]
[2000]
[2000]
[2000]
[2000]
[2000]
[2000]
[2000]
[2000]
[2000]
[2000]
[2000]
[2000]
[2000]
[2000]
[2000]
[2000]
[2000]
[2000]
[2000]
[2000]
[2000]
[2000]
[2000]
[2000]
[2000]
[2000]
[2000]
[2000]
[2000]
[2000]
[2000]
[2000]
[2000]
[2000]
[2000]
[2000]
[2000]
[2000]
[2000]
[2000]
[2000]
[2000]
[2000]
[2000]
[2000]
[2000]
[2000]
[2000]
[2000]
[2000]
[2000]
[2000]
[2000]
[2000]
[2000]
[2000]
[2000]
[2000]
[2000]
[2000]
[2000]
[2000]
[2000]
[2000]
[2000]
[2000]
[2000]
[2000]
[2000]
[2000]
[2000]
[2000]
[2000]
[2000]
[2000]
[2000]
[2000]
[2000]
[2000]
[2000]
[2000]
[2000]
[2000]
[2000]
[2000]
[2000]
[2000]
[2000]
[2000]
[2000]
[2000]
[2000]
[2000]
[2000]
[2000]
[2000]
[2000]
[2000]
[2000]
[2000]
[2000]
[2000]
[2000]
[2000]
[2000]
[2000]
[2000]
[2000]
[2000]
[2000]
[2000]
[2000]
[2000]
[2000]
[2000]
[2000]
[2000]
[2000]
[2000]
[2000]
[2000]
[2000]
[2000]
[2000]
[2000]
[2000]
[2000]
[2000]
[2000]
[2000]
[2000]
[2000]
[2000]
[2000]
[2000]
[2000]
[2000]
[2000]
[2000]
[2000]
[2000]
[2000]
[2000]
[2000]
[2000]
[2000]
[2000]
[2000]
[2000]
[2000]
[2000]
[2000]
[2000]
[2000]
[2000]
[2000]
[2000]
[2000]
[2000]
[2000]
[2000]
[2000]
[2000]
[2000]
[2000]
[2000]
[2000]
[2000]
[2000]
[2000]
[2000]
[2000]
[2000]
[2000]
[2000]
[2000]
[2000]
[2000]
[2000]
[2000]
[2000]
[2000]
[2000]
[2000]
[2000]
[2000]
[2000]
[2000]
[2000]
[2000]
[2000]
[2000]
[2000]
[2000]
[2000]
[2000]
[2000]
[2000]
[2000]
[2000]
[2000]
[2000]
[2000]
[2000]
[2000]
[2000]
[2000]
[2000]
[2000]
[2000]
[2000]
[2000]
[2000]
[2000]
[2000]
[2000]
[2000]
[2000]
[2000]
[2000]
[2000]
[2000]
[2000]
[2000]
[2000]
[2000]
[2000]
[2000]
[2000]
[2000]
[2000]
[2000]
[2000]
[2000]
[2000]
[2000]
[2000]
[2000]
[2000]
[2000]
[2000]
[2000]
[2000]
[2000]
[2000]
[2000]
[2000]
[2000]
[2000]
[2000]
[2000]
[2000]
[2000]
[2000]
[2000]
[2000]
[2000]
[2000]
[2000]
[2000]
[2000]
[2000]
[2000]
[2000]
[2000]
[2000]
[2000]
[2000]
[2000]
[2000]
[2000]
[2000]
[2000]
[2000]
[2000]
[2000]
[2000]
[2000]
[2000]
[2000]
[2000]
[2000]
[2000]
[2000]
[2000]
[2000]
[2000]
[2000]
[2000]
[2000]
[2000]
[2000]
[2000]
[2000]
[2000]
[2000]
[2000]
[2000]
[2000]
[2000]
[2000]
[2000]
[2000]
[2000]
[2000]
[2000]
[2000]
[2000]
[2000]
[2000]
[2000]
[2000]
[2000]
[2000]
[2000]
[2000]
[2000]
[2000]
[2000]
[2000]
[2000]
[2000]
[2000]
[2000]
[2000]
[2000]
[2000]
[2000]
[2000]
[2000]
trig neighbours
521
[464, 746, 797, 822]
[318, 746, 919]
[348, 919, 922]
[348, 363, 855]
[309, 363, 739]
[309, 796, 918]
[785, 796, 851]
[766, 851, 914]
[766, 906, 908]
[468, 904, 908]
[468, 807, 825]
[552, 553, 807]
[553, 781, 806]
[806, 849, 901]
[269, 732, 849, 893]
[285, 893, 900]
[294, 440, 900]
[293, 294, 757]
[31, 32, 757, 889]
[449, 888, 889]
[25, 776, 888]
[289, 300, 751, 776]
[476, 751, 799]
[799, 844, 861]
[436, 820, 844]
[412, 820, 862]
[84, 798, 862]
[744, 798, 823]
[332, 744, 865]
[288, 840, 865]
[737, 784, 840]
[296, 737, 831]
[89, 831, 871]
[89, 355, 838]
[355, 364, 795]
[364, 458, 830, 874]
[277, 457, 874]
[277, 829, 877]
[86, 742, 754, 877]
[298, 742, 804]
[319, 735, 803, 804]
[800, 803]
[580, 800, 879, 880]
[9, 756, 880]
[282, 756, 827]
[281, 282, 883]
[762, 788, 826, 883]
[384, 788, 884]
[80, 474, 884]
[340, 474, 537]
[340, 753, 832]
[753, 773, 894]
[249, 772, 773, 808]
[755, 772, 897]
[755, 769, 833]
[769, 801, 859]
[764, 859, 910]
[764, 821, 912]
[464, 857, 912]
[56, 67, 139, 856]
[66, 126, 139]
[117, 126, 705]
[117, 734, 858]
[95, 724, 734]
[69, 95, 723]
[8, 69, 710, 802]
[54, 166, 802]
[71, 103, 166]
[71, 896, 898]
[122, 667, 895, 896]
[702, 747, 895]
[149, 702, 713, 791]
[141, 791, 854]
[140, 141, 554, 730]
[111, 140, 882]
[675, 780, 882]
[694, 706, 780]
[678, 693, 706, 721]
[92, 721, 853]
[92, 108, 719]
[108, 135, 696]
[104, 135, 716]
[19, 104, 690, 711]
[105, 711, 727]
[148, 727, 818]
[134, 148, 700, 839]
[133, 679, 700]
[91, 133, 668, 669]
[102, 155, 668]
[101, 155, 162]
[162, 691, 869]
[691, 707, 810]
[62, 674, 707, 787]
[787, 843, 866]
[98, 676, 843]
[676, 703, 752]
[703, 715, 793]
[729, 793, 845]
[729, 860, 886]
[113, 550, 733, 886]
[112, 733, 846]
[124, 180, 846]
[124, 684, 714]
[58, 708, 714, 890]
[683, 848, 890]
[5, 683, 720]
[20, 74, 666, 720]
[20, 100, 689, 809]
[99, 115, 689, 811]
[682, 709, 811]
[129, 709, 725]
[114, 129, 161]
[114, 817, 907]
[121, 227, 907]
[121, 670, 671, 722]
[94, 722, 815]
[107, 169, 815]
[56, 57, 169, 728]
[273, 274, 317, 499, 612, 923]
[274, 311, 366, 401, 540, 923]
[273, 366, 463, 494, 613, 923]
[317, 318, 421, 499, 771, 919, 922]
[347, 348, 421, 740, 855, 922]
[380, 463, 464, 613, 797, 857, 921]
[367, 494, 511, 613, 790, 921]
[307, 380, 381, 538, 790, 921]
[193, 194, 382, 648, 649, 920]
[95, 96, 382, 723, 724, 911, 920]
[68, 648, 909, 911, 920]
[256, 308, 377, 785, 796, 918]
[308, 309, 525, 641, 739, 918]
[276, 321, 369, 524, 789, 917]
[176, 242, 243, 321, 452, 588, 917]
[369, 376, 588, 589, 916, 917]
[362, 451, 525, 589, 641, 916]
[256, 308, 358, 376, 525, 916]
[72, 94, 107, 815, 852, 915]
[41, 72, 73, 217, 673, 915]
[41, 49, 50, 454, 852, 915]
[343, 344, 433, 766, 906, 914]
[255, 343, 377, 514, 785, 851, 914]
[60, 61, 175, 226, 322, 913]
[52, 226, 341, 657, 701, 913]
[51, 52, 60, 227, 817, 907, 913]
[307, 380, 821, 857, 912]
[68, 69, 119, 710, 723, 911]
[306, 307, 381, 764, 821, 910]
[306, 399, 417, 801, 859, 910]
[7, 68, 119, 120, 211, 665, 909]
[194, 211, 253, 518, 604, 648, 664, 909]
[305, 344, 904, 906, 908]
[230, 275, 342, 352, 531, 582, 905]
[341, 342, 639, 640, 701, 905]
[275, 276, 368, 640, 789, 905]
[305, 467, 468, 559, 825, 850, 904]
[77, 235, 271, 445, 446, 503, 903]
[234, 418, 445, 782, 903]
[196, 234, 235, 456, 601, 903]
[343, 433, 513, 514, 786, 902]
[304, 305, 344, 433, 850, 902]
[304, 432, 513, 531, 582, 902]
[269, 378, 379, 849, 901]
[379, 419, 781, 806, 824, 901]
[285, 286, 440, 847, 891, 900]
[59, 75, 195, 455, 899]
[34, 35, 195, 248, 600, 899]
[33, 34, 59, 151, 152, 899]
[70, 71, 103, 561, 765, 898]
[70, 198, 213, 667, 896, 898]
[250, 416, 427, 755, 833, 897]
[249, 250, 587, 772, 897]
[122, 123, 187, 747, 895]
[339, 387, 437, 753, 832, 894]
[437, 438, 492, 773, 808, 894]
[285, 286, 732, 767, 805, 893]
[4, 6, 74, 666, 892]
[3, 4, 196, 235, 271, 688, 892]
[6, 195, 196, 455, 600, 601, 738, 892]
[293, 294, 440, 633, 891]
[393, 439, 491, 633, 847, 891]
[58, 59, 75, 151, 848, 890]
[31, 82, 449, 777, 889]
[25, 26, 449, 578, 777, 888]
[25, 26, 300, 776, 887]
[289, 290, 300, 431, 834, 887]
[26, 301, 576, 578, 834, 887]
[185, 244, 550, 611, 860, 886]
[80, 384, 473, 591, 743, 884, 885]
[11, 12, 13, 523, 581, 591, 885]
[11, 384, 788, 826, 885]
[27, 281, 297, 592, 762, 883]
[110, 111, 147, 675, 882]
[320, 517, 555, 580, 879, 881]
[323, 422, 448, 465, 555, 881]
[320, 392, 422, 423, 573, 881]
[9, 10, 324, 517, 580, 880]
[319, 320, 423, 800, 803, 879]
[108, 109, 184, 696, 719, 878]
[39, 40, 135, 696, 716, 878]
[40, 109, 167, 183, 631, 878]
[302, 303, 754, 829, 877]
[278, 302, 303, 390, 489, 876]
[470, 489, 596, 607, 837, 876]
[278, 457, 458, 597, 837, 874, 876]
[295, 335, 346, 477, 736, 875]
[346, 372, 478, 610, 698, 875]
[335, 336, 478, 775, 783, 875]
[132, 134, 443, 712, 741, 839, 873]
[203, 204, 239, 646, 741, 873]
[131, 132, 646, 695, 873]
[296, 345, 477, 736, 831, 871, 872]
[88, 89, 260, 838, 871, 872]
[260, 345, 542, 598, 872]
[90, 91, 182, 191, 669, 870]
[102, 154, 668, 669, 816, 870]
[154, 182, 228, 442, 870]
[101, 162, 163, 316, 699, 841, 869]
[145, 621, 691, 810, 841, 869]
[288, 295, 335, 783, 784, 840, 868]
[287, 331, 360, 775, 783, 868]
[287, 288, 332, 865, 868]
[395, 396, 521, 526, 583, 867]
[410, 482, 520, 526, 842, 867]
[396, 410, 584, 585, 635, 867]
[97, 98, 201, 677, 843, 866]
[62, 63, 677, 787, 866]
[287, 331, 332, 744, 823, 864]
[331, 360, 361, 496, 774, 864]
[84, 361, 411, 745, 798, 823, 864]
[55, 238, 636, 637, 638, 863]
[202, 238, 396, 397, 521, 635, 863]
[97, 201, 202, 325, 636, 863]
[83, 84, 411, 412, 862]
[429, 435, 436, 475, 761, 844, 861]
[475, 476, 577, 778, 799, 861]
[160, 185, 574, 729, 845, 860]
[117, 118, 338, 705, 717, 718, 858]
[96, 118, 724, 734, 858]
[67, 138, 209, 672, 856]
[56, 57, 672, 680, 856]
[362, 363, 641, 739, 740, 855]
[64, 65, 141, 730, 854]
[64, 149, 150, 333, 791, 854]
[92, 93, 184, 719, 853]
[93, 143, 199, 678, 721, 853]
[49, 94, 106, 670, 722, 852]
[304, 404, 432, 559, 566, 850]
[5, 75, 455, 683, 738, 848]
[286, 439, 595, 768, 805, 847]
[112, 125, 136, 137, 180, 685, 846]
[128, 574, 715, 750, 793, 845]
[428, 429, 526, 583, 761, 842]
[83, 411, 428, 482, 745, 842]
[145, 223, 546, 699, 841]
[131, 132, 148, 818, 839]
[88, 354, 355, 365, 795, 838]
[283, 312, 596, 597, 748, 837]
[391, 392, 556, 573, 617, 836]
[218, 357, 391, 608, 616, 629, 836]
[356, 501, 616, 617, 836]
[136, 137, 371, 686, 835]
[245, 371, 406, 407, 510, 835]
[159, 245, 549, 551, 686, 819, 835]
[301, 430, 431, 570, 571, 834]
[416, 417, 769, 770, 801, 833]
[81, 339, 340, 534, 537, 832]
[458, 479, 597, 748, 830]
[284, 364, 365, 479, 795, 830]
[277, 278, 302, 457, 829]
[276, 358, 359, 368, 369, 376, 828]
[255, 256, 358, 377, 828]
[255, 359, 514, 786, 828]
[27, 28, 281, 282, 763, 827]
[9, 10, 756, 763, 827]
[11, 297, 581, 762, 826]
[467, 504, 552, 558, 807, 825]
[350, 504, 552, 553, 781, 824]
[350, 418, 419, 602, 731, 782, 824]
[318, 499, 612, 746, 822]
[273, 463, 612, 797, 822]
[83, 412, 428, 436, 761, 820]
[112, 113, 136, 686, 733, 819]
[113, 244, 549, 550, 819]
[47, 48, 105, 131, 695, 727, 818]
[51, 114, 161, 692, 817]
[154, 163, 228, 316, 619, 620, 816]
[101, 102, 155, 163, 816]
[86, 87, 299, 303, 390, 754, 814]
[299, 357, 502, 505, 608, 814]
[389, 390, 489, 502, 607, 814]
[18, 19, 45, 690, 813]
[18, 38, 46, 177, 178, 813]
[38, 39, 104, 690, 716, 813]
[53, 54, 103, 166, 765, 812]
[14, 561, 586, 765, 812]
[14, 15, 43, 53, 120, 665, 812]
[115, 116, 130, 565, 682, 811]
[144, 206, 621, 674, 707, 810]
[3, 100, 189, 190, 688, 809]
[3, 4, 20, 666, 809]
[249, 438, 587, 615, 808]
[270, 408, 486, 603, 767, 768, 805]
[298, 356, 501, 618, 735, 804]
[7, 8, 53, 54, 120, 802]
[329, 515, 527, 570, 571, 575, 794]
[329, 330, 395, 397, 521, 794]
[37, 238, 397, 515, 638, 794]
[90, 181, 191, 192, 443, 712, 792]
[192, 229, 240, 541, 609, 659, 792]
[204, 240, 443, 741, 792]
[385, 386, 495, 511, 538, 790]
[524, 640, 657, 701, 789]
[275, 359, 368, 513, 531, 786]
[295, 296, 736, 737, 784]
[234, 408, 456, 486, 530, 731, 782]
[147, 628, 651, 675, 694, 780]
[265, 266, 415, 466, 506, 572, 779]
[143, 199, 200, 265, 697, 779]
[168, 219, 572, 697, 779]
[329, 330, 435, 475, 527, 778]
[290, 431, 527, 570, 577, 778]
[82, 450, 529, 576, 578, 777]
[336, 360, 497, 507, 774, 775]
[409, 483, 496, 507, 547, 774]
[267, 268, 347, 421, 590, 771]
[267, 274, 317, 401, 420, 771]
[398, 399, 417, 512, 770]
[254, 416, 427, 512, 605, 614, 770]
[487, 509, 595, 603, 625, 768]
[269, 270, 378, 732, 767]
[10, 28, 324, 402, 434, 569, 763]
[291, 312, 313, 470, 596, 760]
[46, 178, 186, 313, 351, 760]
[172, 186, 291, 292, 647, 760]
[156, 280, 684, 708, 714, 759]
[125, 157, 179, 280, 370, 685, 759]
[124, 125, 180, 684, 759]
[65, 164, 554, 579, 730, 758]
[110, 111, 140, 536, 554, 758]
[536, 567, 579, 652, 758]
[32, 293, 491, 594, 633, 757]
[55, 128, 637, 703, 715, 752]
[97, 98, 636, 637, 676, 752]
[289, 290, 476, 577, 751]
[0, 36, 160, 236, 574, 750]
[36, 37, 55, 128, 638, 750]
[78, 150, 207, 208, 333, 462, 749]
[78, 188, 247, 258, 522, 749]
[149, 188, 333, 713, 749]
[283, 284, 469, 479, 599, 748]
[123, 188, 247, 702, 713, 747]
[361, 482, 483, 496, 520, 745]
[80, 81, 474, 537, 743]
[81, 261, 262, 473, 534, 743]
[86, 87, 298, 618, 742]
[268, 347, 362, 451, 740]
[5, 6, 74, 720, 738]
[319, 356, 423, 573, 617, 735]
[270, 378, 379, 419, 486, 731]
[72, 73, 107, 169, 728]
[57, 73, 655, 673, 680, 728]
[144, 170, 205, 206, 327, 726]
[62, 63, 206, 662, 674, 726]
[170, 171, 326, 662, 726]
[129, 161, 231, 681, 692, 725]
[130, 353, 681, 682, 709, 725]
[127, 173, 224, 338, 718]
[16, 66, 126, 127, 705, 718]
[96, 118, 193, 382, 650, 717]
[224, 225, 263, 338, 650, 717]
[134, 181, 679, 700, 712]
[19, 45, 47, 105, 711]
[7, 8, 119, 710]
[58, 151, 152, 156, 708]
[142, 627, 628, 693, 694, 706]
[394, 406, 459, 460, 490, 510, 704]
[179, 370, 407, 510, 624, 704]
[241, 487, 490, 624, 625, 704]
[222, 223, 316, 328, 620, 699]
[229, 372, 548, 609, 660, 698]
[315, 336, 373, 478, 497, 548, 698]
[93, 109, 168, 183, 184, 199, 697]
[48, 172, 203, 646, 647, 695]
[142, 143, 200, 678, 693]
[51, 52, 231, 341, 639, 692]
[99, 100, 189, 687, 689]
[77, 190, 271, 644, 688]
[76, 189, 190, 215, 644, 645, 687]
[99, 115, 565, 645, 687]
[137, 179, 371, 407, 685]
[230, 231, 342, 353, 639, 663, 681]
[209, 216, 400, 655, 672, 680]
[90, 91, 133, 181, 679]
[63, 171, 201, 325, 662, 677]
[216, 217, 453, 654, 655, 673]
[60, 61, 121, 227, 671]
[61, 106, 322, 670, 671]
[122, 187, 197, 213, 667]
[43, 44, 211, 664, 665]
[44, 374, 413, 518, 664]
[116, 130, 214, 353, 663]
[214, 230, 352, 532, 564, 663]
[123, 187, 197, 247, 258, 661]
[21, 29, 30, 79, 258, 522, 653, 661]
[21, 197, 198, 213, 545, 661]
[182, 191, 192, 229, 442, 660]
[228, 373, 442, 548, 619, 660]
[480, 484, 485, 541, 542, 598, 659]
[372, 485, 609, 610, 659]
[389, 488, 502, 505, 630, 658]
[218, 314, 414, 505, 608, 658]
[153, 167, 414, 630, 631, 658]
[175, 226, 242, 321, 524, 657]
[366, 367, 494, 498, 540, 656]
[210, 216, 311, 400, 540, 654, 656]
[174, 210, 498, 539, 632, 656]
[310, 311, 401, 420, 453, 623, 654]
[29, 251, 257, 388, 481, 653]
[21, 22, 257, 545, 653]
[110, 146, 147, 220, 536, 651, 652]
[146, 232, 233, 567, 568, 652]
[220, 221, 626, 627, 628, 651]
[193, 225, 264, 649, 650]
[194, 253, 264, 383, 519, 649]
[18, 45, 46, 47, 48, 186, 647]
[116, 214, 215, 532, 565, 645]
[76, 77, 272, 446, 644]
[78, 79, 207, 246, 522, 643]
[13, 246, 472, 500, 523, 643]
[30, 79, 444, 500, 643]
[164, 165, 232, 567, 579, 642]
[165, 208, 334, 424, 462, 642]
[64, 65, 150, 164, 462, 642]
[171, 202, 325, 326, 584, 635]
[31, 32, 82, 529, 594, 634]
[394, 450, 460, 529, 593, 634]
[393, 394, 459, 491, 594, 634]
[173, 224, 263, 337, 539, 632]
[16, 17, 127, 173, 174, 632]
[38, 39, 40, 153, 177, 631]
[153, 177, 178, 351, 488, 630]
[391, 415, 466, 556, 629]
[218, 219, 314, 415, 572, 629]
[142, 200, 221, 265, 266, 627]
[221, 266, 506, 535, 557, 626]
[146, 220, 233, 447, 557, 626]
[393, 439, 459, 490, 595, 625]
[157, 241, 279, 370, 624]
[41, 42, 217, 453, 454, 623]
[42, 243, 310, 452, 622, 623]
[268, 451, 452, 588, 589, 590, 622]
[267, 310, 420, 590, 622]
[144, 145, 327, 546, 621]
[222, 315, 373, 619, 620]
[87, 299, 357, 501, 616, 618]
[250, 426, 427, 587, 606, 614, 615]
[438, 492, 493, 533, 563, 606, 615]
[413, 426, 518, 604, 605, 614]
[158, 159, 244, 549, 611]
[0, 1, 158, 160, 185, 611]
[345, 346, 477, 485, 598, 610]
[313, 351, 389, 470, 488, 607]
[374, 375, 413, 426, 493, 606]
[253, 254, 519, 604, 605]
[35, 248, 408, 509, 530, 603]
[349, 418, 445, 503, 560, 602]
[349, 350, 504, 558, 602]
[248, 456, 530, 600, 601]
[259, 441, 469, 480, 484, 543, 599]
[259, 284, 354, 365, 599]
[2, 301, 430, 450, 528, 576, 593]
[2, 245, 406, 460, 551, 593]
[12, 297, 403, 581, 592]
[24, 27, 28, 85, 403, 569, 592]
[262, 444, 473, 500, 523, 591]
[22, 70, 198, 212, 545, 561, 586]
[14, 15, 212, 237, 562, 586]
[170, 205, 326, 508, 584, 585]
[410, 483, 508, 520, 547, 585]
[330, 395, 429, 435, 583]
[352, 404, 405, 432, 564, 582]
[36, 37, 236, 515, 575]
[0, 1, 236, 430, 528, 571, 575]
[23, 24, 402, 471, 569]
[23, 233, 425, 447, 471, 516, 568]
[165, 232, 334, 425, 568]
[349, 467, 558, 559, 560, 566]
[272, 404, 405, 446, 503, 560, 566]
[76, 215, 272, 405, 532, 564]
[251, 252, 481, 533, 544, 563]
[387, 437, 492, 544, 563]
[237, 252, 375, 493, 533, 562]
[15, 43, 44, 374, 375, 562]
[447, 448, 465, 516, 535, 557]
[392, 422, 465, 466, 506, 535, 556]
[323, 324, 434, 517, 555]
[1, 2, 158, 159, 528, 551]
[205, 223, 327, 328, 409, 508, 546, 547]
[251, 261, 339, 387, 388, 534, 544]
[172, 203, 239, 292, 441, 543]
[283, 291, 292, 312, 469, 543]
[88, 259, 260, 354, 484, 542]
[204, 239, 240, 441, 480, 541]
[337, 367, 386, 498, 511, 539]
[306, 381, 385, 398, 399, 538]
[254, 383, 385, 398, 495, 512, 519]
[23, 323, 402, 434, 448, 516]
[33, 34, 35, 241, 279, 487, 509]
[222, 315, 328, 409, 497, 507]
[225, 263, 264, 337, 383, 386, 495]
[22, 212, 237, 252, 257, 481]
[207, 208, 246, 424, 461, 472]
[12, 13, 85, 403, 461, 472]
[24, 85, 334, 424, 425, 461, 471]
[42, 50, 176, 243, 454]
[29, 30, 261, 262, 388, 444]
[167, 168, 183, 219, 314, 414]
[17, 138, 174, 209, 210, 400]
[49, 50, 106, 175, 176, 242, 322]
[33, 152, 156, 157, 279, 280]
[16, 17, 66, 67, 138, 139]
node neighbours
521
[464, 746, 797, 822]
[318, 746, 919]
[348, 919, 922]
[348, 363, 855]
[309, 363, 739]
[309, 796, 918]
[785, 796, 851]
[766, 851, 914]
[766, 906, 908]
[468, 904, 908]
[468, 807, 825]
[552, 553, 807]
[553, 781, 806]
[806, 849, 901]
[269, 732, 849, 893]
[285, 893, 900]
[294, 440, 900]
[293, 294, 757]
[31, 32, 757, 889]
[449, 888, 889]
[25, 776, 888]
[289, 300, 751, 776]
[476, 751, 799]
[799, 844, 861]
[436, 820, 844]
[412, 820, 862]
[84, 798, 862]
[744, 798, 823]
[332, 744, 865]
[288, 840, 865]
[737, 784, 840]
[296, 737, 831]
[89, 831, 871]
[89, 355, 838]
[355, 364, 795]
[364, 458, 830, 874]
[277, 457, 874]
[277, 829, 877]
[86, 742, 754, 877]
[298, 742, 804]
[319, 735, 803, 804]
[800, 803]
[580, 800, 879, 880]
[9, 756, 880]
[282, 756, 827]
[281, 282, 883]
[762, 788, 826, 883]
[384, 788, 884]
[80, 474, 884]
[340, 474, 537]
[340, 753, 832]
[753, 773, 894]
[249, 772, 773, 808]
[755, 772, 897]
[755, 769, 833]
[769, 801, 859]
[764, 859, 910]
[764, 821, 912]
[464, 857, 912]
[56, 67, 139, 856]
[66, 126, 139]
[117, 126, 705]
[117, 734, 858]
[95, 724, 734]
[69, 95, 723]
[8, 69, 710, 802]
[54, 166, 802]
[71, 103, 166]
[71, 896, 898]
[122, 667, 895, 896]
[702, 747, 895]
[149, 702, 713, 791]
[141, 791, 854]
[140, 141, 554, 730]
[111, 140, 882]
[675, 780, 882]
[694, 706, 780]
[678, 693, 706, 721]
[92, 721, 853]
[92, 108, 719]
[108, 135, 696]
[104, 135, 716]
[19, 104, 690, 711]
[105, 711, 727]
[148, 727, 818]
[134, 148, 700, 839]
[133, 679, 700]
[91, 133, 668, 669]
[102, 155, 668]
[101, 155, 162]
[162, 691, 869]
[691, 707, 810]
[62, 674, 707, 787]
[787, 843, 866]
[98, 676, 843]
[676, 703, 752]
[703, 715, 793]
[729, 793, 845]
[729, 860, 886]
[113, 550, 733, 886]
[112, 733, 846]
[124, 180, 846]
[124, 684, 714]
[58, 708, 714, 890]
[683, 848, 890]
[5, 683, 720]
[20, 74, 666, 720]
[20, 100, 689, 809]
[99, 115, 689, 811]
[682, 709, 811]
[129, 709, 725]
[114, 129, 161]
[114, 817, 907]
[121, 227, 907]
[121, 670, 671, 722]
[94, 722, 815]
[107, 169, 815]
[56, 57, 169, 728]
[273, 274, 317, 499, 612, 923]
[274, 311, 366, 401, 540, 923]
[273, 366, 463, 494, 613, 923]
[317, 318, 421, 499, 771, 919, 922]
[347, 348, 421, 740, 855, 922]
[380, 463, 464, 613, 797, 857, 921]
[367, 494, 511, 613, 790, 921]
[307, 380, 381, 538, 790, 921]
[193, 194, 382, 648, 649, 920]
[95, 96, 382, 723, 724, 911, 920]
[68, 648, 909, 911, 920]
[256, 308, 377, 785, 796, 918]
[308, 309, 525, 641, 739, 918]
[276, 321, 369, 524, 789, 917]
[176, 242, 243, 321, 452, 588, 917]
[369, 376, 588, 589, 916, 917]
[362, 451, 525, 589, 641, 916]
[256, 308, 358, 376, 525, 916]
[72, 94, 107, 815, 852, 915]
[41, 72, 73, 217, 673, 915]
[41, 49, 50, 454, 852, 915]
[343, 344, 433, 766, 906, 914]
[255, 343, 377, 514, 785, 851, 914]
[60, 61, 175, 226, 322, 913]
[52, 226, 341, 657, 701, 913]
[51, 52, 60, 227, 817, 907, 913]
[307, 380, 821, 857, 912]
[68, 69, 119, 710, 723, 911]
[306, 307, 381, 764, 821, 910]
[306, 399, 417, 801, 859, 910]
[7, 68, 119, 120, 211, 665, 909]
[194, 211, 253, 518, 604, 648, 664, 909]
[305, 344, 904, 906, 908]
[230, 275, 342, 352, 531, 582, 905]
[341, 342, 639, 640, 701, 905]
[275, 276, 368, 640, 789, 905]
[305, 467, 468, 559, 825, 850, 904]
[77, 235, 271, 445, 446, 503, 903]
[234, 418, 445, 782, 903]
[196, 234, 235, 456, 601, 903]
[343, 433, 513, 514, 786, 902]
[304, 305, 344, 433, 850, 902]
[304, 432, 513, 531, 582, 902]
[269, 378, 379, 849, 901]
[379, 419, 781, 806, 824, 901]
[285, 286, 440, 847, 891, 900]
[59, 75, 195, 455, 899]
[34, 35, 195, 248, 600, 899]
[33, 34, 59, 151, 152, 899]
[70, 71, 103, 561, 765, 898]
[70, 198, 213, 667, 896, 898]
[250, 416, 427, 755, 833, 897]
[249, 250, 587, 772, 897]
[122, 123, 187, 747, 895]
[339, 387, 437, 753, 832, 894]
[437, 438, 492, 773, 808, 894]
[285, 286, 732, 767, 805, 893]
[4, 6, 74, 666, 892]
[3, 4, 196, 235, 271, 688, 892]
[6, 195, 196, 455, 600, 601, 738, 892]
[293, 294, 440, 633, 891]
[393, 439, 491, 633, 847, 891]
[58, 59, 75, 151, 848, 890]
[31, 82, 449, 777, 889]
[25, 26, 449, 578, 777, 888]
[25, 26, 300, 776, 887]
[289, 290, 300, 431, 834, 887]
[26, 301, 576, 578, 834, 887]
[185, 244, 550, 611, 860, 886]
[80, 384, 473, 591, 743, 884, 885]
[11, 12, 13, 523, 581, 591, 885]
[11, 384, 788, 826, 885]
[27, 281, 297, 592, 762, 883]
[110, 111, 147, 675, 882]
[320, 517, 555, 580, 879, 881]
[323, 422, 448, 465, 555, 881]
[320, 392, 422, 423, 573, 881]
[9, 10, 324, 517, 580, 880]
[319, 320, 423, 800, 803, 879]
[108, 109, 184, 696, 719, 878]
[39, 40, 135, 696, 716, 878]
[40, 109, 167, 183, 631, 878]
[302, 303, 754, 829, 877]
[278, 302, 303, 390, 489, 876]
[470, 489, 596, 607, 837, 876]
[278, 457, 458, 597, 837, 874, 876]
[295, 335, 346, 477, 736, 875]
[346, 372, 478, 610, 698, 875]
[335, 336, 478, 775, 783, 875]
[132, 134, 443, 712, 741, 839, 873]
[203, 204, 239, 646, 741, 873]
[131, 132, 646, 695, 873]
[296, 345, 477, 736, 831, 871, 872]
[88, 89, 260, 838, 871, 872]
[260, 345, 542, 598, 872]
[90, 91, 182, 191, 669, 870]
[102, 154, 668, 669, 816, 870]
[154, 182, 228, 442, 870]
[101, 162, 163, 316, 699, 841, 869]
[145, 621, 691, 810, 841, 869]
[288, 295, 335, 783, 784, 840, 868]
[287, 331, 360, 775, 783, 868]
[287, 288, 332, 865, 868]
[395, 396, 521, 526, 583, 867]
[410, 482, 520, 526, 842, 867]
[396, 410, 584, 585, 635, 867]
[97, 98, 201, 677, 843, 866]
[62, 63, 677, 787, 866]
[287, 331, 332, 744, 823, 864]
[331, 360, 361, 496, 774, 864]
[84, 361, 411, 745, 798, 823, 864]
[55, 238, 636, 637, 638, 863]
[202, 238, 396, 397, 521, 635, 863]
[97, 201, 202, 325, 636, 863]
[83, 84, 411, 412, 862]
[429, 435, 436, 475, 761, 844, 861]
[475, 476, 577, 778, 799, 861]
[160, 185, 574, 729, 845, 860]
[117, 118, 338, 705, 717, 718, 858]
[96, 118, 724, 734, 858]
[67, 138, 209, 672, 856]
[56, 57, 672, 680, 856]
[362, 363, 641, 739, 740, 855]
[64, 65, 141, 730, 854]
[64, 149, 150, 333, 791, 854]
[92, 93, 184, 719, 853]
[93, 143, 199, 678, 721, 853]
[49, 94, 106, 670, 722, 852]
[304, 404, 432, 559, 566, 850]
[5, 75, 455, 683, 738, 848]
[286, 439, 595, 768, 805, 847]
[112, 125, 136, 137, 180, 685, 846]
[128, 574, 715, 750, 793, 845]
[428, 429, 526, 583, 761, 842]
[83, 411, 428, 482, 745, 842]
[145, 223, 546, 699, 841]
[131, 132, 148, 818, 839]
[88, 354, 355, 365, 795, 838]
[283, 312, 596, 597, 748, 837]
[391, 392, 556, 573, 617, 836]
[218, 357, 391, 608, 616, 629, 836]
[356, 501, 616, 617, 836]
[136, 137, 371, 686, 835]
[245, 371, 406, 407, 510, 835]
[159, 245, 549, 551, 686, 819, 835]
[301, 430, 431, 570, 571, 834]
[416, 417, 769, 770, 801, 833]
[81, 339, 340, 534, 537, 832]
[458, 479, 597, 748, 830]
[284, 364, 365, 479, 795, 830]
[277, 278, 302, 457, 829]
[276, 358, 359, 368, 369, 376, 828]
[255, 256, 358, 377, 828]
[255, 359, 514, 786, 828]
[27, 28, 281, 282, 763, 827]
[9, 10, 756, 763, 827]
[11, 297, 581, 762, 826]
[467, 504, 552, 558, 807, 825]
[350, 504, 552, 553, 781, 824]
[350, 418, 419, 602, 731, 782, 824]
[318, 499, 612, 746, 822]
[273, 463, 612, 797, 822]
[83, 412, 428, 436, 761, 820]
[112, 113, 136, 686, 733, 819]
[113, 244, 549, 550, 819]
[47, 48, 105, 131, 695, 727, 818]
[51, 114, 161, 692, 817]
[154, 163, 228, 316, 619, 620, 816]
[101, 102, 155, 163, 816]
[86, 87, 299, 303, 390, 754, 814]
[299, 357, 502, 505, 608, 814]
[389, 390, 489, 502, 607, 814]
[18, 19, 45, 690, 813]
[18, 38, 46, 177, 178, 813]
[38, 39, 104, 690, 716, 813]
[53, 54, 103, 166, 765, 812]
[14, 561, 586, 765, 812]
[14, 15, 43, 53, 120, 665, 812]
[115, 116, 130, 565, 682, 811]
[144, 206, 621, 674, 707, 810]
[3, 100, 189, 190, 688, 809]
[3, 4, 20, 666, 809]
[249, 438, 587, 615, 808]
[270, 408, 486, 603, 767, 768, 805]
[298, 356, 501, 618, 735, 804]
[7, 8, 53, 54, 120, 802]
[329, 515, 527, 570, 571, 575, 794]
[329, 330, 395, 397, 521, 794]
[37, 238, 397, 515, 638, 794]
[90, 181, 191, 192, 443, 712, 792]
[192, 229, 240, 541, 609, 659, 792]
[204, 240, 443, 741, 792]
[385, 386, 495, 511, 538, 790]
[524, 640, 657, 701, 789]
[275, 359, 368, 513, 531, 786]
[295, 296, 736, 737, 784]
[234, 408, 456, 486, 530, 731, 782]
[147, 628, 651, 675, 694, 780]
[265, 266, 415, 466, 506, 572, 779]
[143, 199, 200, 265, 697, 779]
[168, 219, 572, 697, 779]
[329, 330, 435, 475, 527, 778]
[290, 431, 527, 570, 577, 778]
[82, 450, 529, 576, 578, 777]
[336, 360, 497, 507, 774, 775]
[409, 483, 496, 507, 547, 774]
[267, 268, 347, 421, 590, 771]
[267, 274, 317, 401, 420, 771]
[398, 399, 417, 512, 770]
[254, 416, 427, 512, 605, 614, 770]
[487, 509, 595, 603, 625, 768]
[269, 270, 378, 732, 767]
[10, 28, 324, 402, 434, 569, 763]
[291, 312, 313, 470, 596, 760]
[46, 178, 186, 313, 351, 760]
[172, 186, 291, 292, 647, 760]
[156, 280, 684, 708, 714, 759]
[125, 157, 179, 280, 370, 685, 759]
[124, 125, 180, 684, 759]
[65, 164, 554, 579, 730, 758]
[110, 111, 140, 536, 554, 758]
[536, 567, 579, 652, 758]
[32, 293, 491, 594, 633, 757]
[55, 128, 637, 703, 715, 752]
[97, 98, 636, 637, 676, 752]
[289, 290, 476, 577, 751]
[0, 36, 160, 236, 574, 750]
[36, 37, 55, 128, 638, 750]
[78, 150, 207, 208, 333, 462, 749]
[78, 188, 247, 258, 522, 749]
[149, 188, 333, 713, 749]
[283, 284, 469, 479, 599, 748]
[123, 188, 247, 702, 713, 747]
[361, 482, 483, 496, 520, 745]
[80, 81, 474, 537, 743]
[81, 261, 262, 473, 534, 743]
[86, 87, 298, 618, 742]
[268, 347, 362, 451, 740]
[5, 6, 74, 720, 738]
[319, 356, 423, 573, 617, 735]
[270, 378, 379, 419, 486, 731]
[72, 73, 107, 169, 728]
[57, 73, 655, 673, 680, 728]
[144, 170, 205, 206, 327, 726]
[62, 63, 206, 662, 674, 726]
[170, 171, 326, 662, 726]
[129, 161, 231, 681, 692, 725]
[130, 353, 681, 682, 709, 725]
[127, 173, 224, 338, 718]
[16, 66, 126, 127, 705, 718]
[96, 118, 193, 382, 650, 717]
[224, 225, 263, 338, 650, 717]
[134, 181, 679, 700, 712]
[19, 45, 47, 105, 711]
[7, 8, 119, 710]
[58, 151, 152, 156, 708]
[142, 627, 628, 693, 694, 706]
[394, 406, 459, 460, 490, 510, 704]
[179, 370, 407, 510, 624, 704]
[241, 487, 490, 624, 625, 704]
[222, 223, 316, 328, 620, 699]
[229, 372, 548, 609, 660, 698]
[315, 336, 373, 478, 497, 548, 698]
[93, 109, 168, 183, 184, 199, 697]
[48, 172, 203, 646, 647, 695]
[142, 143, 200, 678, 693]
[51, 52, 231, 341, 639, 692]
[99, 100, 189, 687, 689]
[77, 190, 271, 644, 688]
[76, 189, 190, 215, 644, 645, 687]
[99, 115, 565, 645, 687]
[137, 179, 371, 407, 685]
[230, 231, 342, 353, 639, 663, 681]
[209, 216, 400, 655, 672, 680]
[90, 91, 133, 181, 679]
[63, 171, 201, 325, 662, 677]
[216, 217, 453, 654, 655, 673]
[60, 61, 121, 227, 671]
[61, 106, 322, 670, 671]
[122, 187, 197, 213, 667]
[43, 44, 211, 664, 665]
[44, 374, 413, 518, 664]
[116, 130, 214, 353, 663]
[214, 230, 352, 532, 564, 663]
[123, 187, 197, 247, 258, 661]
[21, 29, 30, 79, 258, 522, 653, 661]
[21, 197, 198, 213, 545, 661]
[182, 191, 192, 229, 442, 660]
[228, 373, 442, 548, 619, 660]
[480, 484, 485, 541, 542, 598, 659]
[372, 485, 609, 610, 659]
[389, 488, 502, 505, 630, 658]
[218, 314, 414, 505, 608, 658]
[153, 167, 414, 630, 631, 658]
[175, 226, 242, 321, 524, 657]
[366, 367, 494, 498, 540, 656]
[210, 216, 311, 400, 540, 654, 656]
[174, 210, 498, 539, 632, 656]
[310, 311, 401, 420, 453, 623, 654]
[29, 251, 257, 388, 481, 653]
[21, 22, 257, 545, 653]
[110, 146, 147, 220, 536, 651, 652]
[146, 232, 233, 567, 568, 652]
[220, 221, 626, 627, 628, 651]
[193, 225, 264, 649, 650]
[194, 253, 264, 383, 519, 649]
[18, 45, 46, 47, 48, 186, 647]
[116, 214, 215, 532, 565, 645]
[76, 77, 272, 446, 644]
[78, 79, 207, 246, 522, 643]
[13, 246, 472, 500, 523, 643]
[30, 79, 444, 500, 643]
[164, 165, 232, 567, 579, 642]
[165, 208, 334, 424, 462, 642]
[64, 65, 150, 164, 462, 642]
[171, 202, 325, 326, 584, 635]
[31, 32, 82, 529, 594, 634]
[394, 450, 460, 529, 593, 634]
[393, 394, 459, 491, 594, 634]
[173, 224, 263, 337, 539, 632]
[16, 17, 127, 173, 174, 632]
[38, 39, 40, 153, 177, 631]
[153, 177, 178, 351, 488, 630]
[391, 415, 466, 556, 629]
[218, 219, 314, 415, 572, 629]
[142, 200, 221, 265, 266, 627]
[221, 266, 506, 535, 557, 626]
[146, 220, 233, 447, 557, 626]
[393, 439, 459, 490, 595, 625]
[157, 241, 279, 370, 624]
[41, 42, 217, 453, 454, 623]
[42, 243, 310, 452, 622, 623]
[268, 451, 452, 588, 589, 590, 622]
[267, 310, 420, 590, 622]
[144, 145, 327, 546, 621]
[222, 315, 373, 619, 620]
[87, 299, 357, 501, 616, 618]
[250, 426, 427, 587, 606, 614, 615]
[438, 492, 493, 533, 563, 606, 615]
[413, 426, 518, 604, 605, 614]
[158, 159, 244, 549, 611]
[0, 1, 158, 160, 185, 611]
[345, 346, 477, 485, 598, 610]
[313, 351, 389, 470, 488, 607]
[374, 375, 413, 426, 493, 606]
[253, 254, 519, 604, 605]
[35, 248, 408, 509, 530, 603]
[349, 418, 445, 503, 560, 602]
[349, 350, 504, 558, 602]
[248, 456, 530, 600, 601]
[259, 441, 469, 480, 484, 543, 599]
[259, 284, 354, 365, 599]
[2, 301, 430, 450, 528, 576, 593]
[2, 245, 406, 460, 551, 593]
[12, 297, 403, 581, 592]
[24, 27, 28, 85, 403, 569, 592]
[262, 444, 473, 500, 523, 591]
[22, 70, 198, 212, 545, 561, 586]
[14, 15, 212, 237, 562, 586]
[170, 205, 326, 508, 584, 585]
[410, 483, 508, 520, 547, 585]
[330, 395, 429, 435, 583]
[352, 404, 405, 432, 564, 582]
[36, 37, 236, 515, 575]
[0, 1, 236, 430, 528, 571, 575]
[23, 24, 402, 471, 569]
[23, 233, 425, 447, 471, 516, 568]
[165, 232, 334, 425, 568]
[349, 467, 558, 559, 560, 566]
[272, 404, 405, 446, 503, 560, 566]
[76, 215, 272, 405, 532, 564]
[251, 252, 481, 533, 544, 563]
[387, 437, 492, 544, 563]
[237, 252, 375, 493, 533, 562]
[15, 43, 44, 374, 375, 562]
[447, 448, 465, 516, 535, 557]
[392, 422, 465, 466, 506, 535, 556]
[323, 324, 434, 517, 555]
[1, 2, 158, 159, 528, 551]
[205, 223, 327, 328, 409, 508, 546, 547]
[251, 261, 339, 387, 388, 534, 544]
[172, 203, 239, 292, 441, 543]
[283, 291, 292, 312, 469, 543]
[88, 259, 260, 354, 484, 542]
[204, 239, 240, 441, 480, 541]
[337, 367, 386, 498, 511, 539]
[306, 381, 385, 398, 399, 538]
[254, 383, 385, 398, 495, 512, 519]
[23, 323, 402, 434, 448, 516]
[33, 34, 35, 241, 279, 487, 509]
[222, 315, 328, 409, 497, 507]
[225, 263, 264, 337, 383, 386, 495]
[22, 212, 237, 252, 257, 481]
[207, 208, 246, 424, 461, 472]
[12, 13, 85, 403, 461, 472]
[24, 85, 334, 424, 425, 461, 471]
[42, 50, 176, 243, 454]
[29, 30, 261, 262, 388, 444]
[167, 168, 183, 219, 314, 414]
[17, 138, 174, 209, 210, 400]
[49, 50, 106, 175, 176, 242, 322]
[33, 152, 156, 157, 279, 280]
[16, 17, 66, 67, 138, 139]
