600
  1.000000000000000e+00   0.000000000000000e+00   0.000000000000000e+00
  9.999449861404711e-01   1.048926558597502e-02   0.000000000000000e+00
  9.997799506149337e-01   2.097737706198302e-02   0.000000000000000e+00
  9.995049115818705e-01   3.146318044504108e-02   0.000000000000000e+00
  9.991198993031988e-01   4.194552200612047e-02   0.000000000000000e+00
  9.986249561409414e-01   5.242324839708882e-02   0.000000000000000e+00
  9.980201365525656e-01   6.289520677761044e-02   0.000000000000000e+00
  9.973055070849911e-01   7.336024494199066e-02   0.000000000000000e+00
  9.964811463672681e-01   8.381721144595038e-02   0.000000000000000e+00
  9.955471451019262e-01   9.426495573331689e-02   0.000000000000000e+00
  9.945036060549942e-01   1.047023282626170e-01   0.000000000000000e+00
  9.933506440446932e-01   1.151281806335583e-01   0.000000000000000e+00
  9.920883859288032e-01   1.255413657133853e-01   0.000000000000000e+00
  9.907169705907057e-01   1.359407377630953e-01   0.000000000000000e+00
  9.892365489241023e-01   1.463251525635023e-01   0.000000000000000e+00
  9.876472838164120e-01   1.566934675411319e-01   0.000000000000000e+00
  9.859493501308497e-01   1.670445418939367e-01   0.000000000000000e+00
  9.841429346871859e-01   1.773772367168158e-01   0.000000000000000e+00
  9.822282362411916e-01   1.876904151269262e-01   0.000000000000000e+00
  9.802054654627694e-01   1.979829423887711e-01   0.000000000000000e+00
  9.780748449127744e-01   2.082536860390527e-01   0.000000000000000e+00
  9.758366090185256e-01   2.185015160112740e-01   0.000000000000000e+00
  9.734910040480136e-01   2.287253047600779e-01   0.000000000000000e+00
  9.710382880828026e-01   2.389239273853082e-01   0.000000000000000e+00
  9.684787309896361e-01   2.490962617557800e-01   0.000000000000000e+00
  9.658126143907427e-01   2.592411886327449e-01   0.000000000000000e+00
  9.630402316328507e-01   2.693575917930387e-01   0.000000000000000e+00
  9.601618877549111e-01   2.794443581518966e-01   0.000000000000000e+00
  9.571778994545356e-01   2.895003778854235e-01   0.000000000000000e+00
  9.540885950531505e-01   2.995245445527052e-01   0.000000000000000e+00
  9.508943144598725e-01   3.095157552175480e-01   0.000000000000000e+00
  9.475954091341094e-01   3.194729105698317e-01   0.000000000000000e+00
  9.441922420468897e-01   3.293949150464647e-01   0.000000000000000e+00
  9.406851876409253e-01   3.392806769519259e-01   0.000000000000000e+00
  9.370746317894134e-01   3.491291085783815e-01   0.000000000000000e+00
  9.333609717535787e-01   3.589391263253637e-01   0.000000000000000e+00
  9.295446161389642e-01   3.687096508189955e-01   0.000000000000000e+00
  9.256259848504735e-01   3.784396070307532e-01   0.000000000000000e+00
  9.216055090461691e-01   3.881279243957482e-01   0.000000000000000e+00
  9.174836310898331e-01   3.977735369305192e-01   0.000000000000000e+00
  9.132608045022953e-01   4.073753833503201e-01   0.000000000000000e+00
  9.089374939115333e-01   4.169324071858908e-01   0.000000000000000e+00
  9.045141750015500e-01   4.264435568996974e-01   0.000000000000000e+00
  8.999913344600358e-01   4.359077860016314e-01   0.000000000000000e+00
  8.953694699248190e-01   4.453240531641521e-01   0.000000000000000e+00
  8.906490899291124e-01   4.546913223368617e-01   0.000000000000000e+00
  8.858307138455600e-01   4.640085628604990e-01   0.000000000000000e+00
  8.809148718290917e-01   4.732747495803415e-01   0.000000000000000e+00
  8.759021047585919e-01   4.824888629590000e-01   0.000000000000000e+00
  8.707929641773876e-01   4.916498891885963e-01   0.000000000000000e+00
  8.655880122325632e-01   5.007568203023101e-01   0.000000000000000e+00
  8.602878216131090e-01   5.098086542852833e-01   0.000000000000000e+00
  8.548929754869095e-01   5.188043951848696e-01   0.000000000000000e+00
  8.494040674365785e-01   5.277430532202165e-01   0.000000000000000e+00
  8.438217013941491e-01   5.366236448911690e-01   0.000000000000000e+00
  8.381464915746237e-01   5.454451930864817e-01   0.000000000000000e+00
  8.323790624083940e-01   5.542067271913279e-01   0.000000000000000e+00
  8.265200484725359e-01   5.629072831940948e-01   0.000000000000000e+00
  8.205700944209890e-01   5.715459037924506e-01   0.000000000000000e+00
  8.145298549136256e-01   5.801216384986755e-01   0.000000000000000e+00
  8.083999945442217e-01   5.886335437442400e-01   0.000000000000000e+00
  8.021811877673318e-01   5.970806829836256e-01   0.000000000000000e+00
  7.958741188240807e-01   6.054621267973689e-01   0.000000000000000e+00
  7.894794816668780e-01   6.137769529943249e-01   0.000000000000000e+00
  7.829979798830645e-01   6.220242467131326e-01   0.000000000000000e+00
  7.764303266174978e-01   6.302031005228756e-01   0.000000000000000e+00
  7.697772444940858e-01   6.383126145229252e-01   0.000000000000000e+00
  7.630394655362797e-01   6.463518964419527e-01   0.000000000000000e+00
  7.562177310865293e-01   6.543200617361060e-01   0.000000000000000e+00
  7.493127917247165e-01   6.622162336863326e-01   0.000000000000000e+00
  7.423254071855693e-01   6.700395434948438e-01   0.000000000000000e+00
  7.352563462750706e-01   6.777891303807058e-01   0.000000000000000e+00
  7.281063867858688e-01   6.854641416745495e-01   0.000000000000000e+00
  7.208763154116973e-01   6.930637329123889e-01   0.000000000000000e+00
  7.135669276608181e-01   7.005870679285343e-01   0.000000000000000e+00
  7.061790277684934e-01   7.080333189475940e-01   0.000000000000000e+00
  6.987134286084968e-01   7.154016666755530e-01   0.000000000000000e+00
  6.911709516036754e-01   7.226913003899175e-01   0.000000000000000e+00
  6.835524266355698e-01   7.299014180289172e-01   0.000000000000000e+00
  6.758586919531051e-01   7.370312262797539e-01   0.000000000000000e+00
  6.680905940803594e-01   7.440799406658887e-01   0.000000000000000e+00
  6.602489877234230e-01   7.510467856333554e-01   0.000000000000000e+00
  6.523347356763571e-01   7.579309946360929e-01   0.000000000000000e+00
  6.443487087262627e-01   7.647318102202876e-01   0.000000000000000e+00
  6.362917855574691e-01   7.714484841077126e-01   0.000000000000000e+00
  6.281648526548553e-01   7.780802772780607e-01   0.000000000000000e+00
  6.199688042063118e-01   7.846264600502559e-01   0.000000000000000e+00
  6.117045420043542e-01   7.910863121627394e-01   0.000000000000000e+00
  6.033729753469028e-01   7.974591228527177e-01   0.000000000000000e+00
  5.949750209372326e-01   8.037441909343667e-01   0.000000000000000e+00
  5.865116027831124e-01   8.099408248759811e-01   0.000000000000000e+00
  5.779836520951369e-01   8.160483428760625e-01   0.000000000000000e+00
  5.693921071842687e-01   8.220660729383364e-01   0.000000000000000e+00
  5.607379133585975e-01   8.279933529456900e-01   0.000000000000000e+00
  5.520220228193300e-01   8.338295307330240e-01   0.000000000000000e+00
  5.432453945560223e-01   8.395739641590082e-01   0.000000000000000e+00
  5.344089942410627e-01   8.452260211767358e-01   0.000000000000000e+00
  5.255137941234228e-01   8.507850799032649e-01   0.000000000000000e+00
  5.165607729216821e-01   8.562505286880437e-01   0.000000000000000e+00
  5.075509157163420e-01   8.616217661802089e-01   0.000000000000000e+00
  4.984852138414400e-01   8.668982013947508e-01   0.000000000000000e+00
  4.893646647754749e-01   8.720792537775378e-01   0.000000000000000e+00
  4.801902720316568e-01   8.771643532691941e-01   0.000000000000000e+00
  4.709630450474935e-01   8.821529403678211e-01   0.000000000000000e+00
  4.616839990737232e-01   8.870444661905593e-01   0.000000000000000e+00
  4.523541550626092e-01   8.918383925339798e-01   0.000000000000000e+00
  4.429745395556073e-01   8.965341919333014e-01   0.000000000000000e+00
  4.335461845704172e-01   9.011313477204274e-01   0.000000000000000e+00
  4.240701274874330e-01   9.056293540807918e-01   0.000000000000000e+00
  4.145474109356006e-01   9.100277161090151e-01   0.000000000000000e+00
  4.049790826777014e-01   9.143259498633556e-01   0.000000000000000e+00
  3.953661954950692e-01   9.185235824189572e-01   0.000000000000000e+00
  3.857098070717541e-01   9.226201519198842e-01   0.000000000000000e+00
  3.760109798781487e-01   9.266152076299388e-01   0.000000000000000e+00
  3.662707810540863e-01   9.305083099822535e-01   0.000000000000000e+00
  3.564902822914275e-01   9.342990306276564e-01   0.000000000000000e+00
  3.466705597161416e-01   9.379869524818014e-01   0.000000000000000e+00
  3.368126937699055e-01   9.415716697710589e-01   0.000000000000000e+00
  3.269177690912241e-01   9.450527880771619e-01   0.000000000000000e+00
  3.169868743960905e-01   9.484299243806035e-01   0.000000000000000e+00
  3.070211023581956e-01   9.517027071027793e-01   0.000000000000000e+00
  2.970215494887054e-01   9.548707761468713e-01   0.000000000000000e+00
  2.869893160156144e-01   9.579337829374689e-01   0.000000000000000e+00
  2.769255057626880e-01   9.608913904589215e-01   0.000000000000000e+00
  2.668312260280136e-01   9.637432732924195e-01   0.000000000000000e+00
  2.567075874621654e-01   9.664891176517999e-01   0.000000000000000e+00
  2.465557039460046e-01   9.691286214180707e-01   0.000000000000000e+00
  2.363766924681177e-01   9.716614941726531e-01   0.000000000000000e+00
  2.261716730019199e-01   9.740874572293355e-01   0.000000000000000e+00
  2.159417683824266e-01   9.764062436649360e-01   0.000000000000000e+00
  2.056881041827087e-01   9.786175983486722e-01   0.000000000000000e+00
  1.954118085900502e-01   9.807212779702322e-01   0.000000000000000e+00
  1.851140122818151e-01   9.827170510665458e-01   0.000000000000000e+00
  1.747958483010437e-01   9.846046980472511e-01   0.000000000000000e+00
  1.644584519317827e-01   9.863840112188567e-01   0.000000000000000e+00
  1.541029605741756e-01   9.880547948075927e-01   0.000000000000000e+00
  1.437305136193169e-01   9.896168649809518e-01   0.000000000000000e+00
  1.333422523238855e-01   9.910700498679159e-01   0.000000000000000e+00
  1.229393196845768e-01   9.924141895778664e-01   0.000000000000000e+00
  1.125228603123408e-01   9.936491362181771e-01   0.000000000000000e+00
  1.020940203064424e-01   9.947747539104859e-01   0.000000000000000e+00
  9.165394712836054e-02   9.957909188056455e-01   0.000000000000000e+00
  8.120378947553326e-02   9.966975190973505e-01   0.000000000000000e+00
  7.074469715497157e-02   9.974944550344385e-01   0.000000000000000e+00
  6.027782095674625e-02   9.981816389318662e-01   0.000000000000000e+00
  4.980431252737129e-02   9.987589951803568e-01   0.000000000000000e+00
  3.932532424308970e-02   9.992264602547192e-01   0.000000000000000e+00
  2.884200908308020e-02   9.995839827208375e-01   0.000000000000000e+00
  1.835552050259848e-02   9.998315232413303e-01   0.000000000000000e+00
  7.867012306063728e-03   9.999690545798786e-01   0.000000000000000e+00
 -2.622361479890858e-03   9.999965616042231e-01   0.000000000000000e+00
 -1.311144673339327e-02   9.999140412878286e-01   0.000000000000000e+00
 -2.359908936431805e-02   9.997215027102172e-01   0.000000000000000e+00
 -3.408413544126824e-02   9.994189670559697e-01   0.000000000000000e+00
 -4.456543131853976e-02   9.990064676123936e-01   0.000000000000000e+00
 -5.504182376305470e-02   9.984840497658622e-01   0.000000000000000e+00
 -6.551216008124798e-02   9.978517709968194e-01   0.000000000000000e+00
 -7.597528824589697e-02   9.971097008734560e-01   0.000000000000000e+00
 -8.643005702287550e-02   9.962579210440550e-01   0.000000000000000e+00
 -9.687531609782175e-02   9.952965252280082e-01   0.000000000000000e+00
 -1.073099162027048e-01   9.942256192055043e-01   0.000000000000000e+00
 -1.177327092422757e-01   9.930453208058904e-01   0.000000000000000e+00
 -1.281425484203904e-01   9.917557598947071e-01   0.000000000000000e+00
 -1.385382883661880e-01   9.903570783594001e-01   0.000000000000000e+00
 -1.489187852601144e-01   9.888494300937084e-01   0.000000000000000e+00
 -1.592828969597738e-01   9.872329809807319e-01   0.000000000000000e+00
 -1.696294831255958e-01   9.855079088746793e-01   0.000000000000000e+00
 -1.799574053463047e-01   9.836744035812998e-01   0.000000000000000e+00
 -1.902655272641754e-01   9.817326668369987e-01   0.000000000000000e+00
 -2.005527147000661e-01   9.796829122866408e-01   0.000000000000000e+00
 -2.108178357782076e-01   9.775253654600441e-01   0.000000000000000e+00
 -2.210597610507416e-01   9.752602637471646e-01   0.000000000000000e+00
 -2.312773636219917e-01   9.728878563719773e-01   0.000000000000000e+00
 -2.414695192724527e-01   9.704084043650543e-01   0.000000000000000e+00
 -2.516351065824864e-01   9.678221805348443e-01   0.000000000000000e+00
 -2.617730070557076e-01   9.651294694376565e-01   0.000000000000000e+00
 -2.718821052420516e-01   9.623305673463510e-01   0.000000000000000e+00
 -2.819612888605035e-01   9.594257822177408e-01   0.000000000000000e+00
 -2.920094489214792e-01   9.564154336587077e-01   0.000000000000000e+00
 -3.020254798488468e-01   9.532998528910376e-01   0.000000000000000e+00
 -3.120082796015692e-01   9.500793827149756e-01   0.000000000000000e+00
 -3.219567497949601e-01   9.467543774715095e-01   0.000000000000000e+00
 -3.318697958215354e-01   9.433252030033823e-01   0.000000000000000e+00
 -3.417463269714524e-01   9.397922366148388e-01   0.000000000000000e+00
 -3.515852565525165e-01   9.361558670301122e-01   0.000000000000000e+00
 -3.613855020097477e-01   9.324164943506538e-01   0.000000000000000e+00
 -3.711459850444921e-01   9.285745300111099e-01   0.000000000000000e+00
 -3.808656317330645e-01   9.246303967340538e-01   0.000000000000000e+00
 -3.905433726449101e-01   9.205845284834733e-01   0.000000000000000e+00
 -4.001781429602700e-01   9.164373704170240e-01   0.000000000000000e+00
 -4.097688825873433e-01   9.121893788370483e-01   0.000000000000000e+00
 -4.193145362789249e-01   9.078410211403702e-01   0.000000000000000e+00
 -4.288140537485117e-01   9.033927757668690e-01   0.000000000000000e+00
 -4.382663897858646e-01   8.988451321468368e-01   0.000000000000000e+00
 -4.476705043720096e-01   8.941985906471284e-01   0.000000000000000e+00
 -4.570253627936691e-01   8.894536625161061e-01   0.000000000000000e+00
 -4.663299357571088e-01   8.846108698273896e-01   0.000000000000000e+00
 -4.755831995013888e-01   8.796707454224122e-01   0.000000000000000e+00
 -4.847841359110053e-01   8.746338328517940e-01   0.000000000000000e+00
 -4.939317326279122e-01   8.695006863155363e-01   0.000000000000000e+00
 -5.030249831629077e-01   8.642718706020440e-01   0.000000000000000e+00
 -5.120628870063767e-01   8.589479610259836e-01   0.000000000000000e+00
 -5.210444497383742e-01   8.535295433649821e-01   0.000000000000000e+00
 -5.299686831380392e-01   8.480172137951756e-01   0.000000000000000e+00
 -5.388346052923269e-01   8.424115788256132e-01   0.000000000000000e+00
 -5.476412407040443e-01   8.367132552315250e-01   0.000000000000000e+00
 -5.563876203991851e-01   8.309228699864580e-01   0.000000000000000e+00
 -5.650727820335414e-01   8.250410601932936e-01   0.000000000000000e+00
 -5.736957699985887e-01   8.190684730141469e-01   0.000000000000000e+00
 -5.822556355266302e-01   8.130057655991623e-01   0.000000000000000e+00
 -5.907514367951858e-01   8.068536050142079e-01   0.000000000000000e+00
 -5.991822390306208e-01   8.006126681674802e-01   0.000000000000000e+00
 -6.075471146109954e-01   7.942836417350253e-01   0.000000000000000e+00
 -6.158451431681291e-01   7.878672220851852e-01   0.000000000000000e+00
 -6.240754116888675e-01   7.813641152019785e-01   0.000000000000000e+00
 -6.322370146155369e-01   7.747750366074229e-01   0.000000000000000e+00
 -6.403290539455846e-01   7.681007112828061e-01   0.000000000000000e+00
 -6.483506393303805e-01   7.613418735889198e-01   0.000000000000000e+00
 -6.563008881731806e-01   7.544992671852599e-01   0.000000000000000e+00
 -6.641789257262399e-01   7.475736449482003e-01   0.000000000000000e+00
 -6.719838851870550e-01   7.405657688881595e-01   0.000000000000000e+00
 -6.797149077937392e-01   7.334764100657556e-01   0.000000000000000e+00
 -6.873711429195094e-01   7.263063485069694e-01   0.000000000000000e+00
 -6.949517481662779e-01   7.190563731173197e-01   0.000000000000000e+00
 -7.024558894573404e-01   7.117272815950620e-01   0.000000000000000e+00
 -7.098827411291475e-01   7.043198803434189e-01   0.000000000000000e+00
 -7.172314860221489e-01   6.968349843818549e-01   0.000000000000000e+00
 -7.245013155707072e-01   6.892734172563995e-01   0.000000000000000e+00
 -7.316914298920590e-01   6.816360109490358e-01   0.000000000000000e+00
 -7.388010378743252e-01   6.739236057861603e-01   0.000000000000000e+00
 -7.458293572635567e-01   6.661370503461206e-01   0.000000000000000e+00
 -7.527756147498020e-01   6.582772013658513e-01   0.000000000000000e+00
 -7.596390460521941e-01   6.503449236466080e-01   0.000000000000000e+00
 -7.664188960030418e-01   6.423410899588150e-01   0.000000000000000e+00
 -7.731144186309198e-01   6.342665809460364e-01   0.000000000000000e+00
 -7.797248772427446e-01   6.261222850280820e-01   0.000000000000000e+00
 -7.862495445048342e-01   6.179090983032542e-01   0.000000000000000e+00
 -7.926877025229311e-01   6.096279244497558e-01   0.000000000000000e+00
 -7.990386429211943e-01   6.012796746262559e-01   0.000000000000000e+00
 -8.053016669201382e-01   5.928652673716406e-01   0.000000000000000e+00
 -8.114760854135167e-01   5.843856285039485e-01   0.000000000000000e+00
 -8.175612190441476e-01   5.758416910185016e-01   0.000000000000000e+00
 -8.235563982786570e-01   5.672343949852531e-01   0.000000000000000e+00
 -8.294609634811478e-01   5.585646874453539e-01   0.000000000000000e+00
 -8.352742649857796e-01   5.498335223069485e-01   0.000000000000000e+00
 -8.409956631682473e-01   5.410418602402221e-01   0.000000000000000e+00
 -8.466245285161589e-01   5.321906685716986e-01   0.000000000000000e+00
 -8.521602416982995e-01   5.232809211778084e-01   0.000000000000000e+00
 -8.576021936327742e-01   5.143135983777345e-01   0.000000000000000e+00
 -8.629497855540248e-01   5.052896868255502e-01   0.000000000000000e+00
 -8.682024290787094e-01   4.962101794016610e-01   0.000000000000000e+00
 -8.733595462704414e-01   4.870760751035598e-01   0.000000000000000e+00
 -8.784205697033802e-01   4.778883789359069e-01   0.000000000000000e+00
 -8.833849425246613e-01   4.686481017999550e-01   0.000000000000000e+00
 -8.882521185156658e-01   4.593562603823220e-01   0.000000000000000e+00
 -8.930215621521219e-01   4.500138770431238e-01   0.000000000000000e+00
 -8.976927486630252e-01   4.406219797034899e-01   0.000000000000000e+00
 -9.022651640883780e-01   4.311816017324631e-01   0.000000000000000e+00
 -9.067383053357408e-01   4.216937818332976e-01   0.000000000000000e+00
 -9.111116802355852e-01   4.121595639291762e-01   0.000000000000000e+00
 -9.153848075954464e-01   4.025799970483477e-01   0.000000000000000e+00
 -9.195572172528675e-01   3.929561352087057e-01   0.000000000000000e+00
 -9.236284501271312e-01   3.832890373018168e-01   0.000000000000000e+00
 -9.275980582697704e-01   3.735797669764138e-01   0.000000000000000e+00
 -9.314656049138560e-01   3.638293925213634e-01   0.000000000000000e+00
 -9.352306645220516e-01   3.540389867481288e-01   0.000000000000000e+00
 -9.388928228334371e-01   3.442096268727244e-01   0.000000000000000e+00
 -9.424516769090865e-01   3.343423943971970e-01   0.000000000000000e+00
 -9.459068351764031e-01   3.244383749906306e-01   0.000000000000000e+00
 -9.492579174722041e-01   3.144986583696887e-01   0.000000000000000e+00
 -9.525045550845481e-01   3.045243381787193e-01   0.000000000000000e+00
 -9.556463907933038e-01   2.945165118694232e-01   0.000000000000000e+00
 -9.586830789094547e-01   2.844762805801008e-01   0.000000000000000e+00
 -9.616142853131339e-01   2.744047490145002e-01   0.000000000000000e+00
 -9.644396874903864e-01   2.643030253202669e-01   0.000000000000000e+00
 -9.671589745686557e-01   2.541722209670175e-01   0.000000000000000e+00
 -9.697718473509869e-01   2.440134506240471e-01   0.000000000000000e+00
 -9.722780183489473e-01   2.338278320376853e-01   0.000000000000000e+00
 -9.746772118142589e-01   2.236164859083120e-01   0.000000000000000e+00
 -9.769691637691369e-01   2.133805357670501e-01   0.000000000000000e+00
 -9.791536220353354e-01   2.031211078521468e-01   0.000000000000000e+00
 -9.812303462618943e-01   1.928393309850537e-01   0.000000000000000e+00
 -9.831991079515834e-01   1.825363364462284e-01   0.000000000000000e+00
 -9.850596904860449e-01   1.722132578506584e-01   0.000000000000000e+00
 -9.868118891496266e-01   1.618712310231351e-01   0.000000000000000e+00
 -9.884555111519057e-01   1.515113938732821e-01   0.000000000000000e+00
 -9.899903756489027e-01   1.411348862703495e-01   0.000000000000000e+00
 -9.914163137629779e-01   1.307428499178011e-01   0.000000000000000e+00
 -9.927331686014129e-01   1.203364282276931e-01   0.000000000000000e+00
 -9.939407952736736e-01   1.099167661948677e-01   0.000000000000000e+00
 -9.950390609073518e-01   9.948501027097162e-02   0.000000000000000e+00
 -9.960278446627849e-01   8.904230823831498e-02   0.000000000000000e+00
 -9.969070377463517e-01   7.858980908358322e-02   0.000000000000000e+00
 -9.976765434224425e-01   6.812866287141682e-02   0.000000000000000e+00
 -9.983362770241030e-01   5.766002061787177e-02   0.000000000000000e+00
 -9.988861659623499e-01   4.718503416377730e-02   0.000000000000000e+00
 -9.993261497341573e-01   3.670485604800101e-02   0.000000000000000e+00
 -9.996561799291148e-01   2.622063938063496e-02   0.000000000000000e+00
 -9.998762202347525e-01   1.573353771612563e-02   0.000000000000000e+00
 -9.999862464405376e-01   5.244704926348685e-03   0.000000000000000e+00
 -9.999862464405376e-01  -5.244704926348440e-03   0.000000000000000e+00
 -9.998762202347525e-01  -1.573353771612539e-02   0.000000000000000e+00
 -9.996561799291148e-01  -2.622063938063472e-02   0.000000000000000e+00
 -9.993261497341573e-01  -3.670485604800076e-02   0.000000000000000e+00
 -9.988861659623499e-01  -4.718503416377749e-02   0.000000000000000e+00
 -9.983362770241031e-01  -5.766002061787152e-02   0.000000000000000e+00
 -9.976765434224426e-01  -6.812866287141613e-02   0.000000000000000e+00
 -9.969070377463518e-01  -7.858980908358254e-02   0.000000000000000e+00
 -9.960278446627850e-01  -8.904230823831429e-02   0.000000000000000e+00
 -9.950390609073518e-01  -9.948501027097181e-02   0.000000000000000e+00
 -9.939407952736736e-01  -1.099167661948674e-01   0.000000000000000e+00
 -9.927331686014129e-01  -1.203364282276929e-01   0.000000000000000e+00
 -9.914163137629779e-01  -1.307428499178009e-01   0.000000000000000e+00
 -9.899903756489028e-01  -1.411348862703493e-01   0.000000000000000e+00
 -9.884555111519058e-01  -1.515113938732818e-01   0.000000000000000e+00
 -9.868118891496265e-01  -1.618712310231353e-01   0.000000000000000e+00
 -9.850596904860450e-01  -1.722132578506581e-01   0.000000000000000e+00
 -9.831991079515834e-01  -1.825363364462282e-01   0.000000000000000e+00
 -9.812303462618942e-01  -1.928393309850538e-01   0.000000000000000e+00
 -9.791536220353355e-01  -2.031211078521466e-01   0.000000000000000e+00
 -9.769691637691370e-01  -2.133805357670499e-01   0.000000000000000e+00
 -9.746772118142590e-01  -2.236164859083113e-01   0.000000000000000e+00
 -9.722780183489476e-01  -2.338278320376846e-01   0.000000000000000e+00
 -9.697718473509869e-01  -2.440134506240469e-01   0.000000000000000e+00
 -9.671589745686557e-01  -2.541722209670172e-01   0.000000000000000e+00
 -9.644396874903866e-01  -2.643030253202666e-01   0.000000000000000e+00
 -9.616142853131339e-01  -2.744047490145000e-01   0.000000000000000e+00
 -9.586830789094548e-01  -2.844762805801006e-01   0.000000000000000e+00
 -9.556463907933038e-01  -2.945165118694230e-01   0.000000000000000e+00
 -9.525045550845481e-01  -3.045243381787194e-01   0.000000000000000e+00
 -9.492579174722041e-01  -3.144986583696885e-01   0.000000000000000e+00
 -9.459068351764032e-01  -3.244383749906304e-01   0.000000000000000e+00
 -9.424516769090864e-01  -3.343423943971972e-01   0.000000000000000e+00
 -9.388928228334371e-01  -3.442096268727242e-01   0.000000000000000e+00
 -9.352306645220515e-01  -3.540389867481290e-01   0.000000000000000e+00
 -9.314656049138560e-01  -3.638293925213635e-01   0.000000000000000e+00
 -9.275980582697707e-01  -3.735797669764132e-01   0.000000000000000e+00
 -9.236284501271312e-01  -3.832890373018166e-01   0.000000000000000e+00
 -9.195572172528678e-01  -3.929561352087050e-01   0.000000000000000e+00
 -9.153848075954465e-01  -4.025799970483475e-01   0.000000000000000e+00
 -9.111116802355853e-01  -4.121595639291760e-01   0.000000000000000e+00
 -9.067383053357410e-01  -4.216937818332974e-01   0.000000000000000e+00
 -9.022651640883780e-01  -4.311816017324629e-01   0.000000000000000e+00
 -8.976927486630252e-01  -4.406219797034900e-01   0.000000000000000e+00
 -8.930215621521220e-01  -4.500138770431236e-01   0.000000000000000e+00
 -8.882521185156659e-01  -4.593562603823218e-01   0.000000000000000e+00
 -8.833849425246612e-01  -4.686481017999551e-01   0.000000000000000e+00
 -8.784205697033803e-01  -4.778883789359066e-01   0.000000000000000e+00
 -8.733595462704413e-01  -4.870760751035599e-01   0.000000000000000e+00
 -8.682024290787093e-01  -4.962101794016612e-01   0.000000000000000e+00
 -8.629497855540249e-01  -5.052896868255500e-01   0.000000000000000e+00
 -8.576021936327743e-01  -5.143135983777343e-01   0.000000000000000e+00
 -8.521602416982998e-01  -5.232809211778078e-01   0.000000000000000e+00
 -8.466245285161593e-01  -5.321906685716981e-01   0.000000000000000e+00
 -8.409956631682474e-01  -5.410418602402218e-01   0.000000000000000e+00
 -8.352742649857797e-01  -5.498335223069483e-01   0.000000000000000e+00
 -8.294609634811481e-01  -5.585646874453537e-01   0.000000000000000e+00
 -8.235563982786569e-01  -5.672343949852532e-01   0.000000000000000e+00
 -8.175612190441477e-01  -5.758416910185014e-01   0.000000000000000e+00
 -8.114760854135169e-01  -5.843856285039483e-01   0.000000000000000e+00
 -8.053016669201380e-01  -5.928652673716407e-01   0.000000000000000e+00
 -7.990386429211944e-01  -6.012796746262556e-01   0.000000000000000e+00
 -7.926877025229309e-01  -6.096279244497560e-01   0.000000000000000e+00
 -7.862495445048341e-01  -6.179090983032544e-01   0.000000000000000e+00
 -7.797248772427449e-01  -6.261222850280818e-01   0.000000000000000e+00
 -7.731144186309197e-01  -6.342665809460365e-01   0.000000000000000e+00
 -7.664188960030422e-01  -6.423410899588144e-01   0.000000000000000e+00
 -7.596390460521946e-01  -6.503449236466075e-01   0.000000000000000e+00
 -7.527756147498021e-01  -6.582772013658511e-01   0.000000000000000e+00
 -7.458293572635568e-01  -6.661370503461204e-01   0.000000000000000e+00
 -7.388010378743254e-01  -6.739236057861601e-01   0.000000000000000e+00
 -7.316914298920589e-01  -6.816360109490359e-01   0.000000000000000e+00
 -7.245013155707074e-01  -6.892734172563993e-01   0.000000000000000e+00
 -7.172314860221490e-01  -6.968349843818548e-01   0.000000000000000e+00
 -7.098827411291473e-01  -7.043198803434190e-01   0.000000000000000e+00
 -7.024558894573406e-01  -7.117272815950618e-01   0.000000000000000e+00
 -6.949517481662778e-01  -7.190563731173200e-01   0.000000000000000e+00
 -6.873711429195096e-01  -7.263063485069693e-01   0.000000000000000e+00
 -6.797149077937394e-01  -7.334764100657555e-01   0.000000000000000e+00
 -6.719838851870549e-01  -7.405657688881597e-01   0.000000000000000e+00
 -6.641789257262402e-01  -7.475736449482001e-01   0.000000000000000e+00
 -6.563008881731811e-01  -7.544992671852595e-01   0.000000000000000e+00
 -6.483506393303804e-01  -7.613418735889200e-01   0.000000000000000e+00
 -6.403290539455848e-01  -7.681007112828059e-01   0.000000000000000e+00
 -6.322370146155371e-01  -7.747750366074226e-01   0.000000000000000e+00
 -6.240754116888673e-01  -7.813641152019786e-01   0.000000000000000e+00
 -6.158451431681293e-01  -7.878672220851851e-01   0.000000000000000e+00
 -6.075471146109956e-01  -7.942836417350252e-01   0.000000000000000e+00
 -5.991822390306211e-01  -8.006126681674801e-01   0.000000000000000e+00
 -5.907514367951860e-01  -8.068536050142078e-01   0.000000000000000e+00
 -5.822556355266303e-01  -8.130057655991622e-01   0.000000000000000e+00
 -5.736957699985890e-01  -8.190684730141468e-01   0.000000000000000e+00
 -5.650727820335416e-01  -8.250410601932934e-01   0.000000000000000e+00
 -5.563876203991853e-01  -8.309228699864579e-01   0.000000000000000e+00
 -5.476412407040445e-01  -8.367132552315248e-01   0.000000000000000e+00
 -5.388346052923271e-01  -8.424115788256131e-01   0.000000000000000e+00
 -5.299686831380398e-01  -8.480172137951753e-01   0.000000000000000e+00
 -5.210444497383748e-01  -8.535295433649818e-01   0.000000000000000e+00
 -5.120628870063773e-01  -8.589479610259833e-01   0.000000000000000e+00
 -5.030249831629083e-01  -8.642718706020437e-01   0.000000000000000e+00
 -4.939317326279128e-01  -8.695006863155360e-01   0.000000000000000e+00
 -4.847841359110059e-01  -8.746338328517936e-01   0.000000000000000e+00
 -4.755831995013894e-01  -8.796707454224119e-01   0.000000000000000e+00
 -4.663299357571094e-01  -8.846108698273892e-01   0.000000000000000e+00
 -4.570253627936697e-01  -8.894536625161058e-01   0.000000000000000e+00
 -4.476705043720102e-01  -8.941985906471280e-01   0.000000000000000e+00
 -4.382663897858652e-01  -8.988451321468366e-01   0.000000000000000e+00
 -4.288140537485115e-01  -9.033927757668692e-01   0.000000000000000e+00
 -4.193145362789247e-01  -9.078410211403704e-01   0.000000000000000e+00
 -4.097688825873433e-01  -9.121893788370483e-01   0.000000000000000e+00
 -4.001781429602700e-01  -9.164373704170240e-01   0.000000000000000e+00
 -3.905433726449099e-01  -9.205845284834734e-01   0.000000000000000e+00
 -3.808656317330645e-01  -9.246303967340538e-01   0.000000000000000e+00
 -3.711459850444921e-01  -9.285745300111099e-01   0.000000000000000e+00
 -3.613855020097477e-01  -9.324164943506538e-01   0.000000000000000e+00
 -3.515852565525166e-01  -9.361558670301122e-01   0.000000000000000e+00
 -3.417463269714526e-01  -9.397922366148387e-01   0.000000000000000e+00
 -3.318697958215356e-01  -9.433252030033822e-01   0.000000000000000e+00
 -3.219567497949601e-01  -9.467543774715095e-01   0.000000000000000e+00
 -3.120082796015695e-01  -9.500793827149755e-01   0.000000000000000e+00
 -3.020254798488470e-01  -9.532998528910375e-01   0.000000000000000e+00
 -2.920094489214795e-01  -9.564154336587076e-01   0.000000000000000e+00
 -2.819612888605038e-01  -9.594257822177407e-01   0.000000000000000e+00
 -2.718821052420521e-01  -9.623305673463509e-01   0.000000000000000e+00
 -2.617730070557081e-01  -9.651294694376564e-01   0.000000000000000e+00
 -2.516351065824867e-01  -9.678221805348443e-01   0.000000000000000e+00
 -2.414695192724532e-01  -9.704084043650542e-01   0.000000000000000e+00
 -2.312773636219922e-01  -9.728878563719772e-01   0.000000000000000e+00
 -2.210597610507412e-01  -9.752602637471647e-01   0.000000000000000e+00
 -2.108178357782081e-01  -9.775253654600440e-01   0.000000000000000e+00
 -2.005527147000667e-01  -9.796829122866406e-01   0.000000000000000e+00
 -1.902655272641761e-01  -9.817326668369984e-01   0.000000000000000e+00
 -1.799574053463052e-01  -9.836744035812997e-01   0.000000000000000e+00
 -1.696294831255965e-01  -9.855079088746792e-01   0.000000000000000e+00
 -1.592828969597736e-01  -9.872329809807319e-01   0.000000000000000e+00
 -1.489187852601151e-01  -9.888494300937083e-01   0.000000000000000e+00
 -1.385382883661886e-01  -9.903570783594000e-01   0.000000000000000e+00
 -1.281425484203902e-01  -9.917557598947071e-01   0.000000000000000e+00
 -1.177327092422757e-01  -9.930453208058904e-01   0.000000000000000e+00
 -1.073099162027039e-01  -9.942256192055045e-01   0.000000000000000e+00
 -9.687531609782178e-02  -9.952965252280082e-01   0.000000000000000e+00
 -8.643005702287551e-02  -9.962579210440550e-01   0.000000000000000e+00
 -7.597528824589699e-02  -9.971097008734560e-01   0.000000000000000e+00
 -6.551216008124799e-02  -9.978517709968194e-01   0.000000000000000e+00
 -5.504182376305472e-02  -9.984840497658622e-01   0.000000000000000e+00
 -4.456543131854000e-02  -9.990064676123936e-01   0.000000000000000e+00
 -3.408413544126848e-02  -9.994189670559696e-01   0.000000000000000e+00
 -2.359908936431829e-02  -9.997215027102172e-01   0.000000000000000e+00
 -1.311144673339351e-02  -9.999140412878286e-01   0.000000000000000e+00
 -2.622361479891103e-03  -9.999965616042231e-01   0.000000000000000e+00
  7.867012306064371e-03  -9.999690545798786e-01   0.000000000000000e+00
  1.835552050259823e-02  -9.998315232413303e-01   0.000000000000000e+00
  2.884200908307996e-02  -9.995839827208375e-01   0.000000000000000e+00
  3.932532424308923e-02  -9.992264602547192e-01   0.000000000000000e+00
  4.980431252737082e-02  -9.987589951803568e-01   0.000000000000000e+00
  6.027782095674579e-02  -9.981816389318662e-01   0.000000000000000e+00
  7.074469715497199e-02  -9.974944550344385e-01   0.000000000000000e+00
  8.120378947553301e-02  -9.966975190973505e-01   0.000000000000000e+00
  9.165394712836009e-02  -9.957909188056455e-01   0.000000000000000e+00
  1.020940203064420e-01  -9.947747539104859e-01   0.000000000000000e+00
  1.125228603123401e-01  -9.936491362181772e-01   0.000000000000000e+00
  1.229393196845762e-01  -9.924141895778665e-01   0.000000000000000e+00
  1.333422523238848e-01  -9.910700498679159e-01   0.000000000000000e+00
  1.437305136193163e-01  -9.896168649809519e-01   0.000000000000000e+00
  1.541029605741751e-01  -9.880547948075927e-01   0.000000000000000e+00
  1.644584519317820e-01  -9.863840112188568e-01   0.000000000000000e+00
  1.747958483010430e-01  -9.846046980472513e-01   0.000000000000000e+00
  1.851140122818164e-01  -9.827170510665456e-01   0.000000000000000e+00
  1.954118085900502e-01  -9.807212779702322e-01   0.000000000000000e+00
  2.056881041827087e-01  -9.786175983486722e-01   0.000000000000000e+00
  2.159417683824266e-01  -9.764062436649360e-01   0.000000000000000e+00
  2.261716730019201e-01  -9.740874572293355e-01   0.000000000000000e+00
  2.363766924681186e-01  -9.716614941726529e-01   0.000000000000000e+00
  2.465557039460046e-01  -9.691286214180707e-01   0.000000000000000e+00
  2.567075874621656e-01  -9.664891176517998e-01   0.000000000000000e+00
  2.668312260280133e-01  -9.637432732924196e-01   0.000000000000000e+00
  2.769255057626878e-01  -9.608913904589216e-01   0.000000000000000e+00
  2.869893160156142e-01  -9.579337829374690e-01   0.000000000000000e+00
  2.970215494887062e-01  -9.548707761468711e-01   0.000000000000000e+00
  3.070211023581954e-01  -9.517027071027793e-01   0.000000000000000e+00
  3.169868743960902e-01  -9.484299243806035e-01   0.000000000000000e+00
  3.269177690912241e-01  -9.450527880771620e-01   0.000000000000000e+00
  3.368126937699052e-01  -9.415716697710589e-01   0.000000000000000e+00
  3.466705597161412e-01  -9.379869524818015e-01   0.000000000000000e+00
  3.564902822914279e-01  -9.342990306276562e-01   0.000000000000000e+00
  3.662707810540861e-01  -9.305083099822535e-01   0.000000000000000e+00
  3.760109798781482e-01  -9.266152076299389e-01   0.000000000000000e+00
  3.857098070717537e-01  -9.226201519198843e-01   0.000000000000000e+00
  3.953661954950688e-01  -9.185235824189573e-01   0.000000000000000e+00
  4.049790826777010e-01  -9.143259498633558e-01   0.000000000000000e+00
  4.145474109356000e-01  -9.100277161090154e-01   0.000000000000000e+00
  4.240701274874324e-01  -9.056293540807921e-01   0.000000000000000e+00
  4.335461845704168e-01  -9.011313477204276e-01   0.000000000000000e+00
  4.429745395556067e-01  -8.965341919333017e-01   0.000000000000000e+00
  4.523541550626086e-01  -8.918383925339800e-01   0.000000000000000e+00
  4.616839990737233e-01  -8.870444661905593e-01   0.000000000000000e+00
  4.709630450474929e-01  -8.821529403678214e-01   0.000000000000000e+00
  4.801902720316570e-01  -8.771643532691940e-01   0.000000000000000e+00
  4.893646647754749e-01  -8.720792537775378e-01   0.000000000000000e+00
  4.984852138414400e-01  -8.668982013947508e-01   0.000000000000000e+00
  5.075509157163428e-01  -8.616217661802085e-01   0.000000000000000e+00
  5.165607729216820e-01  -8.562505286880437e-01   0.000000000000000e+00
  5.255137941234228e-01  -8.507850799032649e-01   0.000000000000000e+00
  5.344089942410627e-01  -8.452260211767358e-01   0.000000000000000e+00
  5.432453945560222e-01  -8.395739641590083e-01   0.000000000000000e+00
  5.520220228193300e-01  -8.338295307330240e-01   0.000000000000000e+00
  5.607379133585981e-01  -8.279933529456897e-01   0.000000000000000e+00
  5.693921071842686e-01  -8.220660729383366e-01   0.000000000000000e+00
  5.779836520951368e-01  -8.160483428760626e-01   0.000000000000000e+00
  5.865116027831122e-01  -8.099408248759812e-01   0.000000000000000e+00
  5.949750209372324e-01  -8.037441909343668e-01   0.000000000000000e+00
  6.033729753469025e-01  -7.974591228527179e-01   0.000000000000000e+00
  6.117045420043548e-01  -7.910863121627391e-01   0.000000000000000e+00
  6.199688042063115e-01  -7.846264600502562e-01   0.000000000000000e+00
  6.281648526548551e-01  -7.780802772780609e-01   0.000000000000000e+00
  6.362917855574688e-01  -7.714484841077129e-01   0.000000000000000e+00
  6.443487087262623e-01  -7.647318102202879e-01   0.000000000000000e+00
  6.523347356763568e-01  -7.579309946360933e-01   0.000000000000000e+00
  6.602489877234227e-01  -7.510467856333557e-01   0.000000000000000e+00
  6.680905940803590e-01  -7.440799406658890e-01   0.000000000000000e+00
  6.758586919531047e-01  -7.370312262797543e-01   0.000000000000000e+00
  6.835524266355694e-01  -7.299014180289175e-01   0.000000000000000e+00
  6.911709516036748e-01  -7.226913003899179e-01   0.000000000000000e+00
  6.987134286084969e-01  -7.154016666755528e-01   0.000000000000000e+00
  7.061790277684930e-01  -7.080333189475945e-01   0.000000000000000e+00
  7.135669276608176e-01  -7.005870679285348e-01   0.000000000000000e+00
  7.208763154116967e-01  -6.930637329123894e-01   0.000000000000000e+00
  7.281063867858683e-01  -6.854641416745501e-01   0.000000000000000e+00
  7.352563462750714e-01  -6.777891303807050e-01   0.000000000000000e+00
  7.423254071855693e-01  -6.700395434948438e-01   0.000000000000000e+00
  7.493127917247165e-01  -6.622162336863326e-01   0.000000000000000e+00
  7.562177310865293e-01  -6.543200617361060e-01   0.000000000000000e+00
  7.630394655362797e-01  -6.463518964419527e-01   0.000000000000000e+00
  7.697772444940859e-01  -6.383126145229251e-01   0.000000000000000e+00
  7.764303266174983e-01  -6.302031005228750e-01   0.000000000000000e+00
  7.829979798830645e-01  -6.220242467131326e-01   0.000000000000000e+00
  7.894794816668779e-01  -6.137769529943250e-01   0.000000000000000e+00
  7.958741188240804e-01  -6.054621267973691e-01   0.000000000000000e+00
  8.021811877673316e-01  -5.970806829836258e-01   0.000000000000000e+00
  8.083999945442216e-01  -5.886335437442403e-01   0.000000000000000e+00
  8.145298549136261e-01  -5.801216384986749e-01   0.000000000000000e+00
  8.205700944209888e-01  -5.715459037924508e-01   0.000000000000000e+00
  8.265200484725358e-01  -5.629072831940950e-01   0.000000000000000e+00
  8.323790624083938e-01  -5.542067271913281e-01   0.000000000000000e+00
  8.381464915746235e-01  -5.454451930864820e-01   0.000000000000000e+00
  8.438217013941494e-01  -5.366236448911686e-01   0.000000000000000e+00
  8.494040674365783e-01  -5.277430532202170e-01   0.000000000000000e+00
  8.548929754869092e-01  -5.188043951848701e-01   0.000000000000000e+00
  8.602878216131087e-01  -5.098086542852838e-01   0.000000000000000e+00
  8.655880122325629e-01  -5.007568203023105e-01   0.000000000000000e+00
  8.707929641773873e-01  -4.916498891885968e-01   0.000000000000000e+00
  8.759021047585921e-01  -4.824888629589997e-01   0.000000000000000e+00
  8.809148718290915e-01  -4.732747495803420e-01   0.000000000000000e+00
  8.858307138455597e-01  -4.640085628604996e-01   0.000000000000000e+00
  8.906490899291121e-01  -4.546913223368623e-01   0.000000000000000e+00
  8.953694699248187e-01  -4.453240531641528e-01   0.000000000000000e+00
  8.999913344600354e-01  -4.359077860016321e-01   0.000000000000000e+00
  9.045141750015500e-01  -4.264435568996973e-01   0.000000000000000e+00
  9.089374939115333e-01  -4.169324071858907e-01   0.000000000000000e+00
  9.132608045022954e-01  -4.073753833503201e-01   0.000000000000000e+00
  9.174836310898331e-01  -3.977735369305191e-01   0.000000000000000e+00
  9.216055090461690e-01  -3.881279243957482e-01   0.000000000000000e+00
  9.256259848504739e-01  -3.784396070307525e-01   0.000000000000000e+00
  9.295446161389642e-01  -3.687096508189956e-01   0.000000000000000e+00
  9.333609717535786e-01  -3.589391263253637e-01   0.000000000000000e+00
  9.370746317894133e-01  -3.491291085783816e-01   0.000000000000000e+00
  9.406851876409253e-01  -3.392806769519260e-01   0.000000000000000e+00
  9.441922420468896e-01  -3.293949150464648e-01   0.000000000000000e+00
  9.475954091341097e-01  -3.194729105698311e-01   0.000000000000000e+00
  9.508943144598724e-01  -3.095157552175483e-01   0.000000000000000e+00
  9.540885950531504e-01  -2.995245445527055e-01   0.000000000000000e+00
  9.571778994545355e-01  -2.895003778854238e-01   0.000000000000000e+00
  9.601618877549111e-01  -2.794443581518969e-01   0.000000000000000e+00
  9.630402316328508e-01  -2.693575917930382e-01   0.000000000000000e+00
  9.658126143907426e-01  -2.592411886327453e-01   0.000000000000000e+00
  9.684787309896360e-01  -2.490962617557803e-01   0.000000000000000e+00
  9.710382880828026e-01  -2.389239273853086e-01   0.000000000000000e+00
  9.734910040480135e-01  -2.287253047600783e-01   0.000000000000000e+00
  9.758366090185255e-01  -2.185015160112745e-01   0.000000000000000e+00
  9.780748449127744e-01  -2.082536860390523e-01   0.000000000000000e+00
  9.802054654627693e-01  -1.979829423887717e-01   0.000000000000000e+00
  9.822282362411915e-01  -1.876904151269268e-01   0.000000000000000e+00
  9.841429346871858e-01  -1.773772367168164e-01   0.000000000000000e+00
  9.859493501308496e-01  -1.670445418939373e-01   0.000000000000000e+00
  9.876472838164119e-01  -1.566934675411326e-01   0.000000000000000e+00
  9.892365489241023e-01  -1.463251525635021e-01   0.000000000000000e+00
  9.907169705907056e-01  -1.359407377630961e-01   0.000000000000000e+00
  9.920883859288031e-01  -1.255413657133860e-01   0.000000000000000e+00
  9.933506440446932e-01  -1.151281806335582e-01   0.000000000000000e+00
  9.945036060549942e-01  -1.047023282626170e-01   0.000000000000000e+00
  9.955471451019263e-01  -9.426495573331599e-02   0.000000000000000e+00
  9.964811463672681e-01  -8.381721144595038e-02   0.000000000000000e+00
  9.973055070849910e-01  -7.336024494199068e-02   0.000000000000000e+00
  9.980201365525656e-01  -6.289520677761051e-02   0.000000000000000e+00
  9.986249561409414e-01  -5.242324839708892e-02   0.000000000000000e+00
  9.991198993031988e-01  -4.194552200612059e-02   0.000000000000000e+00
  9.995049115818705e-01  -3.146318044504123e-02   0.000000000000000e+00
  9.997799506149337e-01  -2.097737706198321e-02   0.000000000000000e+00
  9.999449861404711e-01  -1.048926558597523e-02   0.000000000000000e+00
  1.000000000000000e+00  -2.449293598294706e-16   0.000000000000000e+00
