349
0.000000000000000e+00 0.000000000000000e+00 0.000000000000000e+00
7.142857142857142e-02 0.000000000000000e+00 0.000000000000000e+00
1.428571428571428e-01 0.000000000000000e+00 0.000000000000000e+00
2.142857142857143e-01 0.000000000000000e+00 0.000000000000000e+00
2.857142857142857e-01 0.000000000000000e+00 0.000000000000000e+00
3.571428571428571e-01 0.000000000000000e+00 0.000000000000000e+00
4.285714285714285e-01 0.000000000000000e+00 0.000000000000000e+00
5.000000000000000e-01 0.000000000000000e+00 0.000000000000000e+00
5.714285714285714e-01 0.000000000000000e+00 0.000000000000000e+00
6.428571428571428e-01 0.000000000000000e+00 0.000000000000000e+00
7.142857142857142e-01 0.000000000000000e+00 0.000000000000000e+00
7.857142857142857e-01 0.000000000000000e+00 0.000000000000000e+00
8.571428571428571e-01 0.000000000000000e+00 0.000000000000000e+00
9.285714285714285e-01 0.000000000000000e+00 0.000000000000000e+00
1.000000000000000e+00 0.000000000000000e+00 0.000000000000000e+00
1.000000000000000e+00 7.142857142857142e-02 0.000000000000000e+00
1.000000000000000e+00 1.428571428571428e-01 0.000000000000000e+00
1.000000000000000e+00 2.142857142857143e-01 0.000000000000000e+00
1.000000000000000e+00 2.857142857142857e-01 0.000000000000000e+00
1.000000000000000e+00 3.571428571428571e-01 0.000000000000000e+00
1.000000000000000e+00 4.285714285714285e-01 0.000000000000000e+00
1.000000000000000e+00 5.000000000000000e-01 0.000000000000000e+00
1.000000000000000e+00 5.714285714285714e-01 0.000000000000000e+00
1.000000000000000e+00 6.428571428571428e-01 0.000000000000000e+00
1.000000000000000e+00 7.142857142857142e-01 0.000000000000000e+00
1.000000000000000e+00 7.857142857142857e-01 0.000000000000000e+00
1.000000000000000e+00 8.571428571428571e-01 0.000000000000000e+00
1.000000000000000e+00 9.285714285714285e-01 0.000000000000000e+00
1.000000000000000e+00 1.000000000000000e+00 0.000000000000000e+00
9.285714285714285e-01 1.000000000000000e+00 0.000000000000000e+00
8.571428571428571e-01 1.000000000000000e+00 0.000000000000000e+00
7.857142857142857e-01 1.000000000000000e+00 0.000000000000000e+00
7.142857142857142e-01 1.000000000000000e+00 0.000000000000000e+00
6.428571428571428e-01 1.000000000000000e+00 0.000000000000000e+00
5.714285714285714e-01 1.000000000000000e+00 0.000000000000000e+00
5.000000000000000e-01 1.000000000000000e+00 0.000000000000000e+00
4.285714285714285e-01 1.000000000000000e+00 0.000000000000000e+00
3.571428571428571e-01 1.000000000000000e+00 0.000000000000000e+00
2.857142857142857e-01 1.000000000000000e+00 0.000000000000000e+00
2.142857142857143e-01 1.000000000000000e+00 0.000000000000000e+00
1.428571428571428e-01 1.000000000000000e+00 0.000000000000000e+00
7.142857142857142e-02 1.000000000000000e+00 0.000000000000000e+00
0.000000000000000e+00 1.000000000000000e+00 0.000000000000000e+00
0.000000000000000e+00 9.285714285714285e-01 0.000000000000000e+00
0.000000000000000e+00 8.571428571428571e-01 0.000000000000000e+00
0.000000000000000e+00 7.857142857142857e-01 0.000000000000000e+00
0.000000000000000e+00 7.142857142857142e-01 0.000000000000000e+00
0.000000000000000e+00 6.428571428571428e-01 0.000000000000000e+00
0.000000000000000e+00 5.714285714285714e-01 0.000000000000000e+00
0.000000000000000e+00 5.000000000000000e-01 0.000000000000000e+00
0.000000000000000e+00 4.285714285714285e-01 0.000000000000000e+00
0.000000000000000e+00 3.571428571428571e-01 0.000000000000000e+00
0.000000000000000e+00 2.857142857142857e-01 0.000000000000000e+00
0.000000000000000e+00 2.142857142857143e-01 0.000000000000000e+00
0.000000000000000e+00 1.428571428571428e-01 0.000000000000000e+00
0.000000000000000e+00 7.142857142857142e-02 0.000000000000000e+00
5.343194651554275e-01 4.633026475457326e-01 -1.558936384954933e-11
4.741349344254725e-01 4.513526826211887e-01 -1.444823146171270e-11
5.084945441070028e-01 4.059073481836986e-01 -1.491403202134596e-11
6.354985431607973e-01 4.249134993901779e-01 -2.689180279185029e-11
6.031701177351342e-01 4.819055291110643e-01 -2.044423121160646e-11
5.712002041211515e-01 4.194752147974083e-01 -1.980128374821056e-11
4.850264042622742e-01 3.396930445694423e-01 -1.622393846274911e-11
4.481038279899515e-01 2.914704374639257e-01 -1.615458358516733e-11
5.038797805669333e-01 2.708365404264494e-01 -1.903480523949776e-11
5.600771496174011e-01 2.255491425448650e-01 -2.368020636132264e-11
4.964343193034813e-01 2.036128137340191e-01 -1.842630145581222e-11
4.472937760544894e-01 2.374247258171158e-01 -1.723665454228348e-11
7.937634419112365e-01 6.982866328906675e-01 -2.825345450161689e-11
7.523936478301680e-01 7.356459910101780e-01 -2.737868257497325e-11
7.394942499318350e-01 6.844156062429669e-01 -2.577956935864924e-11
6.935140823867696e-01 6.670042290217351e-01 -2.268009289016089e-11
7.000634955752373e-01 7.212318995149820e-01 -2.566722418442122e-11
6.494496078468920e-01 7.055196276643436e-01 -2.097234380243382e-11
2.738631864181589e-01 4.103758462571290e-01 -2.376018899487265e-11
3.027510051532027e-01 4.512831623248983e-01 -2.451295532239286e-11
2.518944224767629e-01 4.543088048411424e-01 -2.990113111208377e-11
4.523182795631007e-01 4.703237292180135e-02 -6.595589076671640e-12
4.944308704623989e-01 8.108064696279492e-02 -1.072752063615627e-11
5.309836137785547e-01 1.140310239913286e-01 -1.530011642725881e-11
4.883960719703070e-01 1.430612272373667e-01 -1.583811994940692e-11
3.420026618566023e-01 5.902413762168514e-02 -7.320058053564195e-12
3.803962721907736e-01 9.914023840374853e-02 -1.150375649269204e-11
3.399503111084218e-01 1.213241591508666e-01 -1.361991546755747e-11
4.402428063523188e-01 1.768718150958996e-01 -1.637166791379118e-11
3.945932362063029e-01 2.111391936533425e-01 -1.697241868996792e-11
4.005086859079485e-01 2.706175545290583e-01 -1.646015036946446e-11
3.495034948739523e-01 2.453480506757447e-01 -1.785403304467663e-11
2.982761026990822e-01 2.192514350098199e-01 -1.875412062767394e-11
3.437232214063631e-01 1.834342488206560e-01 -1.874668169205741e-11
1.385919252418377e-01 1.056695159573220e-01 -8.606504890049336e-12
1.719792985397225e-01 5.489704647374549e-02 -5.193956152048329e-12
1.930053469962310e-01 1.102711321278127e-01 -1.157659284256419e-11
1.100138941610604e-01 5.130972168386401e-02 -3.667997316289718e-12
1.331310800566465e-01 4.895695334183817e-01 -3.574063032156434e-11
9.744554432660249e-02 4.349321357004330e-01 -2.313968471425470e-11
1.539950580310657e-01 4.179890772539731e-01 -2.737801547380471e-11
1.955261534354046e-01 4.656989655263905e-01 -3.412112426754892e-11
8.101833499511280e-02 5.467281220220932e-01 -4.263194766510050e-11
1.388811533991098e-01 5.520577179852493e-01 -4.879921356349460e-11
1.865610964564917e-01 5.313599865930645e-01 -4.510092715261799e-11
2.388879364563435e-01 5.097153740387590e-01 -3.896453621027053e-11
2.385423105066220e-01 5.793639358066188e-01 -5.359020570753471e-11
8.368809498498306e-01 1.538148001863415e-01 -5.334979953361188e-11
8.575444051514041e-01 1.068001271489109e-01 -4.591828052494469e-11
8.939008211904188e-01 1.553651167630635e-01 -4.435177233270728e-11
8.846991951242487e-01 5.156827904829889e-02 -2.056307468119378e-11
8.147973128339767e-01 5.824151083379579e-02 -2.717520947741094e-11
5.751824561187961e-01 8.370191700338235e-01 -2.488271077281797e-11
6.212084961981725e-01 7.998979138948130e-01 -2.515176017164524e-11
6.270752098548178e-01 8.492870517502321e-01 -2.336206525454541e-11
5.626791603941651e-01 7.780056448303780e-01 -2.574730842192281e-11
5.145610544956899e-01 8.212284878212704e-01 -2.983623463963733e-11
1.039861919827259e-01 8.533983212873881e-01 -6.086449309767144e-11
1.517197073207385e-01 8.885632561254080e-01 -6.279781015119464e-11
9.536748246155918e-02 9.044982306088200e-01 -4.144251876272516e-11
5.677780118437172e-02 8.109407986955394e-01 -4.816798263950958e-11
1.210841892819621e-01 7.968608446384715e-01 -8.845002516120249e-11
9.063578091591064e-01 9.605687381842866e-02 -3.234557904114722e-11
3.268436511484352e-01 7.096369363960453e-01 -6.638589901959590e-11
2.891163347293882e-01 6.888500211903342e-01 -7.275548950134276e-11
3.336898079050515e-01 6.556966290553516e-01 -5.431075672892010e-11
2.386659772031624e-01 6.924392142945532e-01 -8.534604112315683e-11
2.092429694425015e-01 6.426296666004608e-01 -7.676909421736914e-11
2.685853734907888e-01 6.425535857898990e-01 -6.499944098488125e-11
8.508147590966004e-01 5.454572669611737e-01 -3.111016228542557e-11
9.086696160534818e-01 5.541315738648485e-01 -2.145754466806289e-11
8.761695059060794e-01 6.053443304259740e-01 -2.437317641727548e-11
1.807412274227659e-01 6.923682645266451e-01 -1.009303826094677e-10
1.586740484457028e-01 6.435634970730894e-01 -7.326305849407213e-11
7.782539120477306e-01 6.448790355328502e-01 -2.673963001285353e-11
7.311690326465756e-01 6.407242907387520e-01 -2.461829197863424e-11
8.159768020581145e-01 5.960218272200530e-01 -2.880850681736930e-11
6.546108581509837e-01 9.607849210955688e-02 -2.298401934068065e-11
7.077523991714684e-01 6.871778091177198e-02 -2.357811214755484e-11
7.043878811236424e-01 1.287378356760908e-01 -3.817452284614469e-11
5.511154841348869e-01 6.338906212272540e-02 -1.109984089130160e-11
5.424297500361266e-01 1.637842190596306e-01 -1.983329800430774e-11
6.787916329935794e-01 9.435384199148530e-01 -1.106752460003161e-11
7.152451460997202e-01 8.932368390884848e-01 -1.877781086536362e-11
7.317193627801357e-01 9.392898156443360e-01 -1.215923398250840e-11
8.219220341190706e-01 8.482002811685285e-01 -2.413255532653246e-11
7.796673012208803e-01 9.061513739992472e-01 -1.850930986394682e-11
7.559082598918918e-01 8.529838343863805e-01 -2.417001340320468e-11
7.668645463368110e-01 9.584155202178514e-01 -9.169965202300640e-12
8.202761704385957e-01 9.535223296444885e-01 -1.070436844736061e-11
5.591813735544763e-01 2.801852758279763e-01 -2.335368630440846e-11
1.743979448848236e-01 5.917543927829880e-01 -5.938985284529484e-11
1.131802253056751e-01 6.087072220665538e-01 -5.783323048740297e-11
8.918770068875448e-01 8.825125044011698e-01 -1.721449300949311e-11
9.254147667942442e-01 8.369299472359557e-01 -1.503906741976567e-11
9.514735263483344e-01 8.803379987763038e-01 -1.151387389419526e-11
9.410095239725019e-01 9.428592953662788e-01 -7.907981695062200e-12
8.778497321784585e-01 9.494844098414151e-01 -1.058938067578462e-11
4.348859129967640e-01 1.073319627877466e-01 -1.184313647482762e-11
3.888488401209961e-01 1.515982877286882e-01 -1.547031213447213e-11
8.713551507249084e-01 4.373638973063989e-01 -3.803146977408949e-11
8.107634305438459e-01 4.325612271174731e-01 -4.272853998272939e-11
8.463261275982189e-01 3.813852819746337e-01 -4.738485795177129e-11
8.826783321094871e-01 3.290072902195026e-01 -4.760560441540222e-11
9.083159785281120e-01 3.864444133961757e-01 -3.681994815351464e-11
9.456483874136410e-01 3.380956277632314e-01 -2.398745618749668e-11
9.247486327229211e-01 2.799004556636545e-01 -3.953880510868552e-11
4.722283363181196e-01 8.651724377794878e-01 -3.118650110816994e-11
4.475940598673978e-01 8.031540350780934e-01 -3.950554958057590e-11
4.327726494079255e-01 9.040569430195391e-01 -3.300540968789312e-11
4.880182913571202e-01 9.251069693137742e-01 -2.013072269188218e-11
5.293519784312802e-01 8.819084565344838e-01 -2.461279506040649e-11
5.486786713264190e-01 9.433826286304501e-01 -1.349183084921440e-11
1.584564751581540e-01 3.117118537252324e-01 -2.096084724826270e-11
1.560818421357532e-01 2.531416731731568e-01 -1.877354019841012e-11
2.053450591716648e-01 2.782469239003220e-01 -2.214664450767155e-11
2.133734891945394e-01 3.316008465999135e-01 -2.365234157447464e-11
1.574629292172507e-01 1.971620800418513e-01 -1.611328645284155e-11
1.169729665925670e-01 2.244444029412891e-01 -1.461343139670414e-11
6.450775095088574e-01 5.299307009374408e-01 -2.090378147394361e-11
5.874636563597837e-01 5.534677397280019e-01 -1.820387226743176e-11
5.496813415783706e-01 5.120783677368372e-01 -1.720670991196520e-11
6.796314334842953e-01 4.761012843004742e-01 -2.765852998209303e-11
3.234033164671575e-01 3.999013267796286e-01 -1.853003027504854e-11
3.838427921200727e-01 3.958885659322079e-01 -1.361823534173832e-11
3.591547737736667e-01 4.483645007488417e-01 -1.674332091717082e-11
9.392511986736314e-01 7.779268846538328e-01 -1.395816097295073e-11
8.831382671896281e-01 8.147441622770973e-01 -1.960577820318245e-11
9.632039661288542e-01 8.275660728793416e-01 -8.939399620677187e-12
8.516847158351185e-01 7.170258244856027e-01 -2.718855569692364e-11
9.226494711003774e-01 7.158905886517104e-01 -1.556912250919842e-11
8.858024124165066e-01 7.620963871730833e-01 -2.164936288302361e-11
9.406044112272224e-01 6.103625632435853e-01 -1.368621418117242e-11
8.967558630987346e-01 6.618978700074329e-01 -1.969884533746857e-11
2.594002667246911e-01 8.477505418742169e-01 -7.918126637085404e-11
2.364674554646619e-01 7.941187796397260e-01 -9.573347121388756e-11
3.025455951833578e-01 8.030283218517603e-01 -7.923506211106967e-11
2.193021435918477e-01 8.934647792986971e-01 -5.913927688022262e-11
1.986107338930480e-01 8.413994340754798e-01 -8.542035606496085e-11
2.782241598763935e-01 7.409047932010767e-01 -8.889442673625694e-11
4.171482924832750e-01 4.459187939568315e-01 -1.497420971420712e-11
3.935767104232799e-01 4.951637474015667e-01 -1.956587565115732e-11
8.018507384533076e-01 1.236210411892819e-01 -5.307925674816401e-11
7.523681512767615e-01 1.474367044395614e-01 -5.202608154121273e-11
7.555173313649206e-01 9.369474336326239e-02 -3.781805713224882e-11
7.885778684075444e-01 1.782376703013837e-01 -5.528787015873805e-11
7.095137356953838e-01 2.100508949900186e-01 -5.263149846051710e-11
6.617234926502873e-01 7.614858938198434e-01 -2.556384551435349e-11
6.080540830950406e-01 7.434392001082172e-01 -2.291095637581154e-11
6.737703981875669e-02 2.205044178468091e-01 -8.942065761685014e-12
4.698361544605072e-02 1.603785095285242e-01 -5.086490251435058e-12
1.095263840523236e-01 1.668175881071646e-01 -1.149824700899602e-11
5.004781792016779e-02 3.251374109252859e-01 -8.890425020249240e-12
4.326051584185131e-02 2.656384247965215e-01 -6.583684316748900e-12
6.127798564428085e-01 5.476455960818460e-02 -1.153014318513709e-11
1.158078751727482e-01 6.823579393887989e-01 -7.139273231082603e-11
1.468679699360561e-01 7.413305545668816e-01 -1.069549785539569e-10
8.819247394576507e-02 7.477335924031611e-01 -6.849684837353927e-11
5.002733809512649e-02 8.851461848574571e-01 -2.896932618085835e-11
4.467303623160861e-01 3.949756446843919e-01 -1.380437136066398e-11
4.075239119348006e-01 3.346311097547755e-01 -1.325431258757820e-11
3.995682503174533e-01 5.253915116392703e-02 -6.394989120603182e-12
8.896083668241640e-01 4.965447138905171e-01 -2.826694549809043e-11
8.325265730333911e-01 4.862415617535698e-01 -3.638825577615124e-11
9.570047915351126e-01 5.502130829903783e-01 -1.104260209134308e-11
6.125253960960149e-01 2.681133751785507e-01 -2.973194254794868e-11
6.728915637630635e-01 2.758004865497442e-01 -4.271274733350418e-11
6.394819746018507e-01 3.242373460155212e-01 -3.356925164972853e-11
6.967523857950286e-01 3.289471331567434e-01 -4.562135801265748e-11
6.657643956544628e-01 3.758975765456906e-01 -3.539781078116779e-11
8.173830910454326e-01 3.265592372676402e-01 -6.023098858806809e-11
7.829901387734114e-01 3.804964229970748e-01 -4.978152214510698e-11
7.234856059994993e-01 3.780566396760730e-01 -4.616992488662568e-11
7.456590209422623e-01 4.359371216728777e-01 -4.046912623060729e-11
7.833866474027962e-01 4.759683920025430e-01 -3.757857058816872e-11
7.417201255145688e-01 4.937961694846590e-01 -3.338116572886313e-11
6.906613457705238e-01 4.193790968303127e-01 -3.559590621645296e-11
1.096097764268834e-01 3.620994349645749e-01 -1.995281602532545e-11
9.887772147033209e-02 2.825502952105124e-01 -1.508593080181025e-11
5.990409843690878e-01 6.832095822202345e-01 -2.116499286925664e-11
6.946497693562511e-01 6.131605895394218e-01 -2.303478196972250e-11
7.052738663572408e-01 5.452509504764956e-01 -2.429057559513451e-11
7.841303679038838e-01 5.334013614383392e-01 -3.255212800125700e-11
7.514036806996992e-01 5.949127072982704e-01 -2.637093957009522e-11
7.561103127657154e-01 4.546493289469417e-02 -1.959210367118165e-11
5.838967577783708e-01 3.209763605068960e-01 -2.429253593673251e-11
5.355277837136614e-01 3.154509604831202e-01 -2.002894143654072e-11
3.067251946234525e-01 2.878842266469274e-01 -1.874323573014151e-11
2.487273975739378e-01 1.895587826550527e-01 -1.927446812763422e-11
2.036161168015820e-01 2.220461643917685e-01 -1.890389500893863e-11
2.011875063232800e-01 1.656214244586574e-01 -1.638367860085127e-11
2.528919663876057e-01 2.485461021215707e-01 -2.073175216622308e-11
4.210719843493037e-01 8.555797349097658e-01 -4.002829498862463e-11
3.759312914383108e-01 8.182197780765825e-01 -5.325963245209688e-11
3.794891399664111e-01 8.859777408269907e-01 -4.094274258903662e-11
7.995459390184606e-01 7.464586879165815e-01 -2.827462250614110e-11
6.467606606168743e-01 1.573585931574532e-01 -3.221677601250831e-11
2.185615541004177e-01 3.970107791707317e-01 -2.635082212955767e-11
4.017147010061850e-01 7.630770362517235e-01 -4.848560530822188e-11
4.477336679106233e-01 9.548036101505494e-01 -1.624615992025848e-11
3.966400740333766e-01 9.442571930882523e-01 -2.076486100587343e-11
8.432903703987350e-01 2.023110632474258e-01 -5.748668124190484e-11
7.875632647712481e-01 2.321915177556731e-01 -6.315390342701773e-11
3.613680738345417e-01 5.987462714904661e-01 -3.577831920356427e-11
4.009441723550770e-01 6.408819147334512e-01 -3.608642799456140e-11
4.431649724408110e-01 4.883203032443945e-01 -1.473342108055986e-11
4.327463663919622e-01 5.355547400766104e-01 -1.839112570049663e-11
5.945316078097918e-01 6.217655620529010e-01 -1.904755193865529e-11
6.442785326529317e-01 5.847773147443949e-01 -2.020440151166698e-11
5.048818530106642e-01 7.578871959194098e-01 -3.009541773057610e-11
5.002179339253938e-01 6.976508351735171e-01 -2.722311665837511e-11
4.944996203538799e-01 6.397218450210507e-01 -2.186725409753518e-11
5.451205542363056e-01 6.603146168897837e-01 -2.050406354491347e-11
1.158876591322581e-01 9.478577468648622e-01 -2.489477529211333e-11
5.349683071568246e-02 9.455925401949007e-01 -1.522419060802368e-11
5.487313767536408e-01 3.620259448231529e-01 -1.992738487297622e-11
7.671498681586140e-01 7.947063579671569e-01 -2.903167162984192e-11
8.345621842467711e-01 7.807989690300139e-01 -2.564102960732913e-11
2.817766992970502e-01 4.917687017289462e-01 -3.169715974785999e-11
3.313086216258599e-01 5.054669057504125e-01 -2.646476401550373e-11
2.864406767931156e-01 5.399509344304981e-01 -3.871749924941273e-11
2.091101770201504e-01 7.423080088386363e-01 -1.003964126580454e-10
3.022548411580072e-01 5.963420477920747e-01 -4.722505863096392e-11
6.148211064442721e-01 9.448203047767644e-01 -1.070134180467843e-11
6.535698428146335e-01 8.899401958788513e-01 -1.963362339305094e-11
8.497124223676306e-01 2.672395762222993e-01 -6.429058817161284e-11
9.507246436864308e-01 1.165558451426906e-01 -2.178186377027813e-11
9.514707526967729e-01 1.825593635009476e-01 -2.802656998870712e-11
2.777897949849535e-01 3.528933688131087e-01 -2.073108423388043e-11
2.331217676963490e-01 6.213190907347426e-02 -7.312641863386732e-12
2.900671211879246e-01 8.725518252607462e-02 -9.865160822048427e-12
9.377455392453981e-01 4.496152674959171e-01 -2.163935955665621e-11
9.386056627316313e-01 5.101009276483321e-01 -1.648129036283052e-11
8.133870651415386e-02 4.875879387644438e-01 -2.749061660064770e-11
4.473129539466493e-02 4.579638990276007e-01 -1.379844458043694e-11
5.021011001050370e-02 3.949041984545328e-01 -1.144329733948132e-11
6.918144768972005e-01 8.275173947072413e-01 -2.712715994943925e-11
3.427169332139032e-01 3.467252823571602e-01 -1.666521692531684e-11
3.609370022853131e-01 2.972054073266432e-01 -1.657971547507953e-11
6.556862357825086e-01 2.402076421098723e-01 -3.904553400641865e-11
8.184133853167413e-02 1.075802910816931e-01 -5.565981339140607e-12
3.583613220571689e-02 1.057219634050881e-01 -2.515091096383371e-12
4.798862361668811e-01 5.774519875811251e-01 -1.922996338785551e-11
4.158549604166189e-01 5.887993183005091e-01 -2.502821246387822e-11
4.929111609903889e-01 5.111861037012081e-01 -1.471150326925419e-11
6.298356600166888e-01 2.126467986576987e-01 -3.350708409546778e-11
5.932644808442493e-01 1.770556711332120e-01 -2.590609334639409e-11
4.489495027544270e-01 6.239998347150764e-01 -2.597345225984341e-11
4.470741967434965e-01 6.734106896958898e-01 -3.272326528618657e-11
5.305423076511188e-01 5.505298185981793e-01 -1.708457896198427e-11
5.399220103800179e-01 5.994077129953179e-01 -1.699272994546739e-11
9.563583936250785e-01 2.386551293479218e-01 -3.087701067939657e-11
5.889513478702976e-01 1.195818663781418e-01 -2.009743798584555e-11
1.489406335525973e-01 8.343806127986327e-01 -9.535929569053845e-11
5.157048962628646e-02 6.983316392304197e-01 -4.372644992657607e-11
6.588225801499759e-02 6.469189796539367e-01 -4.411098324338475e-11
3.885708333644512e-01 7.049295805562432e-01 -4.800520121215231e-11
2.945318826796505e-01 1.540357004823886e-01 -1.569597539119385e-11
2.463631099540457e-01 9.471976959109460e-01 -2.803511788658719e-11
2.805269971959666e-01 9.033908977830114e-01 -4.754188253072878e-11
1.595352792089734e-01 1.493322080854254e-01 -1.312214726659627e-11
6.056878010265573e-01 3.703740580812754e-01 -2.580234364357742e-11
3.472142026530152e-01 7.558016595716988e-01 -6.447350380163228e-11
1.758341967037516e-01 7.901186347161981e-01 -1.203110160830677e-10
9.517108094846868e-01 6.678507644313343e-01 -1.076898536948518e-11
2.512251008724432e-01 2.998342936163684e-01 -2.120101164247824e-11
2.434401704095621e-01 1.281456885539100e-01 -1.335141960794645e-11
9.581473811213257e-01 3.903644644429127e-01 -1.996037944737768e-11
5.009608008305548e-02 5.558444780819599e-02 -2.021557471690137e-12
6.666870279459794e-01 4.442607413262557e-02 -1.183340966182311e-11
5.936007772452864e-01 8.920605842364316e-01 -2.001507198577364e-11
9.450588460902024e-01 5.593492823966492e-02 -1.244841958210319e-11
1.804562200098541e-01 9.484924542600448e-01 -2.990413223073652e-11
7.143448923856247e-01 7.687767615287129e-01 -2.726555326916914e-11
1.707992705822120e-01 3.640823983428851e-01 -2.365896849028503e-11
3.930815295128465e-02 7.514012060658241e-01 -3.207825618792498e-11
4.492631177077500e-01 7.332801279760000e-01 -3.718413949465205e-11
4.118803976715409e-02 5.113517273042929e-01 -1.759176824171014e-11
8.405498234540313e-01 9.081690589072247e-01 -2.010657423351577e-11
9.038448914866147e-01 2.213517450314779e-01 -4.541733846522615e-11
7.805433492146820e-01 2.797628004055190e-01 -6.793490627697447e-11
7.509133409776375e-01 2.507283536421959e-01 -6.273413632241579e-11
7.543235565112091e-01 3.284790302737513e-01 -6.170569523084011e-11
3.218440792151992e-01 8.632295732865387e-01 -5.712241642389438e-11
3.394492597425796e-01 9.250859153698655e-01 -3.145551987458373e-11
7.256562292064435e-01 2.788126260989383e-01 -5.874426532631502e-11
3.010524109016670e-01 9.536600872344000e-01 -2.236121669796915e-11
5.330513754110060e-02 6.015695384835666e-01 -3.281887093037319e-11
3.779372358241044e-01 5.473572406323095e-01 -2.608841247900575e-11
8.377162650389229e-01 6.549131488063911e-01 -2.660701785075627e-11
5.548306318322069e-01 7.219244416492793e-01 -2.351065128108260e-11
3.304834728521026e-01 5.589651416658945e-01 -3.437037536719460e-11
6.459107640702874e-01 6.459061508738385e-01 -2.118402749698269e-11
640
196 120 319 0
196 319 193 0
327 281 280 0
280 281 139 0
165 333 266 0
165 266 113 0
263 301 299 0
299 301 306 0
255 333 165 0
255 319 313 0
125 124 103 0
125 121 123 0
178 306 301 0
178 61 177 0
307 264 269 0
307 306 177 0
259 282 337 0
337 282 227 0
260 279 348 0
348 279 277 0
236 264 349 0
349 264 265 0
341 38 343 0
343 38 39 0
332 311 214 0
214 311 212 0
237 72 349 0
237 349 265 0
219 157 288 0
141 33 139 0
144 273 142 0
144 140 293 0
143 335 146 0
335 150 154 0
267 266 333 0
267 269 347 0
210 235 209 0
235 210 206 0
66 303 302 0
303 309 253 0
103 279 125 0
279 103 277 0
265 177 176 0
177 306 178 0
102 277 103 0
101 95 98 0
59 58 216 0
59 62 57 0
259 338 203 0
338 337 342 0
84 83 156 0
83 218 155 0
180 75 285 0
75 77 254 0
172 246 248 0
246 172 171 0
174 175 208 0
174 247 246 0
138 80 309 0
80 138 81 0
304 305 261 0
304 299 268 0
257 341 251 0
232 231 239 0
232 179 230 0
229 233 226 0
233 179 60 0
331 97 234 0
331 173 254 0
111 110 293 0
319 120 313 0
191 193 340 0
191 195 192 0
199 104 202 0
104 199 105 0
250 340 193 0
340 250 251 0
128 127 189 0
127 289 221 0
74 73 204 0
73 70 330 0
118 214 213 0
275 76 276 0
76 275 77 0
243 63 65 0
243 242 272 0
160 282 163 0
282 258 336 0
106 284 336 0
106 105 119 0
286 93 92 0
93 323 247 0
185 27 152 0
27 185 26 0
132 237 240 0
132 71 72 0
69 131 346 0
131 69 71 0
293 273 144 0
273 293 330 0
230 228 158 0
228 339 227 0
301 57 178 0
128 190 346 0
190 187 186 0
349 72 74 0
98 102 101 0
102 98 77 0
64 68 65 0
68 86 85 0
181 294 217 0
294 285 244 0
134 136 253 0
134 211 326 0
89 245 314 0
245 247 323 0
240 237 238 0
344 312 48 0
344 99 149 0
333 305 267 0
299 307 268 0
236 269 264 0
240 133 131 0
133 128 346 0
60 318 226 0
318 272 242 0
313 333 255 0
165 249 250 0
197 182 181 0
197 58 262 0
160 159 227 0
159 158 228 0
347 266 267 0
347 269 236 0
90 156 86 0
90 314 84 0
143 140 144 0
140 281 293 0
156 85 86 0
85 67 68 0
219 126 220 0
219 289 127 0
342 203 338 0
260 345 300 0
345 260 348 0
123 196 278 0
334 50 291 0
334 99 49 0
320 192 195 0
192 320 278 0
324 21 288 0
21 324 20 0
87 217 295 0
217 87 64 0
249 166 251 0
166 167 256 0
76 180 182 0
180 285 294 0
150 184 151 0
184 274 188 0
310 114 118 0
114 116 215 0
322 244 285 0
244 295 294 0
280 35 169 0
35 280 34 0
205 112 347 0
112 205 110 0
302 296 222 0
302 253 203 0
208 317 174 0
208 207 297 0
225 339 229 0
339 225 342 0
149 100 148 0
149 212 312 0
130 129 212 0
129 278 213 0
222 66 302 0
66 222 147 0
266 347 112 0
168 327 169 0
327 168 109 0
91 297 94 0
91 317 208 0
202 259 203 0
202 104 258 0
316 343 315 0
340 251 341 0
327 109 111 0
124 130 148 0
123 278 129 0
220 158 157 0
183 184 188 0
274 252 186 0
182 276 76 0
276 348 277 0
336 163 282 0
336 284 308 0
62 272 318 0
272 59 63 0
96 292 234 0
96 290 291 0
157 161 288 0
115 329 270 0
115 310 195 0
122 313 120 0
325 297 298 0
325 2 94 0
61 60 179 0
61 57 62 0
216 181 217 0
216 58 197 0
223 342 225 0
223 296 203 0
271 116 270 0
271 44 215 0
248 322 172 0
248 89 244 0
330 204 73 0
70 252 273 0
88 295 244 0
68 87 86 0
171 170 235 0
173 172 322 0
310 118 320 0
194 329 115 0
122 261 313 0
261 300 304 0
234 97 96 0
234 170 331 0
74 236 349 0
71 70 73 0
108 199 201 0
283 106 119 0
265 176 238 0
204 330 293 0
71 73 72 0
328 119 107 0
328 16 283 0
171 174 246 0
323 314 245 0
87 68 64 0
65 147 243 0
254 97 331 0
173 322 285 0
300 345 263 0
142 150 335 0
143 141 140 0
136 135 201 0
253 309 134 0
201 200 136 0
108 105 199 0
186 346 190 0
70 69 252 0
198 263 345 0
58 57 301 0
239 126 133 0
239 231 220 0
100 101 148 0
95 290 96 0
113 109 168 0
164 249 165 0
158 220 231 0
229 339 228 0
309 80 137 0
253 302 303 0
272 63 243 0
242 224 318 0
67 138 66 0
81 155 79 0
269 268 307 0
74 204 205 0
314 323 287 0
246 245 248 0
224 223 225 0
62 318 60 0
193 192 196 0
340 316 191 0
213 320 118 0
121 196 123 0
346 186 69 0
250 319 255 0
316 341 343 0
86 88 90 0
81 85 155 0
142 274 184 0
142 335 143 0
345 348 276 0
300 261 260 0
112 110 109 0
347 236 205 0
346 131 133 0
321 190 189 0
213 278 320 0
117 332 214 0
217 64 63 0
295 88 87 0
254 98 97 0
102 275 277 0
164 168 167 0
229 226 225 0
259 258 282 0
161 157 159 0
123 129 124 0
149 312 344 0
345 276 198 0
181 216 197 0
55 56 298 0
54 206 210 0
52 53 209 0
50 51 291 0
49 50 334 0
47 48 311 0
46 47 332 0
44 45 215 0
41 42 270 0
39 40 315 0
341 257 38 0
36 37 256 0
35 36 169 0
33 34 139 0
32 33 145 0
30 31 154 0
27 28 152 0
25 26 183 0
24 25 321 0
22 23 221 0
21 22 288 0
19 20 162 0
18 19 308 0
16 17 283 0
13 14 107 0
11 12 241 0
10 11 326 0
8 9 137 0
7 8 78 0
5 6 82 0
4 5 286 0
2 3 94 0
325 1 2 0
298 207 55 0
54 55 207 0
54 210 53 0
209 292 52 0
51 52 292 0
291 290 334 0
49 99 344 0
48 49 344 0
332 117 46 0
45 46 117 0
215 116 271 0
271 43 44 0
270 329 41 0
40 41 329 0
315 343 39 0
37 38 257 0
256 167 36 0
169 327 280 0
145 146 32 0
31 32 146 0
154 153 30 0
29 153 28 0
152 151 185 0
183 185 151 0
183 187 25 0
321 189 24 0
23 24 189 0
221 289 22 0
288 161 324 0
162 324 161 0
162 163 19 0
308 284 18 0
17 18 284 0
283 119 328 0
328 15 16 0
107 108 13 0
12 13 108 0
241 135 11 0
326 211 10 0
9 10 211 0
137 79 8 0
78 218 7 0
6 7 218 0
82 287 5 0
286 92 4 0
3 4 92 0
94 297 325 0
1 325 56 0
283 17 284 0
321 187 190 0
258 106 336 0
339 342 337 0
158 231 230 0
166 257 251 0
297 91 208 0
203 342 223 0
129 213 212 0
110 204 293 0
291 292 96 0
340 341 316 0
337 227 339 0
259 337 338 0
336 308 163 0
154 146 335 0
102 77 275 0
290 99 334 0
107 14 328 0
154 31 146 0
307 177 264 0
313 305 333 0
29 30 153 0
142 184 150 0
332 47 311 0
315 329 194 0
43 271 42 0
241 12 108 0
143 145 141 0
175 235 206 0
214 118 117 0
235 175 171 0
198 276 182 0
170 173 331 0
273 330 70 0
241 108 201 0
83 155 156 0
326 135 134 0
274 186 188 0
316 194 191 0
315 40 329 0
242 147 222 0
263 262 301 0
15 328 14 0
317 247 174 0
234 292 209 0
224 242 222 0
238 179 232 0
180 294 181 0
309 211 134 0
327 111 281 0
326 11 135 0
298 56 325 0
138 309 303 0
162 20 324 0
99 100 149 0
323 286 287 0
286 323 93 0
75 254 285 0
288 289 219 0
311 48 312 0
244 322 248 0
321 25 187 0
188 187 183 0
310 320 195 0
250 193 319 0
152 28 153 0
198 197 262 0
230 233 229 0
224 226 318 0
93 247 317 0
317 91 93 0
106 258 104 0
60 226 233 0
84 287 82 0
314 287 84 0
90 84 156 0
126 239 220 0
315 194 316 0
300 299 304 0
89 314 90 0
274 273 252 0
169 36 167 0
256 37 257 0
305 313 261 0
212 311 312 0
115 114 310 0
137 211 309 0
162 161 160 0
308 19 163 0
206 54 207 0
268 267 305 0
299 306 307 0
304 268 305 0
138 303 66 0
203 296 302 0
221 23 189 0
150 152 153 0
301 262 58 0
263 299 300 0
132 240 131 0
270 116 115 0
297 207 298 0
222 296 223 0
294 295 217 0
293 281 111 0
103 124 148 0
101 103 148 0
291 51 292 0
95 99 290 0
288 22 289 0
286 5 287 0
285 254 173 0
283 284 106 0
122 125 279 0
282 160 227 0
145 33 141 0
139 281 140 0
280 139 34 0
122 121 125 0
260 122 279 0
78 155 218 0
192 278 196 0
275 276 277 0
273 274 142 0
272 62 59 0
270 42 271 0
267 268 269 0
113 266 112 0
238 176 179 0
265 238 237 0
264 177 265 0
198 262 263 0
260 261 122 0
206 208 175 0
258 259 202 0
166 256 257 0
250 255 165 0
254 77 98 0
194 115 195 0
136 203 253 0
203 136 200 0
252 69 186 0
250 249 251 0
164 166 249 0
248 245 89 0
245 246 247 0
244 89 88 0
147 242 243 0
241 201 135 0
200 199 202 0
239 238 232 0
133 240 239 0
127 126 219 0
238 239 240 0
237 132 72 0
205 236 74 0
234 209 235 0
234 235 170 0
230 179 233 0
230 231 232 0
229 228 230 0
227 159 228 0
225 226 224 0
222 223 224 0
221 189 127 0
219 220 157 0
82 6 218 0
82 218 83 0
216 217 63 0
59 216 63 0
215 45 117 0
114 215 117 0
212 213 214 0
130 212 149 0
137 9 211 0
209 53 210 0
206 207 208 0
204 110 205 0
202 203 200 0
199 200 201 0
197 198 182 0
196 121 120 0
194 195 191 0
191 192 193 0
189 190 128 0
186 187 188 0
183 26 185 0
183 151 184 0
181 182 180 0
76 75 180 0
61 179 176 0
57 61 178 0
61 176 177 0
174 171 175 0
172 173 170 0
170 171 172 0
168 169 167 0
113 168 164 0
166 164 167 0
113 164 165 0
162 160 163 0
159 160 161 0
157 158 159 0
155 78 79 0
155 85 156 0
150 153 154 0
150 151 152 0
148 130 149 0
65 66 147 0
145 143 146 0
142 143 144 0
139 140 141 0
67 81 138 0
80 79 137 0
134 135 136 0
126 128 133 0
131 71 132 0
124 129 130 0
126 127 128 0
123 124 125 0
120 121 122 0
105 107 119 0
117 118 114 0
114 115 116 0
112 109 113 0
109 110 111 0
107 105 108 0
104 105 106 0
102 103 101 0
101 100 95 0
99 95 100 0
98 95 97 0
95 96 97 0
94 3 92 0
91 94 92 0
91 92 93 0
88 89 90 0
86 87 88 0
85 81 67 0
82 83 84 0
79 80 81 0
78 8 79 0
75 76 77 0
72 73 74 0
69 70 71 0
68 67 65 0
66 65 67 0
63 64 65 0
60 61 62 0
57 58 59 0
