874
0.000000000000000e+00 1.300000000000000e+00 0.000000000000000e+00
6.825615337454925e-02 1.291531671695468e+00 0.000000000000000e+00
1.342454428030384e-01 1.266537690422833e+00 0.000000000000000e+00
1.958745137396347e-01 1.226224926941824e+00 0.000000000000000e+00
2.513843785068338e-01 1.172519457124108e+00 0.000000000000000e+00
2.994868629340894e-01 1.107944533008712e+00 0.000000000000000e+00
3.394666070478791e-01 1.035461384942620e+00 0.000000000000000e+00
3.712410189598164e-01 9.582835342600241e-01 0.000000000000000e+00
3.953735559849259e-01 8.796770460788189e-01 0.000000000000000e+00
4.130390148485671e-01 8.027600514494284e-01 0.000000000000000e+00
4.259429225466218e-01 7.303148567766076e-01 0.000000000000000e+00
4.362003926232756e-01 6.646250384538711e-01 0.000000000000000e+00
4.461827191842336e-01 6.073481569164326e-01 0.000000000000000e+00
4.583423189129267e-01 5.594322398278930e-01 0.000000000000000e+00
4.750282351229179e-01 5.210811514043285e-01 0.000000000000000e+00
4.983051737268735e-01 4.917705940580325e-01 0.000000000000000e+00
5.297888939888186e-01 4.703130127402015e-01 0.000000000000000e+00
5.705097347731225e-01 4.549663315799235e-01 0.000000000000000e+00
6.208141896222001e-01 4.435784769238001e-01 0.000000000000000e+00
6.803118787003660e-01 4.337572352845734e-01 0.000000000000000e+00
7.478721783826122e-01 4.230533238183014e-01 0.000000000000000e+00
8.216713724805642e-01 4.091437284070519e-01 0.000000000000000e+00
8.992877170242688e-01 3.900024448752863e-01 0.000000000000000e+00
9.778385030003373e-01 3.640467342412281e-01 0.000000000000000e+00
1.054150287328323e+00 3.302488030302122e-01 0.000000000000000e+00
1.124951143634958e+00 2.882053172153939e-01 0.000000000000000e+00
1.187072222211521e+00 2.381601776806470e-01 0.000000000000000e+00
1.237645212040546e+00 1.809793145511211e-01 0.000000000000000e+00
1.274282516474217e+00 1.180796643189703e-01 0.000000000000000e+00
1.295228074487532e+00 5.131773929723844e-02 0.000000000000000e+00
1.299468705692755e+00 -1.715394311202272e-02 0.000000000000000e+00
1.286798496793428e+00 -8.505203304064587e-02 0.000000000000000e+00
1.257831899350366e+00 -1.501370591579738e-01 0.000000000000000e+00
1.213964657720475e+00 -2.103849413210406e-01 0.000000000000000e+00
1.157285195419662e+00 -2.641427938628672e-01 0.000000000000000e+00
1.090442417392288e+00 -3.102576174415693e-01 0.000000000000000e+00
1.016478806614892e+00 -3.481683921567847e-01 0.000000000000000e+00
9.386400061724449e-01 -3.779546716877952e-01 0.000000000000000e+00
8.601736244440420e-01 -4.003378569745790e-01 0.000000000000000e+00
7.841306762053816e-01 -4.166346834898758e-01 0.000000000000000e+00
7.131828312753633e-01 -4.286658539997367e-01 0.000000000000000e+00
6.494675029506123e-01 -4.386259512590926e-01 0.000000000000000e+00
5.944708509079115e-01 -4.489235480491077e-01 0.000000000000000e+00
5.489561338379390e-01 -4.620025999813782e-01 0.000000000000000e+00
5.129417089728487e-01 -4.801576067520718e-01 0.000000000000000e+00
4.857295561956448e-01 -5.053555603973154e-01 0.000000000000000e+00
4.659817399689773e-01 -5.390773251075610e-01 0.000000000000000e+00
4.518389520138480e-01 -5.821898357877217e-01 0.000000000000000e+00
4.410724267990139e-01 -6.348584466762023e-01 0.000000000000000e+00
4.312582863611736e-01 -6.965060473994656e-01 0.000000000000000e+00
4.199619037208043e-01 -7.658223781640875e-01 0.000000000000000e+00
4.049192746604891e-01 -8.408235377170561e-01 0.000000000000000e+00
3.842026950410609e-01 -9.189582244327715e-01 0.000000000000000e+00
3.563592313201164e-01 -9.972540210512151e-01 0.000000000000000e+00
3.205124604206676e-01 -1.072494250759811e+00 0.000000000000000e+00
2.764206011880895e-01 -1.141413789484728e+00 0.000000000000000e+00
2.244872774770029e-01 -1.200900865500232e+00 0.000000000000000e+00
1.657245239695570e-01 -1.248191407559637e+00 0.000000000000000e+00
1.016710343212654e-01 -1.281042950606800e+00 0.000000000000000e+00
3.427182037023191e-02 -1.297876444393802e+00 0.000000000000000e+00
-3.427182037023159e-02 -1.297876444393802e+00 0.000000000000000e+00
-1.016710343212651e-01 -1.281042950606801e+00 0.000000000000000e+00
-1.657245239695567e-01 -1.248191407559638e+00 0.000000000000000e+00
-2.244872774770026e-01 -1.200900865500232e+00 0.000000000000000e+00
-2.764206011880893e-01 -1.141413789484729e+00 0.000000000000000e+00
-3.205124604206674e-01 -1.072494250759811e+00 0.000000000000000e+00
-3.563592313201166e-01 -9.972540210512147e-01 0.000000000000000e+00
-3.842026950410607e-01 -9.189582244327719e-01 0.000000000000000e+00
-4.049192746604890e-01 -8.408235377170564e-01 0.000000000000000e+00
-4.199619037208042e-01 -7.658223781640878e-01 0.000000000000000e+00
-4.312582863611735e-01 -6.965060473994653e-01 0.000000000000000e+00
-4.410724267990138e-01 -6.348584466762025e-01 0.000000000000000e+00
-4.518389520138479e-01 -5.821898357877219e-01 0.000000000000000e+00
-4.659817399689772e-01 -5.390773251075611e-01 0.000000000000000e+00
-4.857295561956447e-01 -5.053555603973156e-01 0.000000000000000e+00
-5.129417089728485e-01 -4.801576067520718e-01 0.000000000000000e+00
-5.489561338379387e-01 -4.620025999813783e-01 0.000000000000000e+00
-5.944708509079113e-01 -4.489235480491078e-01 0.000000000000000e+00
-6.494675029506121e-01 -4.386259512590927e-01 0.000000000000000e+00
-7.131828312753635e-01 -4.286658539997366e-01 0.000000000000000e+00
-7.841306762053819e-01 -4.166346834898758e-01 0.000000000000000e+00
-8.601736244440423e-01 -4.003378569745789e-01 0.000000000000000e+00
-9.386400061724441e-01 -3.779546716877953e-01 0.000000000000000e+00
-1.016478806614892e+00 -3.481683921567849e-01 0.000000000000000e+00
-1.090442417392288e+00 -3.102576174415694e-01 0.000000000000000e+00
-1.157285195419662e+00 -2.641427938628674e-01 0.000000000000000e+00
-1.213964657720475e+00 -2.103849413210407e-01 0.000000000000000e+00
-1.257831899350366e+00 -1.501370591579738e-01 0.000000000000000e+00
-1.286798496793428e+00 -8.505203304064589e-02 0.000000000000000e+00
-1.299468705692755e+00 -1.715394311202246e-02 0.000000000000000e+00
-1.295228074487532e+00 5.131773929723756e-02 0.000000000000000e+00
-1.274282516474217e+00 1.180796643189697e-01 0.000000000000000e+00
-1.237645212040546e+00 1.809793145511206e-01 0.000000000000000e+00
-1.187072222211521e+00 2.381601776806467e-01 0.000000000000000e+00
-1.124951143634958e+00 2.882053172153937e-01 0.000000000000000e+00
-1.054150287328323e+00 3.302488030302122e-01 0.000000000000000e+00
-9.778385030003373e-01 3.640467342412281e-01 0.000000000000000e+00
-8.992877170242685e-01 3.900024448752864e-01 0.000000000000000e+00
-8.216713724805639e-01 4.091437284070519e-01 0.000000000000000e+00
-7.478721783826129e-01 4.230533238183013e-01 0.000000000000000e+00
-6.803118787003666e-01 4.337572352845734e-01 0.000000000000000e+00
-6.208141896222005e-01 4.435784769238000e-01 0.000000000000000e+00
-5.705097347731227e-01 4.549663315799235e-01 0.000000000000000e+00
-5.297888939888187e-01 4.703130127402015e-01 0.000000000000000e+00
-4.983051737268735e-01 4.917705940580324e-01 0.000000000000000e+00
-4.750282351229179e-01 5.210811514043286e-01 0.000000000000000e+00
-4.583423189129267e-01 5.594322398278933e-01 0.000000000000000e+00
-4.461827191842337e-01 6.073481569164321e-01 0.000000000000000e+00
-4.362003926232758e-01 6.646250384538707e-01 0.000000000000000e+00
-4.259429225466219e-01 7.303148567766071e-01 0.000000000000000e+00
-4.130390148485673e-01 8.027600514494281e-01 0.000000000000000e+00
-3.953735559849259e-01 8.796770460788187e-01 0.000000000000000e+00
-3.712410189598165e-01 9.582835342600241e-01 0.000000000000000e+00
-3.394666070478791e-01 1.035461384942620e+00 0.000000000000000e+00
-2.994868629340893e-01 1.107944533008712e+00 0.000000000000000e+00
-2.513843785068335e-01 1.172519457124108e+00 0.000000000000000e+00
-1.958745137396354e-01 1.226224926941824e+00 0.000000000000000e+00
-1.342454428030390e-01 1.266537690422833e+00 0.000000000000000e+00
-6.825615337454970e-02 1.291531671695467e+00 0.000000000000000e+00
5.289999761964076e-02 -1.240169098707262e+00 0.000000000000000e+00
-3.476656968028035e-02 1.241983181173255e+00 0.000000000000000e+00
-1.213970808733283e+00 1.248458809708838e-01 0.000000000000000e+00
-1.173462983505133e+00 1.643659290392198e-01 0.000000000000000e+00
-1.223122192231392e+00 -4.329069240774167e-02 0.000000000000000e+00
-1.245421105328071e+00 1.504856899736138e-02 0.000000000000000e+00
-1.123558814847925e+00 2.119012682199750e-01 0.000000000000000e+00
-1.119973569761761e+00 1.490074108987423e-01 0.000000000000000e+00
-8.404677739553236e-01 7.989881210425122e-02 0.000000000000000e+00
-8.758904900905454e-01 5.043645546995525e-03 0.000000000000000e+00
-9.210030861036244e-01 6.001144118478234e-02 0.000000000000000e+00
-1.151360249326596e+00 -2.083321393251001e-01 0.000000000000000e+00
-1.059622243445323e+00 1.802366184306747e-01 0.000000000000000e+00
-1.014121623510216e+00 2.500379975976109e-01 0.000000000000000e+00
-9.809937122250455e-01 1.839243338082651e-01 0.000000000000000e+00
-9.160196117747137e-01 3.251069479877401e-01 0.000000000000000e+00
-9.796444218317406e-01 3.035812175315258e-01 0.000000000000000e+00
-7.408714499403261e-01 2.715001791639945e-01 0.000000000000000e+00
-8.038733051841345e-01 2.773826183119279e-01 0.000000000000000e+00
-7.543528308653354e-01 3.257213253500897e-01 0.000000000000000e+00
-4.964652961635435e-01 2.929750489597167e-01 0.000000000000000e+00
-5.494644513444521e-01 2.276138314759876e-01 0.000000000000000e+00
-5.664780397616624e-01 2.951552196889680e-01 0.000000000000000e+00
-9.084388252598345e-01 1.788439537642223e-01 0.000000000000000e+00
-9.340483497020061e-01 2.508048567298152e-01 0.000000000000000e+00
-8.549021171437370e-01 2.275462763224660e-01 0.000000000000000e+00
-5.908192343436076e-01 4.042328341753463e-01 0.000000000000000e+00
-5.405256850495332e-01 4.275026205758324e-01 0.000000000000000e+00
-4.953598358108359e-01 4.655779528492419e-01 0.000000000000000e+00
-5.082095013983396e-01 4.414828942751107e-01 0.000000000000000e+00
-6.942677714569359e-01 -3.603903838201611e-01 0.000000000000000e+00
-6.319494088207656e-01 -3.459557125738444e-01 0.000000000000000e+00
-6.570175089899168e-01 -3.946566416242110e-01 0.000000000000000e+00
1.161418410463510e+00 -6.804680582694481e-02 0.000000000000000e+00
1.222167924597442e+00 -9.900728505264668e-02 0.000000000000000e+00
1.170913622220904e+00 -1.487167674032068e-01 0.000000000000000e+00
1.188801013090083e+00 2.898076701174737e-03 0.000000000000000e+00
1.233877194159004e+00 -4.308375983446210e-02 0.000000000000000e+00
1.226241129653534e+00 1.067566491633971e-01 0.000000000000000e+00
1.174722980504504e+00 1.588904810320236e-01 0.000000000000000e+00
1.106451996886406e+00 -2.405765392330305e-01 0.000000000000000e+00
1.148510572967936e+00 -2.087585716698529e-01 0.000000000000000e+00
1.093937392592231e+00 -1.799718165291196e-01 0.000000000000000e+00
9.380123519943040e-01 3.228798891661453e-01 0.000000000000000e+00
9.943184344406416e-01 2.880768511361144e-01 0.000000000000000e+00
9.258643146463068e-01 2.550094237906722e-01 0.000000000000000e+00
9.351483274244095e-01 -2.944622877624019e-01 0.000000000000000e+00
9.998336966907245e-01 -3.015202438053187e-01 0.000000000000000e+00
1.031742297092584e+00 -1.320878816455632e-02 0.000000000000000e+00
1.077108134841611e+00 4.540387113044618e-02 0.000000000000000e+00
1.115634592346153e+00 -4.166745580170852e-03 0.000000000000000e+00
8.757928165623543e-01 -3.210628325648280e-01 0.000000000000000e+00
1.062578042023387e+00 2.488626738785562e-01 0.000000000000000e+00
5.310501775007519e-01 1.321306404806478e-01 0.000000000000000e+00
5.601254340517143e-01 6.813603845164103e-02 0.000000000000000e+00
4.989805383480824e-01 7.513393834943900e-02 0.000000000000000e+00
6.725097845069480e-01 -1.557312206448125e-02 0.000000000000000e+00
6.335021362623268e-01 5.766214079925516e-02 0.000000000000000e+00
7.086551809105840e-01 5.383592695394803e-02 0.000000000000000e+00
6.223901818661124e-01 -4.163000376399368e-01 0.000000000000000e+00
5.915299555339405e-01 -3.928960333747318e-01 0.000000000000000e+00
5.480144581946909e-01 -4.178754283453402e-01 0.000000000000000e+00
8.385827596343218e-01 3.446578994336402e-01 0.000000000000000e+00
7.750586489824192e-01 3.644377469829158e-01 0.000000000000000e+00
6.011119733301906e-01 1.275160112658670e-01 0.000000000000000e+00
5.660170193862343e-01 1.933957113650549e-01 0.000000000000000e+00
6.411317514237186e-01 1.884366755674465e-01 0.000000000000000e+00
5.112174317516011e-01 -4.438166794842207e-01 0.000000000000000e+00
7.113639626902732e-01 3.752659605826090e-01 0.000000000000000e+00
3.209538759765962e-01 -1.223609172722149e-01 0.000000000000000e+00
2.451019504413394e-01 -9.637572737336815e-02 0.000000000000000e+00
3.345624081188069e-01 -5.618083521789054e-02 0.000000000000000e+00
4.797793035465148e-01 -4.659244357126768e-01 0.000000000000000e+00
4.542643957730755e-01 -4.862371233557644e-01 0.000000000000000e+00
4.188200003626619e-01 -4.949737936502158e-01 0.000000000000000e+00
4.491827218605325e-01 -5.135807745458658e-01 0.000000000000000e+00
-5.175412030772043e-01 6.460168739029040e-02 0.000000000000000e+00
-4.475417025091902e-01 3.705405815065614e-02 0.000000000000000e+00
-4.994988396887698e-01 -1.069983560670231e-02 0.000000000000000e+00
4.633992431715949e-01 4.900333290144061e-01 0.000000000000000e+00
-4.742272087873476e-01 -4.780169089429415e-01 0.000000000000000e+00
5.649974866544171e-01 3.769752313921453e-01 0.000000000000000e+00
5.717173987399939e-01 4.202801862729661e-01 0.000000000000000e+00
6.035895362047761e-01 3.931862718298003e-01 0.000000000000000e+00
1.327644791542499e-01 1.206928765928073e+00 0.000000000000000e+00
1.674074148724841e-01 1.151426905754072e+00 0.000000000000000e+00
2.432415683856912e-02 1.252369136204657e+00 0.000000000000000e+00
2.611953066816717e-01 9.924180897298044e-01 0.000000000000000e+00
2.660685563829610e-01 1.055924553991960e+00 0.000000000000000e+00
-1.057317096034001e-01 1.230834727884217e+00 0.000000000000000e+00
3.195016160669781e-01 9.431591474394624e-01 0.000000000000000e+00
-1.858147601092211e-01 1.156107358425377e+00 0.000000000000000e+00
-2.645814713039483e-01 1.070945600452988e+00 0.000000000000000e+00
-2.753864523457633e-01 1.001675170699048e+00 0.000000000000000e+00
3.066280081528729e-01 8.703830139181600e-01 0.000000000000000e+00
-2.339099605491114e-01 6.010558426281957e-01 0.000000000000000e+00
-1.587848091034084e-01 5.673670674056700e-01 0.000000000000000e+00
-2.256909706273231e-01 5.280253851006010e-01 0.000000000000000e+00
-1.645813193668844e-01 6.486718038964140e-01 0.000000000000000e+00
-2.454159373959707e-01 6.717145318750846e-01 0.000000000000000e+00
3.958101137232748e-01 6.428241662576240e-01 0.000000000000000e+00
4.048523779704283e-01 5.918935414727480e-01 0.000000000000000e+00
1.018162991781546e-01 8.805750399904244e-01 0.000000000000000e+00
7.450063246501007e-02 8.200841874796011e-01 0.000000000000000e+00
2.488231495548267e-02 8.671496487244834e-01 0.000000000000000e+00
3.851305629813487e-01 7.030132742642370e-01 0.000000000000000e+00
3.414971181986977e-01 6.709033373257323e-01 0.000000000000000e+00
1.857449594082081e-01 5.691944947143852e-01 0.000000000000000e+00
1.451705260669330e-01 4.988162582409171e-01 0.000000000000000e+00
1.082274602752316e-01 5.604258198980138e-01 0.000000000000000e+00
-3.651961011627316e-01 7.447757320083616e-01 0.000000000000000e+00
4.364057710056762e-01 5.195208997404754e-01 0.000000000000000e+00
4.059958537046462e-01 -5.943493181231134e-01 0.000000000000000e+00
1.279436343257915e-01 -6.789215787665782e-01 0.000000000000000e+00
2.067353717852737e-01 -6.999320855296423e-01 0.000000000000000e+00
1.355967681955134e-01 -7.430918036112937e-01 0.000000000000000e+00
-4.509336801089509e-01 -5.075816765763365e-01 0.000000000000000e+00
3.889875998105296e-01 -7.180785861758469e-01 0.000000000000000e+00
3.751912825114131e-01 -7.646072608069857e-01 0.000000000000000e+00
-1.838646307260169e-01 -6.642711786021137e-01 0.000000000000000e+00
-1.381805402502803e-01 -7.172735173374016e-01 0.000000000000000e+00
-2.077038415008095e-01 -7.319828964245377e-01 0.000000000000000e+00
1.963220266075393e-01 -7.779622940121684e-01 0.000000000000000e+00
1.310778814739365e-01 -8.067419683326018e-01 0.000000000000000e+00
2.871002910164425e-01 -1.011772972635616e+00 0.000000000000000e+00
-2.785523297768922e-01 -9.696228388798287e-01 0.000000000000000e+00
-2.721254913300387e-01 -8.962287951444954e-01 0.000000000000000e+00
-2.116640845818447e-01 -9.460896171828002e-01 0.000000000000000e+00
2.003287275493027e-01 -1.133470934625475e+00 0.000000000000000e+00
-3.258684799063848e-01 -9.262309794376267e-01 0.000000000000000e+00
2.568979797250909e-01 -8.332006862725179e-01 0.000000000000000e+00
3.326619602703896e-01 -8.572359924685607e-01 0.000000000000000e+00
2.910343905810817e-01 -9.050071441560675e-01 0.000000000000000e+00
1.518085069180171e-01 -1.185816617164237e+00 0.000000000000000e+00
-2.800673970150961e-01 -1.047318145875495e+00 0.000000000000000e+00
-2.278338448459852e-01 -1.084802338446372e+00 0.000000000000000e+00
3.519911790073830e-03 -1.201870879956540e+00 0.000000000000000e+00
-8.231185124453742e-04 -1.254453121752634e+00 0.000000000000000e+00
-6.053550197194180e-02 -1.234472741311763e+00 0.000000000000000e+00
-2.207259145388256e-01 -1.018321636631014e+00 0.000000000000000e+00
-1.318816654196435e-01 -1.191621158851087e+00 0.000000000000000e+00
-1.901430182200321e-01 -1.134690231436047e+00 0.000000000000000e+00
-1.142486186958132e-01 -1.239124035007695e+00 0.000000000000000e+00
5.640762978701760e-02 4.119428111806988e-01 0.000000000000000e+00
-1.903774654932206e-02 4.513139045542010e-01 0.000000000000000e+00
6.452095093743355e-02 4.917880934973842e-01 0.000000000000000e+00
-3.210258857261912e-01 -1.023233567106341e-01 0.000000000000000e+00
-4.027897199797427e-01 -1.208449154995453e-01 0.000000000000000e+00
-3.636656419516314e-01 -5.523253448024127e-02 0.000000000000000e+00
5.083035819478129e-01 8.610963876878690e-03 0.000000000000000e+00
4.781385043591668e-01 -8.391412374579946e-02 0.000000000000000e+00
4.456008187404750e-01 -1.580220973202826e-02 0.000000000000000e+00
7.089937704070312e-02 -4.393527530221128e-01 0.000000000000000e+00
1.068515503810998e-03 -4.159654636080314e-01 0.000000000000000e+00
7.598684494423237e-02 -3.769861301653025e-01 0.000000000000000e+00
3.832713285109400e-01 -6.550776176585514e-01 0.000000000000000e+00
-7.542719447459333e-02 3.933406010451219e-01 0.000000000000000e+00
-1.236229589940318e-01 3.497523053442854e-01 0.000000000000000e+00
-1.549952178822613e-01 4.118589520860800e-01 0.000000000000000e+00
-3.989917228549373e-01 6.226784450705721e-01 0.000000000000000e+00
-3.808502111330965e-01 6.807465024023960e-01 0.000000000000000e+00
3.797427030959318e-01 7.600020289852055e-01 0.000000000000000e+00
3.516341430553000e-01 8.117354255155326e-01 0.000000000000000e+00
-7.016160270934642e-01 3.758529687333327e-01 0.000000000000000e+00
-7.715892559701194e-01 3.754017860567655e-01 0.000000000000000e+00
-1.006965406572511e+00 -2.879556448282674e-01 0.000000000000000e+00
-3.659194559963763e-01 -7.357339060693757e-01 0.000000000000000e+00
3.141381676222790e-01 -9.576318423510661e-01 0.000000000000000e+00
5.867160871981808e-01 -7.246643726826832e-04 0.000000000000000e+00
5.457465774177340e-01 -5.188159007373291e-02 0.000000000000000e+00
-5.225978712969337e-01 -4.474168336971027e-01 0.000000000000000e+00
-4.941043488579165e-01 -4.522561996727889e-01 0.000000000000000e+00
-1.098819862526360e-01 -4.780221419187855e-01 0.000000000000000e+00
-7.999639199034335e-02 -4.163208271139009e-01 0.000000000000000e+00
-3.464334966496128e-02 -4.791709534779903e-01 0.000000000000000e+00
1.282836918797869e-01 3.275228076229783e-01 0.000000000000000e+00
1.733964334282555e-01 3.810549643786333e-01 0.000000000000000e+00
1.863970915715778e-01 3.155431625860488e-01 0.000000000000000e+00
-4.356509734809513e-01 5.363773298713723e-01 0.000000000000000e+00
-4.312083966315063e-01 5.019786708022732e-01 0.000000000000000e+00
-2.228336585203252e-01 2.739945099338517e-01 0.000000000000000e+00
-1.857674074560867e-01 2.099947628407293e-01 0.000000000000000e+00
-2.637273178618489e-01 2.106038533613961e-01 0.000000000000000e+00
-6.735242730918639e-01 -1.361954549774593e-01 0.000000000000000e+00
-7.442560123457134e-01 -1.139964493447904e-01 0.000000000000000e+00
-6.917930785026234e-01 -6.271444669953527e-02 0.000000000000000e+00
-8.010101288521794e-01 -3.541900165712923e-01 0.000000000000000e+00
-5.630667902615998e-02 -5.464609921509980e-01 0.000000000000000e+00
3.193496866284014e-03 -5.255627088275818e-01 0.000000000000000e+00
1.519241073753984e-02 -5.794364418129866e-01 0.000000000000000e+00
-1.553090549914937e-01 4.926854913575494e-01 0.000000000000000e+00
-3.155053291496741e-01 8.671252317082727e-01 0.000000000000000e+00
-3.464555890767956e-01 8.117345472567701e-01 0.000000000000000e+00
-3.879980329552825e-01 -6.726448901082188e-01 0.000000000000000e+00
-3.685738660307123e-01 -6.253162876141199e-01 0.000000000000000e+00
1.410584810087167e-02 -7.838765077630871e-01 0.000000000000000e+00
-6.642098507512596e-02 -8.206359315790541e-01 0.000000000000000e+00
-4.673279478099706e-02 -7.571543788882987e-01 0.000000000000000e+00
-6.443133626822203e-01 4.045281928849591e-01 0.000000000000000e+00
-7.660119756053428e-01 -5.111928601713620e-02 0.000000000000000e+00
-7.187655641699787e-01 1.440233370161664e-02 0.000000000000000e+00
4.519425639616094e-01 1.294229494874371e-01 0.000000000000000e+00
1.870670436882516e-01 1.939114775718574e-01 0.000000000000000e+00
2.498309346955289e-01 1.431728467219785e-01 0.000000000000000e+00
1.806570832046869e-01 1.131459749934122e-01 0.000000000000000e+00
-1.363597410691277e-01 1.480997603085220e-01 0.000000000000000e+00
-7.535100224961211e-02 1.866533089348508e-01 0.000000000000000e+00
-6.960754739666378e-02 1.176367404850539e-01 0.000000000000000e+00
1.208431192775714e-01 4.356864568507606e-01 0.000000000000000e+00
1.090615196519303e-01 3.801504037512684e-01 0.000000000000000e+00
1.406889535859745e-01 6.758573658769864e-01 0.000000000000000e+00
2.052008841236820e-01 6.684645041860964e-01 0.000000000000000e+00
1.821047641601933e-01 6.298923744618529e-01 0.000000000000000e+00
7.438842332644094e-01 -5.557782647469617e-02 0.000000000000000e+00
6.832369792204643e-01 -9.516165601184899e-02 0.000000000000000e+00
-5.981654222118813e-01 -3.980468694760705e-01 0.000000000000000e+00
-2.198057707299603e-01 1.354786546327177e-01 0.000000000000000e+00
-5.395727164639776e-02 -1.035994558116748e-01 0.000000000000000e+00
2.694894467510894e-02 -1.181175845530622e-01 0.000000000000000e+00
-4.893252334223094e-02 -1.697818501822579e-01 0.000000000000000e+00
1.321139031371233e-02 -2.587597664503983e-01 0.000000000000000e+00
-1.899977654331206e-02 -3.023523678624137e-01 0.000000000000000e+00
-4.343073921064000e-02 -2.409500588521177e-01 0.000000000000000e+00
1.327088064932984e-01 1.544385362487610e-01 0.000000000000000e+00
1.110879926603492e-01 9.894131944896919e-02 0.000000000000000e+00
7.398467904544341e-02 1.571609081446436e-01 0.000000000000000e+00
1.805662675670061e-01 -5.254127945430874e-01 0.000000000000000e+00
2.401706359775115e-01 -4.816720657743223e-01 0.000000000000000e+00
2.465360856821883e-01 -5.501556251134748e-01 0.000000000000000e+00
-2.231513159557857e-01 -2.777092478442024e-01 0.000000000000000e+00
-1.961725118867436e-01 -1.999580732199231e-01 0.000000000000000e+00
-1.604892685223086e-01 -2.612519822123449e-01 0.000000000000000e+00
-1.004847109089131e-01 -5.940485472129928e-01 0.000000000000000e+00
-1.338324663754393e-01 -5.423305904436789e-01 0.000000000000000e+00
-7.480534173281764e-02 4.834502159768064e-02 0.000000000000000e+00
-9.893191334430561e-02 -3.785389916934924e-02 0.000000000000000e+00
-1.429106549094492e-01 3.677232834220900e-02 0.000000000000000e+00
1.208320247150275e-01 -2.049772879234129e-02 0.000000000000000e+00
1.547593610782724e-01 -7.848159214008571e-02 0.000000000000000e+00
9.004903425762215e-02 -7.649343598168691e-02 0.000000000000000e+00
-5.853545965367772e-01 1.019716091039017e-01 0.000000000000000e+00
-5.235754201285576e-01 1.486559647037619e-01 0.000000000000000e+00
3.623799803332002e-01 2.241392429565507e-01 0.000000000000000e+00
3.762008289870322e-01 1.571317338649558e-01 0.000000000000000e+00
3.128319952191141e-01 1.837616004128390e-01 0.000000000000000e+00
8.908152917411699e-01 -2.387205217361461e-01 0.000000000000000e+00
9.724147845602524e-01 -2.370838817488250e-01 0.000000000000000e+00
-8.943433498913197e-01 -2.015238738377059e-01 0.000000000000000e+00
-8.107607706040600e-01 -2.123517477386928e-01 0.000000000000000e+00
-8.800621560995270e-01 -2.663390585857776e-01 0.000000000000000e+00
-9.446103024406041e-01 -3.108789159776842e-01 0.000000000000000e+00
-4.584214508323102e-02 8.597925976935201e-01 0.000000000000000e+00
1.575477946985800e-03 7.757903412414823e-01 0.000000000000000e+00
-7.311385749903987e-02 8.060362624454567e-01 0.000000000000000e+00
-1.440598728202147e-01 9.689788799105152e-01 0.000000000000000e+00
-8.934765771449155e-02 9.224484190737750e-01 0.000000000000000e+00
-1.460943430914567e-01 9.068905435854512e-01 0.000000000000000e+00
-7.496172150700982e-02 7.551531813496116e-01 0.000000000000000e+00
-5.198907567468544e-02 7.039092950033625e-01 0.000000000000000e+00
-1.173067134162633e-01 7.120312034249683e-01 0.000000000000000e+00
8.380884257384637e-02 -7.766885248473085e-01 0.000000000000000e+00
7.311819759238334e-01 1.811502575739191e-01 0.000000000000000e+00
7.858049085523618e-01 1.287052906259102e-01 0.000000000000000e+00
7.382135429094452e-01 1.072491617685274e-01 0.000000000000000e+00
6.227255223475404e-01 -1.403518632507591e-01 0.000000000000000e+00
5.635904861795548e-01 -1.845686166580243e-01 0.000000000000000e+00
5.542287319846783e-01 -1.134594811468934e-01 0.000000000000000e+00
-5.993080302274418e-01 1.752586980520710e-01 0.000000000000000e+00
-5.600114208193335e-01 -3.391907197016278e-01 0.000000000000000e+00
-5.448955915187170e-01 -2.666566392595397e-01 0.000000000000000e+00
-4.860807676048008e-01 -3.128882206826865e-01 0.000000000000000e+00
1.783697245667723e-01 -6.416478865573234e-01 0.000000000000000e+00
2.463141071389036e-01 -6.252515138754241e-01 0.000000000000000e+00
1.396382657389744e-01 6.142623687682269e-01 0.000000000000000e+00
-1.876795786251456e-01 7.218421253745984e-01 0.000000000000000e+00
-1.352390643804952e-01 7.817760663672170e-01 0.000000000000000e+00
-8.528234679029460e-02 -9.835096642783484e-01 0.000000000000000e+00
-9.937459086136743e-02 -1.051778699190394e+00 0.000000000000000e+00
-1.555040012895128e-01 -9.996272409538298e-01 0.000000000000000e+00
-6.365952192915515e-02 3.121902080532979e-01 0.000000000000000e+00
-2.974251689914263e-03 3.712923101167990e-01 0.000000000000000e+00
1.683180604350211e-02 2.957473515401211e-01 0.000000000000000e+00
1.784252351893620e-01 4.473921380050515e-01 0.000000000000000e+00
-1.158951791073908e-01 8.774906424659401e-02 0.000000000000000e+00
-1.666099766395820e-01 9.203930793715293e-02 0.000000000000000e+00
8.619041006107447e-01 2.051230988872338e-01 0.000000000000000e+00
8.578696214984239e-01 1.247386421532149e-01 0.000000000000000e+00
8.079808604006449e-01 1.727736114534286e-01 0.000000000000000e+00
-7.732150127161030e-01 2.125777857833967e-01 0.000000000000000e+00
-8.413717870878962e-01 1.589989082567684e-01 0.000000000000000e+00
-9.485286837665539e-01 -1.250607181152100e-02 0.000000000000000e+00
-1.013362351531632e+00 4.519101640090355e-02 0.000000000000000e+00
-1.443393522438911e-02 7.721583665521645e-02 0.000000000000000e+00
-2.302938395876898e-01 -6.066485161137417e-01 0.000000000000000e+00
-3.029359250292701e-01 -6.146678299026750e-01 0.000000000000000e+00
-2.818370342186495e-01 -5.429802629700948e-01 0.000000000000000e+00
-2.180785373819820e-01 5.209673215572194e-02 0.000000000000000e+00
-2.889096708283194e-01 3.445678298405416e-02 0.000000000000000e+00
-2.729066623327491e-01 9.159781293681540e-02 0.000000000000000e+00
-4.075939882958542e-01 9.165343350810676e-02 0.000000000000000e+00
-4.694679117390441e-01 9.758155097101855e-02 0.000000000000000e+00
-4.446803650863749e-01 1.548481937810242e-01 0.000000000000000e+00
2.235917803349892e-01 2.651986668069785e-01 0.000000000000000e+00
1.533087538692334e-01 2.660700314478134e-01 0.000000000000000e+00
3.167962203501040e-01 1.057039517268567e-01 0.000000000000000e+00
-3.652751817624444e-01 -2.679384778950966e-01 0.000000000000000e+00
-3.549432585897996e-01 -3.512304285111429e-01 0.000000000000000e+00
-4.184225423535818e-01 -3.304727777254370e-01 0.000000000000000e+00
-2.299546665429402e-01 -3.548144622526385e-01 0.000000000000000e+00
-2.951398541439929e-01 -3.866765249726533e-01 0.000000000000000e+00
-2.931733720480034e-01 -3.102731616924864e-01 0.000000000000000e+00
5.338455019324588e-01 -3.597126358614034e-01 0.000000000000000e+00
4.818773346762983e-01 -3.141166211105191e-01 0.000000000000000e+00
5.367838717411434e-01 -2.979530344976232e-01 0.000000000000000e+00
-7.452471225320151e-01 -3.758745691239803e-01 0.000000000000000e+00
-4.766101940081805e-01 -1.635594813653613e-01 0.000000000000000e+00
-5.398039227698718e-01 -1.978439277922041e-01 0.000000000000000e+00
-5.403919824114434e-01 -1.252512070205316e-01 0.000000000000000e+00
6.540924180719851e-01 -3.847546178768151e-01 0.000000000000000e+00
6.120330703753629e-01 -6.964650295407389e-02 0.000000000000000e+00
-2.032726901517868e-01 -1.263740220351102e-01 0.000000000000000e+00
-2.442190422178320e-01 -7.358406194621743e-02 0.000000000000000e+00
-1.722294270188101e-01 -7.776708528465014e-02 0.000000000000000e+00
-4.810480659050649e-01 -8.631136557307294e-02 0.000000000000000e+00
3.950437103969694e-01 -1.232203449400097e-01 0.000000000000000e+00
4.125077956054525e-01 -2.032458523872063e-01 0.000000000000000e+00
3.428362981061505e-01 -1.800021321968887e-01 0.000000000000000e+00
2.672035282867551e-01 -2.018319242742926e-02 0.000000000000000e+00
3.209163994703735e-01 2.497359436441712e-02 0.000000000000000e+00
-2.980732501225480e-01 2.786254715955658e-01 0.000000000000000e+00
-7.659088040910710e-02 5.257341607980125e-01 0.000000000000000e+00
-2.607063475217115e-02 5.792023088149270e-01 0.000000000000000e+00
-2.857013483857254e-03 5.220968466232302e-01 0.000000000000000e+00
4.055150730342745e-01 3.518296757896442e-01 0.000000000000000e+00
4.499244971930670e-01 3.028562358107807e-01 0.000000000000000e+00
3.826324824305126e-01 2.867725690297687e-01 0.000000000000000e+00
5.042856026314528e-01 4.417184844166950e-01 0.000000000000000e+00
5.412868764823001e-01 4.395735006304954e-01 0.000000000000000e+00
-3.254120307133551e-01 3.375857342756337e-01 0.000000000000000e+00
-3.010591561277673e-01 4.110725897027110e-01 0.000000000000000e+00
-2.586577693618162e-01 3.398641592730763e-01 0.000000000000000e+00
-3.388793863790395e-01 2.165442282136956e-01 0.000000000000000e+00
2.176955672859994e-01 -1.815992094101617e-01 0.000000000000000e+00
1.485556972870607e-01 -1.714107196338973e-01 0.000000000000000e+00
1.759073889903738e-01 -1.317852679658902e-01 0.000000000000000e+00
2.262997036369379e-01 -2.600503983454303e-01 0.000000000000000e+00
2.296229198013766e-01 -3.329380481459659e-01 0.000000000000000e+00
1.654348357211591e-01 -2.989719445239735e-01 0.000000000000000e+00
1.084671357812161e-01 -2.816948273466205e-01 0.000000000000000e+00
1.482549304678467e-01 -2.307176732321390e-01 0.000000000000000e+00
2.973354022335809e-01 -3.655507035739167e-01 0.000000000000000e+00
3.049208732522214e-01 -4.374078776610755e-01 0.000000000000000e+00
2.212159899599207e-01 -4.120747735880680e-01 0.000000000000000e+00
-1.658974169912760e-01 -3.243258720041521e-01 0.000000000000000e+00
-2.643804447965979e-01 -1.520089065639861e-01 0.000000000000000e+00
-3.406166444785089e-01 -1.810270976084596e-01 0.000000000000000e+00
-2.400189790143161e-01 -4.906183290221538e-01 0.000000000000000e+00
-2.016075180432063e-01 -5.464975269787963e-01 0.000000000000000e+00
-3.487346004276706e-01 -5.699595293651407e-01 0.000000000000000e+00
-3.511255081248419e-01 -5.124721871505427e-01 0.000000000000000e+00
-9.937339194822105e-01 -1.457492192781730e-01 0.000000000000000e+00
-1.031988527925018e+00 -9.275853574693674e-02 0.000000000000000e+00
-9.677053633171515e-01 -8.274026450897629e-02 0.000000000000000e+00
1.053190118126953e+00 -1.250861266964252e-01 0.000000000000000e+00
1.112938209849270e+00 -1.177873985822598e-01 0.000000000000000e+00
1.220437443434905e+00 4.793066373515809e-02 0.000000000000000e+00
4.077676555581238e-01 5.491694224744074e-01 0.000000000000000e+00
8.115406235523040e-02 -1.087424749162115e+00 0.000000000000000e+00
1.381367522076276e-02 -1.076333827015005e+00 0.000000000000000e+00
3.924554439128108e-02 -1.022759224762143e+00 0.000000000000000e+00
1.727630441981323e-01 -1.064068747094749e+00 0.000000000000000e+00
1.385768990413777e-01 -1.126988906581350e+00 0.000000000000000e+00
3.150241375310691e-01 -5.106977694509841e-01 0.000000000000000e+00
-3.968391323435533e-02 6.397259836567235e-01 0.000000000000000e+00
1.197978965693073e-02 6.801576538641250e-01 0.000000000000000e+00
1.506704684061559e-02 6.197865457018679e-01 0.000000000000000e+00
7.742579511187667e-02 6.326176184392757e-01 0.000000000000000e+00
-7.006017809707994e-02 1.001861842677557e+00 0.000000000000000e+00
-1.316546029527788e-01 1.174623156341914e+00 0.000000000000000e+00
9.637746787446514e-01 -6.245457488207794e-02 0.000000000000000e+00
9.210198219363636e-01 -1.161635868008545e-01 0.000000000000000e+00
8.911664511927841e-01 -5.875364203403511e-02 0.000000000000000e+00
6.924757754950254e-01 -1.672342535567981e-01 0.000000000000000e+00
6.307880908301571e-01 -2.120406691769158e-01 0.000000000000000e+00
-7.122692878582486e-01 9.710514955133472e-02 0.000000000000000e+00
-7.706010502164060e-01 6.839674811558748e-02 0.000000000000000e+00
7.647649058755350e-02 9.914865367400717e-01 0.000000000000000e+00
1.403672291749116e-02 9.951493166656814e-01 0.000000000000000e+00
6.068348952609171e-02 1.046854029870636e+00 0.000000000000000e+00
2.261410627720502e-01 1.102507053028387e+00 0.000000000000000e+00
5.255915540442758e-02 -6.474509192806788e-01 0.000000000000000e+00
-4.736631680876475e-03 -7.087414671983681e-01 0.000000000000000e+00
-4.119902063731624e-02 -6.340600001667257e-01 0.000000000000000e+00
6.293206908396362e-03 -8.625824085157026e-01 0.000000000000000e+00
7.139145110607686e-02 -8.346351616778938e-01 0.000000000000000e+00
6.719653522812533e-02 -9.017483743979610e-01 0.000000000000000e+00
-3.711241150495523e-01 -7.970083187760678e-01 0.000000000000000e+00
-3.370104215854710e-01 -8.560281257808980e-01 0.000000000000000e+00
-5.928334548048342e-02 -9.089356686181047e-01 0.000000000000000e+00
-1.246865355791377e-01 -8.633259780520940e-01 0.000000000000000e+00
-7.390942174087204e-01 -2.523607104634832e-01 0.000000000000000e+00
-7.375861095837892e-01 -1.801957867980628e-01 0.000000000000000e+00
-6.630099253104433e-01 -2.180277408308371e-01 0.000000000000000e+00
7.269405773566561e-01 -3.709317130264385e-01 0.000000000000000e+00
2.747769655496387e-01 -6.870855664240856e-01 0.000000000000000e+00
3.277622258721916e-01 -7.927330908563061e-01 0.000000000000000e+00
6.774838109650420e-01 2.437143520454687e-01 0.000000000000000e+00
7.937785420294617e-01 5.761478018046115e-02 0.000000000000000e+00
-5.764241173552997e-01 1.058048012410896e-02 0.000000000000000e+00
-6.477918969561138e-01 5.897591674039182e-02 0.000000000000000e+00
-6.966544276460417e-01 2.353769174749365e-01 0.000000000000000e+00
-6.554518108395158e-01 1.929349443676601e-01 0.000000000000000e+00
-7.091712745610345e-01 1.682169193427892e-01 0.000000000000000e+00
-1.591876194485469e-01 -6.012805456801359e-01 0.000000000000000e+00
-1.157664792175219e-01 -6.540122983652628e-01 0.000000000000000e+00
1.121902791763912e+00 2.083626192086232e-01 0.000000000000000e+00
-1.076270726528856e+00 2.514321560551725e-01 0.000000000000000e+00
5.085619960405356e-01 -1.545904199447541e-01 0.000000000000000e+00
-5.418299077150355e-01 -5.970984689883027e-02 0.000000000000000e+00
-4.142153426937049e-01 -2.090797458175700e-01 0.000000000000000e+00
1.350728468317817e-01 -4.255772704410142e-01 0.000000000000000e+00
1.107261679848557e-01 -4.921821284840572e-01 0.000000000000000e+00
1.558434412013149e-01 8.101167341347205e-01 0.000000000000000e+00
1.906364176511670e-01 7.270168424663790e-01 0.000000000000000e+00
1.296230197901165e-01 7.417806668251732e-01 0.000000000000000e+00
-1.873955044208294e-01 8.511830831560082e-01 0.000000000000000e+00
-2.070325236383372e-01 7.809168385045220e-01 0.000000000000000e+00
-2.697130200330944e-01 8.143955993758634e-01 0.000000000000000e+00
-1.128387620315906e-01 8.546878287202380e-01 0.000000000000000e+00
-2.514893176746410e-01 9.569875244111912e-01 0.000000000000000e+00
-1.985605557718121e-01 9.297926166221669e-01 0.000000000000000e+00
-2.573793254618595e-01 8.918623083873277e-01 0.000000000000000e+00
-1.106450217441789e+00 -2.378488930178488e-01 0.000000000000000e+00
-1.513027527378708e-02 1.062079088020909e+00 0.000000000000000e+00
-8.362319003906869e-02 1.081212131717335e+00 0.000000000000000e+00
-7.753486910742645e-01 1.316629299979653e-01 0.000000000000000e+00
-8.324338710286207e-01 3.432375839750519e-01 0.000000000000000e+00
-8.684654229124473e-01 2.866695350886657e-01 0.000000000000000e+00
7.346676392009296e-01 2.683012490658050e-01 0.000000000000000e+00
6.763989689380910e-01 3.183067855133336e-01 0.000000000000000e+00
7.382065303242552e-01 3.258387693577854e-01 0.000000000000000e+00
-8.026224049674577e-01 1.178341932589389e-02 0.000000000000000e+00
-9.548685920760603e-01 1.205904804998615e-01 0.000000000000000e+00
-8.938294515769187e-01 1.213235265453157e-01 0.000000000000000e+00
1.770585990991020e-01 8.965652301372358e-01 0.000000000000000e+00
8.663987619028572e-02 7.726405539669645e-01 0.000000000000000e+00
7.465548538036167e-02 7.131407000356679e-01 0.000000000000000e+00
1.120636608505040e-01 -1.273471008962348e-01 0.000000000000000e+00
4.698340216743554e-02 9.607637143914520e-02 0.000000000000000e+00
2.485060216353109e-01 -1.074010406695576e+00 0.000000000000000e+00
1.847753352881034e-01 -9.845452069950551e-01 0.000000000000000e+00
1.288414648237327e-01 -9.415021886256298e-01 0.000000000000000e+00
2.048045461470101e-01 -9.033065488399130e-01 0.000000000000000e+00
3.628214596015176e-01 -3.914039490219501e-01 0.000000000000000e+00
4.211179170023032e-01 -5.422600702184722e-01 0.000000000000000e+00
4.318299829136133e-01 2.229604922277377e-01 0.000000000000000e+00
5.159858275624675e-01 2.600783823263544e-01 0.000000000000000e+00
5.006357419021253e-01 1.879208156348017e-01 0.000000000000000e+00
4.447416573102709e-01 4.601489895888328e-02 0.000000000000000e+00
-3.775871584126179e-01 2.889191655563139e-01 0.000000000000000e+00
5.776182240287198e-02 -9.630867165542917e-01 0.000000000000000e+00
-1.067822273555189e+00 -3.185066117475430e-02 0.000000000000000e+00
-1.106819240168992e+00 -1.044261151181182e-01 0.000000000000000e+00
-9.184817428804278e-01 -1.339553978666729e-01 0.000000000000000e+00
-9.029274667325867e-01 -6.198012907453406e-02 0.000000000000000e+00
-8.636569578109813e-01 -9.877911618638344e-02 0.000000000000000e+00
8.163517371096861e-01 -1.466687264928468e-01 0.000000000000000e+00
8.764553034956180e-01 -1.668476091836283e-01 0.000000000000000e+00
8.249272103921590e-01 -2.133021804416659e-01 0.000000000000000e+00
9.363815064366954e-01 1.240531984410890e-02 0.000000000000000e+00
3.056680644060517e-01 2.646591199420209e-01 0.000000000000000e+00
3.366228529057300e-01 3.432246161775467e-01 0.000000000000000e+00
-8.000849966453465e-04 1.577574511674594e-01 0.000000000000000e+00
8.297793287696081e-02 3.728813656488328e-02 0.000000000000000e+00
-2.242686172770582e-01 3.932268862348600e-01 0.000000000000000e+00
-1.860593495485977e-01 3.422386141564819e-01 0.000000000000000e+00
-3.015565975369142e-01 1.498924449729696e-01 0.000000000000000e+00
3.856507235509768e-01 5.078943174091628e-01 0.000000000000000e+00
3.535870863506109e-01 5.671061139217574e-01 0.000000000000000e+00
3.628442112354091e-01 -3.233205217703530e-01 0.000000000000000e+00
2.945902309841248e-01 -2.924495909981353e-01 0.000000000000000e+00
3.549798871796787e-01 -2.496416134992225e-01 0.000000000000000e+00
-5.279519337089819e-01 3.481037033873636e-01 0.000000000000000e+00
-1.265225218880339e-01 -1.334253660272382e-01 0.000000000000000e+00
-1.882009674920920e-01 -1.759807724533563e-02 0.000000000000000e+00
2.519408259088457e-01 3.421611753790611e-01 0.000000000000000e+00
3.025095687093720e-01 4.080856917999123e-01 0.000000000000000e+00
2.896536331294990e-01 -2.212749531180446e-01 0.000000000000000e+00
-2.809758943185252e-01 -2.287868278635720e-01 0.000000000000000e+00
-1.447152059595700e-01 2.780447841415455e-01 0.000000000000000e+00
-8.762180886591510e-02 2.458868844180551e-01 0.000000000000000e+00
4.307462553230275e-02 -2.832522942892520e-02 0.000000000000000e+00
8.677686191699716e-02 -1.821507032744474e-01 0.000000000000000e+00
3.805993008589978e-01 7.719677747769302e-02 0.000000000000000e+00
1.551861127315547e-01 4.225021174798180e-02 0.000000000000000e+00
1.110029692338377e-01 2.120688605142383e-01 0.000000000000000e+00
8.791686582880757e-02 2.794434973340123e-01 0.000000000000000e+00
-9.209386924352767e-02 6.028044069542592e-01 0.000000000000000e+00
-5.079169146127469e-02 -3.581128985109277e-01 0.000000000000000e+00
-1.109100747307834e-01 -3.597362022046395e-01 0.000000000000000e+00
1.136384962673875e-02 -3.532674056661401e-01 0.000000000000000e+00
-1.129951785811208e-01 -2.149088101357884e-01 0.000000000000000e+00
1.686056505167494e-02 -2.003522268488108e-01 0.000000000000000e+00
5.207106083097356e-02 -3.084202230698058e-01 0.000000000000000e+00
6.637672388702003e-02 3.445449787232708e-01 0.000000000000000e+00
-9.528036534965809e-02 4.559041429562085e-01 0.000000000000000e+00
-2.356783469443860e-01 -4.296876999802526e-01 0.000000000000000e+00
-7.374888386595613e-02 -7.049905113754682e-01 0.000000000000000e+00
1.120792133788627e-01 -1.011866845430180e+00 0.000000000000000e+00
9.411782368632022e-01 -1.761348220483883e-01 0.000000000000000e+00
1.013941698363359e+00 -1.817882861802591e-01 0.000000000000000e+00
-3.761678710219553e-01 1.538673078685040e-01 0.000000000000000e+00
-4.100907159373582e-01 2.168263069391481e-01 0.000000000000000e+00
-3.659805206270512e-01 1.699041968869031e-02 0.000000000000000e+00
-3.033643317979541e-01 -3.218191283225045e-02 0.000000000000000e+00
-4.251677516272179e-01 -3.780290704746683e-02 0.000000000000000e+00
2.444643631450419e-01 5.366704171183675e-02 0.000000000000000e+00
3.870327927464233e-01 2.030624045589206e-03 0.000000000000000e+00
-2.741040987294865e-01 -8.229831470941689e-01 0.000000000000000e+00
6.503355708138955e-01 3.862019025387446e-01 0.000000000000000e+00
7.604971645287695e-01 -1.913696201542800e-01 0.000000000000000e+00
7.528833331578948e-01 -1.219019911246532e-01 0.000000000000000e+00
-3.146425363684735e-01 9.434315343389150e-01 0.000000000000000e+00
2.448534216220138e-01 7.723386130861594e-01 0.000000000000000e+00
2.493068752673827e-01 9.192039827575864e-01 0.000000000000000e+00
7.864816751245994e-02 1.229682642467582e+00 0.000000000000000e+00
8.207915044123699e-01 -3.349075433446448e-01 0.000000000000000e+00
-8.719754341309804e-01 -3.330033854296183e-01 0.000000000000000e+00
2.378977919814231e-01 8.465686012009080e-01 0.000000000000000e+00
2.072281706999893e-01 1.039111536875659e+00 0.000000000000000e+00
1.672479434515837e-01 1.085571484795130e+00 0.000000000000000e+00
-6.668111038237415e-02 1.183909734941161e+00 0.000000000000000e+00
2.676329790232270e-01 -7.509686326318010e-01 0.000000000000000e+00
3.045225534661609e-01 -5.794841713894812e-01 0.000000000000000e+00
3.148334447243257e-01 -6.420509947687734e-01 0.000000000000000e+00
-1.228154984705298e+00 7.047780117758262e-02 0.000000000000000e+00
1.247562486172856e+00 8.381755357417291e-03 0.000000000000000e+00
1.116354771943841e+00 1.441392123921499e-01 0.000000000000000e+00
1.149506192746376e+00 7.506864913445793e-02 0.000000000000000e+00
7.826784932230534e-02 -1.172241722777425e+00 0.000000000000000e+00
1.100743824301571e-01 -1.225492359363072e+00 0.000000000000000e+00
2.293291373637298e-01 -1.018821380798514e+00 0.000000000000000e+00
-5.448845602389447e-01 -3.895806384982355e-01 0.000000000000000e+00
-5.114901228339448e-01 -3.672465710405791e-01 0.000000000000000e+00
-5.063078190741712e-01 -4.146546615768912e-01 0.000000000000000e+00
6.366540816062664e-01 -2.714007546093828e-01 0.000000000000000e+00
7.013725082992887e-01 -2.454226739032788e-01 0.000000000000000e+00
6.779631926177120e-01 -3.181974996690182e-01 0.000000000000000e+00
1.003621597190503e+00 1.324427981443375e-01 0.000000000000000e+00
1.071690420345484e+00 1.043949175639186e-01 0.000000000000000e+00
1.011135806776292e+00 6.156477635841551e-02 0.000000000000000e+00
-1.078287252808440e+00 1.031285602481861e-01 0.000000000000000e+00
-1.018121108542737e+00 1.277879114664073e-01 0.000000000000000e+00
-1.156969111161841e+00 9.350676264877564e-02 0.000000000000000e+00
-1.183058292046845e+00 2.006819083226764e-02 0.000000000000000e+00
-1.175840432589303e+00 -1.501238543669958e-01 0.000000000000000e+00
-1.103260743461749e+00 -1.791602140567477e-01 0.000000000000000e+00
1.827696174460436e-01 -5.868796919365924e-01 0.000000000000000e+00
9.999973549267436e-01 2.098515737014482e-01 0.000000000000000e+00
-3.959906826499480e-01 5.300101091007754e-01 0.000000000000000e+00
-3.880522643661831e-01 4.835023883339111e-01 0.000000000000000e+00
-1.423010305257016e-01 -9.293165924710147e-01 0.000000000000000e+00
4.563217557313216e-01 4.507528662947560e-01 0.000000000000000e+00
4.900588501592407e-01 4.689433014051146e-01 0.000000000000000e+00
-3.267287963812848e-01 -7.899638778640996e-01 0.000000000000000e+00
-6.802966437750192e-01 3.053372831814392e-01 0.000000000000000e+00
2.936964065458524e-01 8.108040331715862e-01 0.000000000000000e+00
7.580546663093352e-01 -3.086992016046042e-01 0.000000000000000e+00
7.887720286443535e-01 -3.661550297572826e-01 0.000000000000000e+00
1.063951474358931e+00 1.739793950217262e-01 0.000000000000000e+00
-3.765649393000343e-02 1.127674430667369e+00 0.000000000000000e+00
-9.419322423018384e-02 1.136250712130172e+00 0.000000000000000e+00
-8.077439987279272e-01 -2.899184746380602e-01 0.000000000000000e+00
3.336192692546127e-01 -7.154715467059684e-01 0.000000000000000e+00
3.568901069259743e-01 -5.963324595239635e-01 0.000000000000000e+00
1.134320529477756e-02 1.189281198304458e+00 0.000000000000000e+00
-3.159232193095716e-01 6.936661480991653e-01 0.000000000000000e+00
2.655932950092867e-01 6.900370630476644e-01 0.000000000000000e+00
3.071724236026503e-01 6.213299773845596e-01 0.000000000000000e+00
2.392507579441273e-01 6.216831387635693e-01 0.000000000000000e+00
-1.689670414327878e-01 -1.069071870737183e+00 0.000000000000000e+00
-1.224031118177438e+00 -1.032216170266969e-01 0.000000000000000e+00
1.489100715856567e-02 -1.134014956201559e+00 0.000000000000000e+00
-2.138624100275343e-01 1.009154728988416e+00 0.000000000000000e+00
-1.032632755128473e+00 -2.216933146635567e-01 0.000000000000000e+00
1.045877837980060e+00 -2.411946120345365e-01 0.000000000000000e+00
-4.037641491202501e-01 -5.831504985580427e-01 0.000000000000000e+00
-4.278117016858025e-01 -5.424974026772287e-01 0.000000000000000e+00
-3.868508903036121e-01 -5.432689780177566e-01 0.000000000000000e+00
1.929901079417188e-01 9.698009871542027e-01 0.000000000000000e+00
8.927527908599654e-01 3.172639917874254e-01 0.000000000000000e+00
8.517341185723468e-01 2.760541418629375e-01 0.000000000000000e+00
-2.019858225867025e-01 1.093843759094504e+00 0.000000000000000e+00
3.241013027619843e-01 7.461926905253689e-01 0.000000000000000e+00
-3.815339091450981e-01 4.311575188933904e-01 0.000000000000000e+00
-4.300249159204554e-01 4.576258307092945e-01 0.000000000000000e+00
-4.153798616265559e-01 5.724940165529013e-01 0.000000000000000e+00
-4.075007985991768e-01 -4.997161020159534e-01 0.000000000000000e+00
-5.525637762612968e-01 -4.267708585464643e-01 0.000000000000000e+00
-6.110111277314075e-01 -2.841538167989671e-01 0.000000000000000e+00
5.983993904115013e-01 -3.263821622133531e-01 0.000000000000000e+00
3.609975113816646e-01 6.191616491127224e-01 0.000000000000000e+00
-6.350000942279107e-01 3.607249229261575e-01 0.000000000000000e+00
-3.520230371957896e-01 6.391577730963600e-01 0.000000000000000e+00
-3.592350798381660e-01 5.793345146493526e-01 0.000000000000000e+00
-4.671053815481803e-01 4.804783517666109e-01 0.000000000000000e+00
5.010294340421427e-01 -4.040657131802179e-01 0.000000000000000e+00
4.765835519154700e-01 -4.328742929336390e-01 0.000000000000000e+00
4.552302753558678e-01 -4.027116278930066e-01 0.000000000000000e+00
-5.791507642559098e-01 3.507275095181038e-01 0.000000000000000e+00
-5.475867416135995e-01 3.865106396136589e-01 0.000000000000000e+00
5.306960992987496e-01 4.088304152679755e-01 0.000000000000000e+00
5.182183393929543e-01 3.671239546169523e-01 0.000000000000000e+00
4.836708918913794e-01 4.073111342785992e-01 0.000000000000000e+00
-3.447076610428968e-01 5.175066952769990e-01 0.000000000000000e+00
3.749216443288355e-01 -4.569428120519956e-01 0.000000000000000e+00
4.376092719612762e-01 -4.495509056882593e-01 0.000000000000000e+00
-4.184748713852865e-01 -4.551893901178290e-01 0.000000000000000e+00
-4.425465144046000e-01 -4.770488251679604e-01 0.000000000000000e+00
-4.069519484051158e-01 -4.017470141469006e-01 0.000000000000000e+00
-3.725033329496390e-01 -4.571576682427447e-01 0.000000000000000e+00
3.767960932939380e-01 -5.189871975921435e-01 0.000000000000000e+00
3.816674819442731e-01 -5.608691422123919e-01 0.000000000000000e+00
3.475374387945040e-01 -5.524166656042671e-01 0.000000000000000e+00
-4.358851630088663e-01 3.289491990583049e-01 0.000000000000000e+00
-4.417749581237653e-01 2.702784429144271e-01 0.000000000000000e+00
-5.021752566168347e-01 4.017519702820345e-01 0.000000000000000e+00
-4.808794262799247e-01 3.551585937045444e-01 0.000000000000000e+00
-2.820173604359515e-01 -7.468208140651692e-01 0.000000000000000e+00
-3.270757867948924e-01 -6.779127247217634e-01 0.000000000000000e+00
3.695538235300183e-01 4.049737777916375e-01 0.000000000000000e+00
3.441124287782929e-01 4.626982654762413e-01 0.000000000000000e+00
4.015454576734167e-01 4.538108599211801e-01 0.000000000000000e+00
3.268043917070899e-01 5.157446325198181e-01 0.000000000000000e+00
5.747472258726728e-01 -2.549607680843482e-01 0.000000000000000e+00
4.916442936862976e-01 -2.303643412412927e-01 0.000000000000000e+00
-4.335640788543468e-01 -2.712469546909581e-01 0.000000000000000e+00
-4.819563193176843e-01 -2.384911402810928e-01 0.000000000000000e+00
-4.637200189049833e-01 -3.777855704258374e-01 0.000000000000000e+00
-7.435612852720963e-01 -3.212659290394972e-01 0.000000000000000e+00
-6.799570778219256e-01 -2.972802898743869e-01 0.000000000000000e+00
-2.881232891195034e-01 4.920010984468394e-01 0.000000000000000e+00
-3.415501042723525e-01 4.663975766949220e-01 0.000000000000000e+00
-2.930197254600254e-01 5.591781872572986e-01 0.000000000000000e+00
6.055802509916144e-01 2.666592434813551e-01 0.000000000000000e+00
5.547609884035672e-01 3.221657726347030e-01 0.000000000000000e+00
6.095476025150870e-01 3.432613193594437e-01 0.000000000000000e+00
-6.160892693634158e-01 3.140592975372650e-01 0.000000000000000e+00
-4.787545648857927e-01 2.181203200659228e-01 0.000000000000000e+00
1.085231505842753e+00 -6.711547645560281e-02 0.000000000000000e+00
-1.106594836645020e+00 3.207273396703053e-02 0.000000000000000e+00
-1.142841621610160e+00 -3.591083769063622e-02 0.000000000000000e+00
1.090115828746724e-01 1.100673838096176e+00 0.000000000000000e+00
-2.562800335978394e-01 7.389471734452915e-01 0.000000000000000e+00
-2.999211599581058e-01 6.240178329342427e-01 0.000000000000000e+00
-3.107135926360065e-01 7.607038400370904e-01 0.000000000000000e+00
5.016256763326643e-01 3.226110383080577e-01 0.000000000000000e+00
-3.355192184404739e-01 8.974303365985671e-02 0.000000000000000e+00
4.242940472134858e-01 -2.778240100722164e-01 0.000000000000000e+00
4.254435258271454e-01 -3.542686285090154e-01 0.000000000000000e+00
4.114631007319135e-01 -4.109331505653447e-01 0.000000000000000e+00
-2.249989845403966e-01 4.558646235080533e-01 0.000000000000000e+00
8.942794360836379e-02 1.165562814364804e+00 0.000000000000000e+00
3.631287507158493e-02 1.114255202150454e+00 0.000000000000000e+00
-1.052122841144152e+00 -1.490866883063138e-01 0.000000000000000e+00
-5.934865830325486e-01 -2.246923856182480e-01 0.000000000000000e+00
8.211643861017645e-01 -2.782827958219303e-01 0.000000000000000e+00
7.718080346585892e-01 -2.476378372137577e-01 0.000000000000000e+00
8.769151945555531e-01 5.696980871408477e-02 0.000000000000000e+00
9.372215440705073e-01 9.207254752224517e-02 0.000000000000000e+00
9.315809804018752e-01 1.696212683908752e-01 0.000000000000000e+00
4.655710549578985e-01 3.613942717780554e-01 0.000000000000000e+00
-2.550100803217619e-01 -6.722926205710222e-01 0.000000000000000e+00
-3.476784865340743e-01 -4.118424049464559e-01 0.000000000000000e+00
-1.416322996518584e-01 1.114411477728737e+00 0.000000000000000e+00
-1.430666690514995e-01 1.044995239079268e+00 0.000000000000000e+00
7.963947081448710e-01 2.325415056722743e-01 0.000000000000000e+00
-8.464813582466009e-01 -1.499151560126359e-01 0.000000000000000e+00
-9.579709037337457e-01 -1.903403579095700e-01 0.000000000000000e+00
-9.587783662874487e-02 -7.587014062967523e-01 0.000000000000000e+00
-1.522309573148976e-01 -7.915307929081425e-01 0.000000000000000e+00
-2.233663996022485e-01 -7.913476499017272e-01 0.000000000000000e+00
-5.394678774731957e-02 -1.164805347247050e+00 0.000000000000000e+00
1.226894835856809e-01 -6.194151634297556e-01 0.000000000000000e+00
6.867092755017865e-02 -7.229945863205540e-01 0.000000000000000e+00
2.838788863487069e-01 -1.602691119646338e-01 0.000000000000000e+00
1.115632302518270e-01 -3.272353434699898e-01 0.000000000000000e+00
7.075075779476184e-02 -2.430250747090071e-01 0.000000000000000e+00
-7.890402261291658e-01 -1.509057860825981e-01 0.000000000000000e+00
-8.075804111614953e-01 -1.028479354939508e-01 0.000000000000000e+00
3.363019337269088e-02 -4.824256214357663e-01 0.000000000000000e+00
1.561802225441724e-01 -3.634350394184292e-01 0.000000000000000e+00
-3.127877816380347e-02 -1.034319030996720e+00 0.000000000000000e+00
1.208133161664533e-02 -9.222668054275563e-01 0.000000000000000e+00
1.351131361304277e-01 1.026065464938498e+00 0.000000000000000e+00
1.231452044435636e-01 9.498303216152435e-01 0.000000000000000e+00
2.756387688434396e-01 5.547788111873455e-01 0.000000000000000e+00
2.335110804159435e-01 4.254800995486094e-01 0.000000000000000e+00
1.304356022569953e-01 -8.723718194205513e-01 0.000000000000000e+00
7.427737314998265e-01 4.711318324368642e-03 0.000000000000000e+00
8.181779264709825e-01 -7.382427233909047e-02 0.000000000000000e+00
8.509165305220345e-01 -4.721094279227579e-03 0.000000000000000e+00
7.917332977578276e-01 -1.435694735634562e-02 0.000000000000000e+00
4.306174081059129e-01 4.056675605899673e-01 0.000000000000000e+00
-6.514256041274221e-01 1.332338702617568e-01 0.000000000000000e+00
3.973482101720484e-02 5.650659091554682e-01 0.000000000000000e+00
5.983665067536906e-02 -5.380342523729494e-01 0.000000000000000e+00
-2.007757400300973e-01 -8.634205990166178e-01 0.000000000000000e+00
-3.032883846493387e-01 -4.619789110787865e-01 0.000000000000000e+00
1.022890842129839e+00 -7.916629195955785e-02 0.000000000000000e+00
6.750050044087406e-01 1.211517457303107e-01 0.000000000000000e+00
-1.271627505956879e-01 2.137470146663430e-01 0.000000000000000e+00
-2.722056359555030e-02 2.387991062942384e-01 0.000000000000000e+00
4.292498871438494e-02 2.236829100492885e-01 0.000000000000000e+00
1.775503816642152e-01 -4.673838065661098e-01 0.000000000000000e+00
-9.642252935938232e-02 -2.946038546250924e-01 0.000000000000000e+00
-1.991671967178737e-02 9.318157894828418e-01 0.000000000000000e+00
5.216753043395615e-02 9.367986132020732e-01 0.000000000000000e+00
7.892281823365594e-01 3.024711285782061e-01 0.000000000000000e+00
-1.156156097568361e-02 -9.749808590517220e-01 0.000000000000000e+00
1.841563457402555e-01 -8.375840209090289e-01 0.000000000000000e+00
2.518636446697744e-01 -9.635141826293721e-01 0.000000000000000e+00
-1.140859298558385e-01 -1.119163483895185e+00 0.000000000000000e+00
-4.451338996751901e-02 -1.096551911682708e+00 0.000000000000000e+00
4.084791732550705e-01 -5.538425262846682e-02 0.000000000000000e+00
-6.110690388292348e-01 -7.737089521118935e-02 0.000000000000000e+00
-4.412139057418954e-01 3.997566337335582e-01 0.000000000000000e+00
-2.126854254676429e-02 -5.624422472596694e-02 0.000000000000000e+00
-1.789780096638388e-01 -4.827915255025244e-01 0.000000000000000e+00
-1.614423438516408e-01 -4.053175587691245e-01 0.000000000000000e+00
-3.773902333314511e-01 3.666073094812690e-01 0.000000000000000e+00
1.989450818134525e-01 -1.922446351621499e-02 0.000000000000000e+00
-8.374050215373032e-01 -4.965778952411347e-02 0.000000000000000e+00
-1.176562569922700e+00 -8.750444616012723e-02 0.000000000000000e+00
9.856277406595493e-01 -1.219517952444675e-01 0.000000000000000e+00
2.658232139855808e-02 3.948712147090395e-02 0.000000000000000e+00
-1.005327063450311e+00 -3.527222886076880e-02 0.000000000000000e+00
-2.347709795052980e-02 6.675045333176690e-03 0.000000000000000e+00
-9.527641456443634e-01 -2.464551943004269e-01 0.000000000000000e+00
4.562898015579162e-01 -1.567687443852382e-01 0.000000000000000e+00
7.413559895513380e-02 -5.892034455768156e-01 0.000000000000000e+00
1.221420361357101e-01 -5.593951681004891e-01 0.000000000000000e+00
2.571689025659750e-01 2.088470339150690e-01 0.000000000000000e+00
2.192050167581064e-01 4.959229110063370e-01 0.000000000000000e+00
8.651694846126932e-01 -1.127666857137628e-01 0.000000000000000e+00
-6.491687391626501e-01 -1.122532226892144e-02 0.000000000000000e+00
-6.035476209075676e-01 -1.632302685750782e-01 0.000000000000000e+00
-6.222017986281582e-01 2.494402558231212e-01 0.000000000000000e+00
-9.353737349440072e-02 6.605974064832648e-01 0.000000000000000e+00
2.839481734909586e-01 4.792911917829565e-01 0.000000000000000e+00
-2.498202242729768e-01 -6.351223908554427e-03 0.000000000000000e+00
-4.588577929237918e-01 -4.378316850750723e-01 0.000000000000000e+00
4.283985908635060e-01 4.853570977258035e-01 0.000000000000000e+00
4.794852143667826e-01 -3.669750453108325e-01 0.000000000000000e+00
-4.731978355256755e-01 4.422689149282432e-01 0.000000000000000e+00
1627
229 228 265 0
229 393 227 0
223 542 565 0
565 542 544 0
548 375 371 0
371 375 836 0
314 478 414 0
314 414 749 0
216 450 310 0
200 738 236 0
200 291 871 0
221 13 14 0
221 721 220 0
212 712 703 0
212 115 116 0
543 331 330 0
543 643 697 0
803 510 860 0
510 233 804 0
858 369 370 0
370 369 647 0
773 394 219 0
219 394 218 0
303 845 866 0
497 507 836 0
717 479 708 0
708 479 478 0
823 733 791 0
823 791 453 0
752 682 823 0
682 872 199 0
149 148 874 0
148 105 725 0
683 16 17 0
16 683 199 0
226 220 721 0
220 12 13 0
826 860 309 0
826 541 861 0
530 137 685 0
530 532 408 0
241 801 748 0
241 240 800 0
629 366 365 0
629 854 630 0
224 223 372 0
224 837 222 0
566 565 544 0
566 494 372 0
309 860 510 0
309 308 826 0
125 674 124 0
124 674 771 0
124 771 853 0
124 853 701 0
812 396 839 0
839 396 518 0
256 659 120 0
120 659 660 0
837 506 815 0
837 815 222 0
128 130 563 0
563 130 562 0
96 133 536 0
96 536 95 0
150 760 151 0
151 760 719 0
821 820 822 0
822 820 333 0
153 155 484 0
153 484 769 0
618 620 273 0
618 273 293 0
258 260 802 0
802 260 842 0
292 849 293 0
365 587 629 0
334 439 176 0
223 565 372 0
319 852 561 0
721 698 226 0
121 206 695 0
679 724 734 0
738 871 737 0
871 291 664 0
682 733 823 0
192 736 727 0
75 236 74 0
236 717 707 0
457 731 456 0
457 18 202 0
574 195 47 0
195 193 46 0
202 18 19 0
202 731 457 0
728 727 736 0
728 873 726 0
152 79 80 0
152 151 335 0
747 744 140 0
747 746 846 0
62 262 258 0
262 260 258 0
779 780 573 0
779 873 728 0
427 426 739 0
427 756 425 0
188 560 559 0
188 21 183 0
660 59 120 0
850 714 459 0
850 744 846 0
432 778 755 0
432 873 779 0
219 696 773 0
219 215 774 0
863 402 228 0
863 869 817 0
627 534 512 0
627 799 240 0
170 156 153 0
170 169 658 0
480 798 704 0
480 482 583 0
858 798 367 0
858 285 704 0
348 653 392 0
348 347 492 0
615 833 616 0
615 343 345 0
394 379 218 0
857 847 355 0
857 855 611 0
634 441 266 0
634 417 870 0
868 617 218 0
617 868 493 0
754 665 720 0
754 385 503 0
141 387 867 0
141 768 361 0
538 845 528 0
538 443 437 0
278 277 595 0
277 399 609 0
240 239 534 0
239 241 792 0
452 264 450 0
452 825 265 0
593 357 611 0
593 344 614 0
370 285 858 0
810 272 541 0
272 274 540 0
167 705 36 0
167 166 366 0
781 594 459 0
781 310 278 0
307 309 512 0
810 541 826 0
231 199 872 0
15 231 14 0
17 456 683 0
682 199 683 0
192 45 46 0
738 717 236 0
76 77 290 0
149 874 746 0
104 105 148 0
77 718 290 0
718 662 664 0
193 194 736 0
707 74 236 0
74 707 73 0
725 874 148 0
725 299 715 0
231 872 597 0
335 662 718 0
335 151 388 0
730 147 746 0
147 730 146 0
733 732 791 0
742 232 694 0
232 742 574 0
102 318 101 0
318 722 283 0
737 740 717 0
727 726 187 0
726 431 181 0
200 871 738 0
664 663 758 0
679 298 716 0
438 179 180 0
179 42 43 0
192 193 736 0
736 735 780 0
716 279 724 0
716 107 108 0
706 73 707 0
706 314 72 0
752 751 597 0
680 715 299 0
715 846 874 0
258 257 61 0
257 120 60 0
71 313 286 0
313 314 749 0
2 3 645 0
121 1 206 0
598 597 753 0
597 872 752 0
654 694 275 0
694 743 742 0
846 746 874 0
746 602 730 0
11 225 281 0
225 226 713 0
734 762 680 0
734 763 761 0
157 32 154 0
157 656 31 0
280 109 110 0
280 723 279 0
209 118 119 0
209 498 117 0
873 431 726 0
779 728 780 0
237 693 275 0
693 237 238 0
388 663 662 0
758 871 664 0
739 871 758 0
100 284 99 0
284 139 556 0
701 88 89 0
88 701 675 0
516 70 286 0
70 516 69 0
774 724 723 0
741 743 492 0
741 194 574 0
766 201 203 0
201 732 731 0
3 204 645 0
204 205 782 0
121 651 209 0
523 688 40 0
523 438 667 0
155 154 33 0
154 153 157 0
158 485 658 0
158 29 30 0
655 91 92 0
122 123 673 0
416 418 336 0
416 870 417 0
334 384 439 0
378 868 379 0
493 495 451 0
476 848 477 0
848 476 626 0
659 491 253 0
751 750 606 0
750 453 591 0
247 246 827 0
246 249 517 0
586 864 587 0
586 641 820 0
624 616 401 0
624 263 329 0
604 356 355 0
604 870 416 0
710 163 165 0
163 710 23 0
174 288 269 0
174 184 177 0
315 317 511 0
317 316 799 0
722 729 767 0
729 602 142 0
831 610 326 0
831 301 609 0
334 333 641 0
807 340 622 0
807 468 623 0
622 340 342 0
622 612 807 0
822 527 821 0
527 822 819 0
368 797 808 0
797 585 809 0
550 376 545 0
186 185 764 0
186 830 184 0
843 488 702 0
843 397 812 0
464 463 567 0
464 190 462 0
327 326 592 0
327 403 325 0
434 759 150 0
434 81 306 0
821 788 589 0
821 501 820 0
735 573 780 0
573 470 599 0
455 454 575 0
455 591 453 0
501 500 864 0
500 854 629 0
522 303 866 0
522 760 520 0
803 391 233 0
852 129 561 0
129 852 584 0
242 840 243 0
840 572 818 0
274 620 623 0
178 177 830 0
178 819 176 0
135 557 144 0
135 98 556 0
563 409 128 0
409 563 143 0
776 791 732 0
776 576 454 0
824 531 387 0
387 531 867 0
844 271 270 0
844 191 637 0
169 168 670 0
168 829 499 0
483 829 769 0
483 630 854 0
328 402 296 0
328 265 228 0
537 859 270 0
537 385 755 0
815 506 814 0
815 564 222 0
396 681 518 0
866 437 436 0
389 436 757 0
389 719 785 0
745 632 768 0
632 745 579 0
851 358 357 0
851 447 190 0
645 782 695 0
782 772 783 0
561 129 128 0
583 367 798 0
583 585 797 0
58 59 660 0
253 491 248 0
793 739 426 0
793 828 740 0
305 304 319 0
305 845 303 0
795 794 554 0
794 211 498 0
818 515 514 0
515 818 571 0
646 688 687 0
40 41 523 0
479 828 415 0
828 479 740 0
577 173 321 0
577 576 185 0
552 85 86 0
85 552 704 0
772 508 783 0
508 507 553 0
384 503 385 0
813 515 580 0
515 813 513 0
714 680 762 0
299 298 679 0
806 468 467 0
468 806 623 0
375 497 836 0
126 536 132 0
126 94 95 0
261 842 260 0
261 255 700 0
837 836 507 0
836 224 371 0
366 705 167 0
705 366 630 0
548 545 376 0
548 373 395 0
450 625 310 0
713 643 686 0
643 713 697 0
320 865 305 0
521 808 304 0
521 520 368 0
820 864 586 0
803 233 510 0
510 512 309 0
496 229 825 0
393 332 227 0
691 554 794 0
554 691 690 0
812 839 489 0
469 462 465 0
462 469 463 0
567 612 338 0
612 567 463 0
295 616 624 0
295 297 423 0
675 853 582 0
582 853 771 0
649 814 650 0
814 649 709 0
216 617 450 0
216 218 617 0
339 342 621 0
342 341 835 0
244 661 841 0
244 55 569 0
684 748 638 0
748 792 241 0
378 377 372 0
372 377 373 0
784 676 582 0
676 131 675 0
770 581 771 0
581 856 481 0
410 130 129 0
410 856 411 0
585 584 852 0
809 808 797 0
273 810 294 0
598 753 816 0
753 751 869 0
639 766 203 0
188 559 639 0
388 719 389 0
388 662 335 0
160 161 35 0
160 705 162 0
322 343 615 0
322 862 323 0
846 714 850 0
725 715 874 0
685 867 530 0
685 283 722 0
252 841 572 0
252 251 53 0
346 861 541 0
861 346 677 0
145 557 138 0
145 409 143 0
641 640 502 0
640 787 666 0
431 720 180 0
431 873 432 0
245 259 254 0
259 398 700 0
353 292 307 0
353 477 848 0
775 312 547 0
312 775 230 0
210 214 644 0
210 8 9 0
189 805 190 0
805 189 446 0
57 58 253 0
248 569 56 0
445 755 778 0
755 445 859 0
233 235 804 0
689 657 669 0
689 678 172 0
519 681 827 0
681 519 518 0
183 182 838 0
183 21 22 0
132 536 133 0
132 127 126 0
654 275 693 0
653 743 694 0
786 588 365 0
588 786 787 0
162 630 483 0
162 161 160 0
772 650 814 0
509 208 649 0
256 120 257 0
235 380 804 0
380 514 315 0
551 311 642 0
311 551 547 0
435 539 757 0
539 425 756 0
144 557 145 0
144 136 135 0
642 549 551 0
642 113 114 0
383 382 527 0
382 407 406 0
492 743 653 0
492 471 735 0
507 506 837 0
814 709 815 0
540 811 472 0
811 540 274 0
420 419 197 0
419 777 633 0
571 570 628 0
570 661 490 0
139 138 556 0
138 408 145 0
568 412 592 0
412 568 855 0
720 665 667 0
720 433 754 0
480 704 784 0
489 580 628 0
489 488 812 0
625 276 278 0
276 400 399 0
648 686 643 0
282 281 713 0
632 421 768 0
421 420 361 0
84 370 83 0
704 798 858 0
351 835 473 0
351 350 621 0
364 862 590 0
364 363 424 0
401 832 399 0
401 616 833 0
752 872 682 0
823 453 750 0
695 783 690 0
535 657 689 0
535 27 159 0
224 372 371 0
156 485 656 0
485 156 658 0
300 609 301 0
300 449 460 0
700 842 261 0
700 398 397 0
564 648 542 0
349 473 428 0
473 619 849 0
607 446 601 0
446 607 805 0
763 774 215 0
774 723 696 0
739 758 427 0
739 737 871 0
549 703 550 0
703 795 374 0
613 363 321 0
363 613 424 0
325 403 404 0
403 354 356 0
681 247 827 0
245 249 246 0
817 606 605 0
606 817 869 0
779 599 778 0
165 164 678 0
164 25 172 0
365 588 587 0
171 646 786 0
266 268 634 0
266 475 267 0
764 185 576 0
764 526 186 0
207 644 709 0
644 648 564 0
596 777 631 0
633 197 419 0
213 549 642 0
712 795 703 0
592 345 568 0
345 592 833 0
792 749 414 0
749 286 313 0
611 855 593 0
611 847 857 0
525 251 250 0
525 238 52 0
499 854 500 0
854 499 829 0
528 196 198 0
196 420 197 0
355 442 604 0
355 847 337 0
767 867 685 0
867 767 142 0
582 771 581 0
582 481 784 0
589 789 670 0
789 790 668 0
453 791 454 0
757 756 390 0
390 427 758 0
438 180 720 0
667 666 687 0
369 368 692 0
413 533 239 0
533 413 477 0
301 336 302 0
336 404 416 0
395 373 377 0
395 546 545 0
271 637 578 0
270 444 844 0
409 555 128 0
555 532 504 0
841 661 570 0
841 287 244 0
432 755 433 0
778 599 601 0
534 533 352 0
533 534 239 0
329 295 624 0
263 265 328 0
461 632 579 0
632 461 631 0
448 613 637 0
578 175 269 0
361 420 196 0
361 387 141 0
339 621 603 0
621 835 351 0
526 558 381 0
558 838 796 0
440 474 441 0
474 440 350 0
670 669 169 0
669 657 658 0
652 524 693 0
524 392 654 0
520 692 368 0
692 306 647 0
436 785 866 0
757 390 389 0
294 810 308 0
618 341 620 0
191 448 637 0
448 636 424 0
134 143 562 0
133 136 144 0
849 428 473 0
849 619 293 0
673 671 770 0
673 123 127 0
122 673 655 0
469 468 807 0
467 466 811 0
781 278 594 0
217 781 761 0
505 128 555 0
320 319 561 0
459 458 850 0
579 744 850 0
496 566 330 0
430 426 425 0
426 430 429 0
422 605 590 0
605 422 297 0
828 476 415 0
626 428 849 0
497 553 507 0
553 783 508 0
490 491 487 0
490 569 248 0
267 435 443 0
435 757 436 0
734 761 762 0
679 716 724 0
514 243 818 0
315 804 380 0
270 859 444 0
446 445 601 0
326 325 831 0
610 399 832 0
668 670 789 0
790 405 165 0
503 666 665 0
666 503 502 0
316 513 518 0
518 813 839 0
406 790 789 0
406 788 527 0
638 827 246 0
827 638 801 0
348 392 677 0
653 694 654 0
417 633 777 0
870 441 634 0
173 184 174 0
184 173 185 0
698 598 816 0
598 698 721 0
587 864 500 0
591 606 750 0
591 590 605 0
496 494 566 0
496 825 495 0
628 580 571 0
580 839 813 0
414 478 415 0
717 740 479 0
242 235 234 0
250 572 840 0
559 526 764 0
560 838 558 0
289 270 269 0
270 289 386 0
512 352 307 0
352 533 353 0
532 824 504 0
824 360 529 0
405 711 165 0
182 23 710 0
713 281 225 0
697 331 543 0
635 268 267 0
268 635 633 0
699 332 331 0
330 393 496 0
441 870 604 0
416 404 356 0
407 381 796 0
406 527 382 0
861 860 826 0
541 834 346 0
190 447 191 0
190 358 851 0
603 442 355 0
603 337 339 0
800 240 799 0
317 627 511 0
168 170 769 0
658 159 158 0
217 310 781 0
215 218 216 0
531 530 867 0
139 283 685 0
643 542 648 0
543 330 544 0
702 488 487 0
702 802 843 0
545 551 550 0
547 546 773 0
140 768 141 0
744 579 745 0
184 830 177 0
830 381 383 0
288 439 289 0
176 288 177 0
395 394 546 0
835 621 342 0
341 623 620 0
323 424 636 0
323 862 364 0
528 845 865 0
845 437 866 0
869 816 753 0
869 751 606 0
451 617 493 0
264 625 450 0
379 395 377 0
378 493 868 0
228 227 863 0
816 869 863 0
671 127 132 0
770 674 673 0
472 834 540 0
834 472 347 0
529 865 320 0
865 529 528 0
766 559 764 0
765 732 201 0
812 488 843 0
310 625 278 0
264 400 276 0
185 173 577 0
576 575 454 0
800 801 241 0
801 800 827 0
666 787 687 0
687 786 646 0
414 413 792 0
848 292 353 0
218 379 868 0
719 760 522 0
411 672 562 0
411 856 581 0
325 404 336 0
609 610 831 0
338 847 611 0
464 567 358 0
392 391 677 0
677 803 861 0
386 439 384 0
384 334 502 0
838 182 711 0
838 560 183 0
590 862 422 0
590 362 364 0
465 467 469 0
462 805 607 0
857 355 354 0
412 855 857 0
349 428 430 0
608 474 350 0
641 502 334 0
640 586 588 0
795 554 497 0
712 211 794 0
197 633 635 0
631 777 419 0
250 840 242 0
287 841 252 0
345 833 615 0
343 324 344 0
176 819 333 0
141 867 142 0
387 360 824 0
833 832 401 0
832 592 326 0
866 785 522 0
845 305 865 0
462 607 465 0
600 470 466 0
471 347 472 0
741 492 735 0
527 788 821 0
501 864 820 0
243 514 380 0
696 723 280 0
296 605 297 0
863 817 402 0
482 856 410 0
809 852 319 0
408 532 555 0
265 264 452 0
263 328 329 0
797 368 367 0
703 213 212 0
545 547 551 0
816 699 698 0
816 863 227 0
422 862 322 0
296 295 329 0
562 672 134 0
562 130 411 0
755 859 537 0
755 754 433 0
459 594 460 0
595 609 300 0
357 614 851 0
636 447 851 0
121 695 651 0
651 691 498 0
595 300 460 0
449 579 458 0
860 861 803 0
274 806 811 0
623 340 807 0
596 631 461 0
418 417 777 0
444 859 445 0
444 189 191 0
828 429 626 0
740 739 793 0
678 668 790 0
535 689 172 0
584 583 482 0
858 367 369 0
207 649 208 0
778 432 779 0
431 180 181 0
412 857 354 0
357 359 611 0
338 359 567 0
338 622 339 0
482 481 856 0
552 676 704 0
849 848 626 0
835 619 473 0
785 436 389 0
390 663 388 0
561 505 320 0
809 319 304 0
321 578 613 0
363 362 575 0
568 593 855 0
324 636 614 0
603 440 442 0
350 349 608 0
768 140 745 0
419 421 631 0
769 484 483 0
539 435 267 0
475 474 608 0
689 669 668 0
406 789 788 0
223 222 542 0
854 829 483 0
627 317 799 0
316 519 800 0
814 506 508 0
205 509 650 0
444 446 189 0
637 271 844 0
354 403 327 0
418 596 336 0
125 655 674 0
853 675 701 0
842 397 843 0
554 690 553 0
497 374 795 0
214 282 686 0
564 709 644 0
585 852 809 0
234 233 391 0
234 652 242 0
271 578 269 0
177 288 174 0
636 324 323 0
636 851 614 0
390 756 427 0
429 828 793 0
579 850 458 0
747 846 744 0
451 825 452 0
229 265 825 0
466 465 600 0
806 467 811 0
835 341 618 0
292 848 849 0
178 830 383 0
796 405 407 0
609 595 277 0
832 326 610 0
511 510 804 0
240 534 627 0
338 612 622 0
338 337 847 0
715 714 846 0
460 449 458 0
198 197 635 0
437 845 538 0
444 191 844 0
386 385 537 0
397 842 700 0
842 843 802 0
572 841 570 0
818 243 840 0
494 493 378 0
839 580 489 0
487 659 702 0
165 678 790 0
838 711 796 0
267 443 635 0
441 474 266 0
763 215 217 0
763 724 774 0
227 332 699 0
697 226 698 0
576 765 764 0
577 321 575 0
599 470 600 0
471 573 735 0
376 550 374 0
224 836 837 0
529 504 824 0
198 443 538 0
541 540 834 0
835 618 619 0
492 653 348 0
347 346 834 0
832 833 592 0
325 301 831 0
381 830 186 0
174 269 175 0
747 140 602 0
146 729 722 0
168 769 829 0
168 589 670 0
828 626 476 0
827 800 519 0
259 247 398 0
575 321 363 0
776 732 765 0
810 826 308 0
307 292 294 0
825 451 495 0
494 378 372 0
763 217 761 0
278 595 594 0
754 503 665 0
523 667 687 0
633 634 268 0
603 350 440 0
548 395 545 0
547 773 775 0
505 555 504 0
532 531 824 0
750 752 823 0
605 296 817 0
368 808 521 0
759 306 692 0
520 760 759 0
415 477 413 0
333 819 822 0
821 589 501 0
333 820 641 0
527 819 178 0
413 239 792 0
748 684 286 0
624 401 400 0
322 615 423 0
572 571 818 0
652 250 242 0
320 504 529 0
521 303 522 0
402 817 296 0
699 816 227 0
482 410 584 0
671 411 770 0
709 564 815 0
508 772 814 0
518 513 813 0
397 396 812 0
811 466 472 0
273 272 810 0
501 589 499 0
640 588 787 0
304 808 809 0
129 584 410 0
469 807 612 0
274 623 806 0
462 190 805 0
324 614 344 0
511 804 315 0
677 391 803 0
256 258 802 0
802 702 256 0
487 491 659 0
490 487 628 0
517 684 638 0
801 638 748 0
799 316 800 0
693 525 652 0
131 87 675 0
675 87 88 0
583 798 480 0
481 480 784 0
367 583 797 0
165 711 710 0
796 711 405 0
382 381 407 0
188 183 560 0
558 796 381 0
559 558 526 0
639 559 766 0
712 794 795 0
498 691 794 0
116 712 212 0
703 374 550 0
783 695 782 0
782 205 772 0
509 205 5 0
793 426 429 0
425 608 430 0
314 706 478 0
749 792 748 0
202 201 731 0
765 201 766 0
776 454 791 0
230 111 312 0
696 775 773 0
34 161 155 0
34 155 33 0
39 688 646 0
80 81 434 0
225 12 220 0
406 405 790 0
788 789 589 0
687 787 786 0
786 365 171 0
640 666 502 0
759 692 520 0
306 759 434 0
719 522 785 0
704 676 784 0
500 629 587 0
155 162 484 0
162 705 630 0
513 315 514 0
398 681 396 0
690 783 553 0
651 695 690 0
782 645 204 0
459 761 781 0
714 762 459 0
226 697 713 0
699 331 697 0
544 330 566 0
728 736 780 0
779 573 599 0
778 601 445 0
777 596 418 0
596 302 336 0
765 576 776 0
590 455 362 0
775 696 230 0
774 696 219 0
773 546 394 0
205 650 772 0
411 581 770 0
770 771 674 0
658 156 170 0
153 769 170 0
156 656 157 0
142 767 729 0
421 361 768 0
685 722 767 0
764 765 766 0
724 763 734 0
761 459 762 0
150 759 760 0
663 390 758 0
756 757 539 0
726 181 187 0
431 433 720 0
754 755 385 0
751 753 597 0
750 751 752 0
730 729 146 0
408 137 530 0
72 313 71 0
748 286 749 0
149 746 147 0
602 746 747 0
744 745 140 0
664 290 718 0
192 727 187 0
741 742 743 0
742 741 574 0
735 194 741 0
733 682 456 0
737 739 740 0
737 717 738 0
194 735 736 0
706 708 478 0
734 680 679 0
147 104 149 0
486 14 231 0
664 291 290 0
45 187 44 0
456 731 733 0
731 732 733 0
574 48 232 0
574 47 48 0
718 77 78 0
45 192 187 0
106 725 105 0
729 730 602 0
726 727 728 0
76 291 200 0
106 299 725 0
232 49 275 0
279 723 724 0
598 221 486 0
318 146 722 0
72 73 706 0
598 721 221 0
108 279 716 0
107 298 106 0
720 667 438 0
180 43 181 0
388 151 719 0
110 230 280 0
20 188 639 0
101 283 100 0
78 335 718 0
717 708 707 0
238 51 52 0
51 237 50 0
716 298 107 0
714 715 680 0
231 597 486 0
283 284 100 0
284 556 99 0
713 686 282 0
116 211 712 0
17 18 457 0
516 286 684 0
182 710 711 0
136 133 96 0
134 144 143 0
208 509 6 0
207 709 649 0
706 707 708 0
705 160 36 0
676 552 131 0
85 704 285 0
213 703 549 0
58 660 253 0
256 702 659 0
124 701 89 0
259 700 255 0
247 259 245 0
65 66 254 0
65 261 64 0
697 698 699 0
696 280 230 0
109 279 108 0
125 91 655 0
31 656 30 0
695 206 645 0
6 7 208 0
693 238 525 0
694 232 275 0
524 654 693 0
369 692 647 0
306 82 647 0
688 39 40 0
209 119 121 0
651 690 691 0
671 132 672 0
668 678 689 0
26 27 535 0
93 122 92 0
127 671 673 0
159 657 535 0
658 169 669 0
639 19 20 0
283 101 318 0
687 688 523 0
152 335 79 0
312 311 547 0
214 686 648 0
10 11 281 0
557 556 138 0
139 685 137 0
60 61 257 0
517 516 684 0
517 249 68 0
63 262 62 0
4 204 3 0
682 683 456 0
114 213 642 0
112 642 311 0
67 245 254 0
398 247 681 0
299 679 680 0
252 53 287 0
252 572 250 0
172 678 164 0
136 96 97 0
134 672 132 0
166 171 365 0
647 83 370 0
569 661 244 0
490 628 570 0
346 348 677 0
675 582 676 0
655 673 674 0
411 671 672 0
668 669 670 0
27 28 159 0
665 666 667 0
662 663 664 0
661 569 490 0
659 253 660 0
34 35 161 0
657 159 658 0
485 30 656 0
655 92 122 0
392 653 654 0
234 524 652 0
12 225 11 0
258 61 62 0
53 251 52 0
525 250 652 0
651 498 209 0
509 649 650 0
214 648 644 0
647 82 83 0
171 39 646 0
2 645 206 0
644 207 210 0
543 542 643 0
112 113 642 0
112 312 111 0
640 641 586 0
41 42 438 0
98 99 556 0
133 144 134 0
23 24 163 0
23 182 22 0
639 203 19 0
246 517 638 0
68 69 517 0
637 613 578 0
448 447 636 0
635 443 198 0
633 417 634 0
356 604 416 0
631 421 632 0
360 196 528 0
521 304 303 0
629 630 366 0
315 513 316 0
489 628 487 0
512 511 627 0
293 273 294 0
429 428 626 0
264 276 625 0
400 263 624 0
340 623 341 0
342 339 622 0
475 608 425 0
350 603 621 0
273 620 274 0
618 293 619 0
450 617 451 0
229 496 393 0
423 616 295 0
615 616 423 0
614 357 593 0
448 424 613 0
612 463 469 0
338 611 359 0
358 190 464 0
601 600 607 0
609 399 610 0
277 276 399 0
430 608 349 0
475 425 539 0
465 607 600 0
591 605 606 0
575 362 455 0
441 604 442 0
603 355 337 0
602 140 142 0
599 600 601 0
472 466 470 0
486 597 598 0
596 461 302 0
460 594 595 0
593 568 344 0
327 592 412 0
423 297 422 0
455 590 591 0
168 499 589 0
586 587 588 0
583 584 585 0
581 481 582 0
515 571 580 0
579 449 461 0
321 175 578 0
575 576 577 0
194 195 574 0
573 471 470 0
570 571 572 0
55 56 569 0
344 568 345 0
358 567 359 0
372 565 566 0
564 542 222 0
548 371 373 0
562 143 563 0
128 505 561 0
558 559 560 0
556 557 135 0
408 555 409 0
553 497 554 0
38 167 37 0
86 131 552 0
549 550 551 0
548 376 375 0
545 546 547 0
9 282 214 0
542 543 544 0
540 541 272 0
294 308 307 0
539 267 475 0
538 528 198 0
288 176 439 0
537 270 386 0
32 33 154 0
126 95 536 0
26 535 172 0
512 534 352 0
533 477 353 0
261 65 255 0
530 531 532 0
360 528 529 0
527 178 383 0
381 186 526 0
52 251 525 0
524 234 392 0
41 438 523 0
520 521 522 0
316 518 519 0
516 517 69 0
513 514 515 0
510 511 512 0
509 5 6 0
506 507 508 0
504 320 505 0
502 503 384 0
499 500 501 0
5 205 4 0
211 117 498 0
374 497 375 0
64 260 63 0
496 495 494 0
264 263 400 0
493 494 495 0
237 275 50 0
347 471 492 0
490 248 491 0
487 488 489 0
14 486 221 0
30 485 158 0
162 483 484 0
36 37 167 0
94 123 93 0
480 481 482 0
415 478 479 0
476 477 415 0
474 475 266 0
473 349 351 0
470 471 472 0
468 469 467 0
465 466 467 0
462 463 464 0
302 461 449 0
458 459 460 0
456 17 457 0
453 454 455 0
450 451 452 0
302 449 300 0
447 448 191 0
444 445 446 0
437 443 435 0
440 441 442 0
439 386 289 0
438 42 179 0
435 436 437 0
434 150 80 0
46 47 195 0
431 432 433 0
428 429 430 0
425 426 427 0
424 323 364 0
422 322 423 0
419 420 421 0
416 417 418 0
413 414 415 0
354 327 412 0
137 408 138 0
410 411 130 0
408 409 145 0
164 24 25 0
405 406 407 0
403 356 404 0
322 324 343 0
228 402 328 0
399 400 401 0
396 397 398 0
394 395 379 0
330 332 393 0
234 391 392 0
388 389 390 0
360 387 361 0
384 385 386 0
381 382 383 0
287 53 54 0
243 380 235 0
377 378 379 0
374 375 376 0
371 372 373 0
84 285 370 0
367 368 369 0
166 365 366 0
362 363 364 0
196 360 361 0
357 358 359 0
354 355 356 0
307 352 353 0
349 350 351 0
346 347 348 0
343 344 345 0
340 341 342 0
337 338 339 0
325 336 301 0
79 335 78 0
176 333 334 0
330 331 332 0
328 296 329 0
325 326 327 0
322 323 324 0
173 175 321 0
305 319 320 0
146 318 102 0
315 316 317 0
313 72 314 0
112 311 312 0
310 217 216 0
282 9 10 0
307 308 309 0
81 82 306 0
303 304 305 0
300 301 302 0
298 299 106 0
202 19 203 0
295 296 297 0
292 293 294 0
76 290 291 0
269 288 289 0
54 244 287 0
70 71 286 0
164 163 24 0
85 285 84 0
283 139 284 0
212 114 115 0
10 281 282 0
279 109 280 0
276 277 278 0
50 275 49 0
272 273 274 0
269 270 271 0
80 150 152 0
266 267 268 0
263 264 265 0
262 63 260 0
260 64 261 0
259 255 254 0
256 257 258 0
254 255 65 0
67 254 66 0
253 248 57 0
249 245 67 0
250 251 252 0
67 68 249 0
248 56 57 0
245 246 247 0
244 54 55 0
242 243 235 0
239 240 241 0
237 51 238 0
236 75 200 0
233 234 235 0
48 49 232 0
231 15 199 0
230 110 111 0
227 228 229 0
225 220 226 0
222 223 224 0
220 13 221 0
218 215 219 0
215 216 217 0
9 214 210 0
114 212 213 0
7 210 207 0
117 211 116 0
210 7 8 0
117 118 209 0
7 207 208 0
1 2 206 0
204 4 205 0
201 202 203 0
76 200 75 0
16 199 15 0
196 197 198 0
194 193 195 0
192 46 193 0
189 190 191 0
188 20 21 0
181 44 187 0
184 185 186 0
22 182 183 0
181 43 44 0
179 43 180 0
176 177 178 0
173 174 175 0
38 39 171 0
25 26 172 0
38 171 166 0
168 169 170 0
38 166 167 0
163 164 165 0
155 161 162 0
158 28 29 0
160 35 36 0
28 158 159 0
157 31 32 0
156 157 153 0
153 154 155 0
150 151 152 0
104 148 149 0
103 147 146 0
147 103 104 0
146 102 103 0
143 144 145 0
140 141 142 0
137 138 139 0
97 135 136 0
135 97 98 0
132 133 134 0
131 86 87 0
128 129 130 0
90 124 89 0
123 126 127 0
90 91 125 0
123 94 126 0
124 90 125 0
122 93 123 0
1 121 119 0
120 59 60 0
