213
5.000000000000000e-01 0.000000000000000e+00 0.000000000000000e+00
4.935251313189564e-01 8.020564042888011e-02 0.000000000000000e+00
4.742682209735727e-01 1.583339969007362e-01 0.000000000000000e+00
4.427280128266050e-01 2.323615860218843e-01 0.000000000000000e+00
3.997213817017506e-01 3.003711321189894e-01 0.000000000000000e+00
3.463621767547997e-01 3.606012236719072e-01 0.000000000000000e+00
2.840323733655780e-01 4.114919329468282e-01 0.000000000000000e+00
2.143462807015271e-01 4.517252173051911e-01 0.000000000000000e+00
1.391087319582264e-01 4.802590558156861e-01 0.000000000000000e+00
6.026834012766161e-02 4.963544370490270e-01 0.000000000000000e+00
-2.013297005470745e-02 4.995944990857848e-01 0.000000000000000e+00
-1.000128468880222e-01 4.898953260211338e-01 0.000000000000000e+00
-1.773024435212677e-01 4.675081213427074e-01 0.000000000000000e+00
-2.499999999999999e-01 4.330127018922194e-01 0.000000000000000e+00
-3.162226877976886e-01 3.873024809138273e-01 0.000000000000000e+00
-3.742553740855504e-01 3.315613291203977e-01 0.000000000000000e+00
-4.225950427718973e-01 2.672329130639006e-01 0.000000000000000e+00
-4.599897218294121e-01 1.959833049300376e-01 0.000000000000000e+00
-4.854709087130260e-01 1.196578321437790e-01 0.000000000000000e+00
-4.983786540671050e-01 4.023328435836304e-02 0.000000000000000e+00
-4.983786540671050e-01 -4.023328435836269e-02 0.000000000000000e+00
-4.854709087130261e-01 -1.196578321437787e-01 0.000000000000000e+00
-4.599897218294121e-01 -1.959833049300375e-01 0.000000000000000e+00
-4.225950427718975e-01 -2.672329130639003e-01 0.000000000000000e+00
-3.742553740855507e-01 -3.315613291203975e-01 0.000000000000000e+00
-3.162226877976889e-01 -3.873024809138271e-01 0.000000000000000e+00
-2.500000000000002e-01 -4.330127018922192e-01 0.000000000000000e+00
-1.773024435212679e-01 -4.675081213427074e-01 0.000000000000000e+00
-1.000128468880223e-01 -4.898953260211338e-01 0.000000000000000e+00
-2.013297005470757e-02 -4.995944990857848e-01 0.000000000000000e+00
6.026834012766116e-02 -4.963544370490270e-01 0.000000000000000e+00
1.391087319582260e-01 -4.802590558156862e-01 0.000000000000000e+00
2.143462807015269e-01 -4.517252173051912e-01 0.000000000000000e+00
2.840323733655778e-01 -4.114919329468283e-01 0.000000000000000e+00
3.463621767547996e-01 -3.606012236719073e-01 0.000000000000000e+00
3.997213817017503e-01 -3.003711321189898e-01 0.000000000000000e+00
4.427280128266048e-01 -2.323615860218846e-01 0.000000000000000e+00
4.742682209735727e-01 -1.583339969007365e-01 0.000000000000000e+00
4.935251313189564e-01 -8.020564042888031e-02 0.000000000000000e+00
-5.386898394378605e-02 -4.414527541590168e-01 0.000000000000000e+00
-1.161215629107424e-01 -4.207562709154051e-01 0.000000000000000e+00
7.988091832203814e-02 -4.365193317242861e-01 0.000000000000000e+00
-1.248851896319804e-01 -3.625362747509611e-01 0.000000000000000e+00
-6.012378838923643e-02 -3.710289767855616e-01 0.000000000000000e+00
-1.805361250901610e-01 -3.921161724330497e-01 0.000000000000000e+00
-2.615204761878195e-01 -2.509504918888592e-01 0.000000000000000e+00
-2.959350608824071e-01 -3.183888008439821e-01 0.000000000000000e+00
-2.381180940475369e-01 -3.060519485911839e-01 0.000000000000000e+00
1.300118193666333e-01 -4.088161121520521e-01 0.000000000000000e+00
-2.499766164592122e-01 -1.789118501540794e-01 0.000000000000000e+00
-2.889202114213305e-01 -1.357643353203796e-01 0.000000000000000e+00
-3.131279968956513e-01 -1.908735441218340e-01 0.000000000000000e+00
1.131065096697325e-01 -3.361260887052427e-01 0.000000000000000e+00
6.252107977182284e-02 -3.762509948441301e-01 0.000000000000000e+00
2.257719808858468e-01 -3.596291722807106e-01 0.000000000000000e+00
2.871453926131668e-01 -3.317065443477802e-01 0.000000000000000e+00
3.396429594064984e-01 -3.001131991649196e-01 0.000000000000000e+00
2.927189385119489e-01 -2.640138029865560e-01 0.000000000000000e+00
-4.457851880578002e-01 -6.944696115602743e-02 0.000000000000000e+00
4.391202122490926e-01 -1.007278838999585e-01 0.000000000000000e+00
4.281547062957314e-01 -3.298245252234237e-02 0.000000000000000e+00
3.856344218102664e-01 -8.716684155679842e-02 0.000000000000000e+00
3.717975646451506e-01 -1.908421666436576e-01 0.000000000000000e+00
3.486775457322018e-01 -1.363394048103272e-01 0.000000000000000e+00
2.965297698925887e-01 -1.880690417682686e-01 0.000000000000000e+00
4.321090306635904e-01 3.973728162022115e-02 0.000000000000000e+00
4.161259519114374e-01 1.116298548447592e-01 0.000000000000000e+00
3.583356082463019e-01 -2.453568418560851e-01 0.000000000000000e+00
3.393203082587457e-01 2.787313272936183e-01 0.000000000000000e+00
2.582662432306035e-01 3.681805555216320e-01 0.000000000000000e+00
2.316402214685894e-01 3.032063977608025e-01 0.000000000000000e+00
1.998691826948294e-01 2.412438627178345e-01 0.000000000000000e+00
2.755756650101180e-01 2.452512549318809e-01 0.000000000000000e+00
2.887487788901352e-01 3.097567440710524e-01 0.000000000000000e+00
-1.366572302383636e-01 4.291479101277897e-01 0.000000000000000e+00
7.995928086495820e-02 4.302423050140635e-01 0.000000000000000e+00
2.475645123882394e-02 3.809310705968093e-01 0.000000000000000e+00
8.907147422115877e-02 3.759118907363129e-01 0.000000000000000e+00
-4.338315897107143e-01 6.627810034612949e-04 0.000000000000000e+00
-4.428498465101395e-01 7.348095046425820e-02 0.000000000000000e+00
2.589757634263205e-02 4.458833733775687e-01 0.000000000000000e+00
-4.073374977031534e-01 1.411662206746454e-01 0.000000000000000e+00
-2.008150343182276e-01 2.510977074008710e-01 0.000000000000000e+00
-1.680183841445217e-01 3.155115859895627e-01 0.000000000000000e+00
-2.438389477896412e-01 3.000863113699596e-01 0.000000000000000e+00
-2.865791971157928e-01 3.510315035206250e-01 0.000000000000000e+00
3.607817040709795e-01 5.700187175961420e-02 0.000000000000000e+00
3.382707647302424e-01 1.380715514716847e-01 0.000000000000000e+00
-4.161840233128014e-01 -1.265443657567391e-01 0.000000000000000e+00
-4.326916506503184e-01 -1.815410877164254e-01 0.000000000000000e+00
-2.301667168721327e-01 1.838861003716623e-01 0.000000000000000e+00
-2.741422181689754e-01 2.278687952833207e-01 0.000000000000000e+00
-2.890817934166194e-01 1.673539551745449e-01 0.000000000000000e+00
-9.878138479218945e-02 -1.076554651512230e-01 0.000000000000000e+00
-2.196632440524535e-02 -1.407722911920672e-01 0.000000000000000e+00
-3.941410519118746e-02 -9.248150100239737e-02 0.000000000000000e+00
4.692298137929547e-02 -1.330201199113205e-01 0.000000000000000e+00
2.174165723962608e-02 -1.814037688103177e-01 0.000000000000000e+00
7.745084297571146e-02 -1.851222153911659e-01 0.000000000000000e+00
5.798001185977283e-02 -3.281061638358376e-02 0.000000000000000e+00
5.599874434382694e-03 -1.199269709595985e-02 0.000000000000000e+00
1.174007396120373e-02 -7.710488634393782e-02 0.000000000000000e+00
3.994844662729213e-01 1.828007663678241e-01 0.000000000000000e+00
2.986264847531206e-01 8.525891918076747e-02 0.000000000000000e+00
6.494507421126151e-02 2.259331155127093e-02 0.000000000000000e+00
-7.734379685003897e-04 5.042684267175356e-02 0.000000000000000e+00
-3.334205300668220e-01 2.706058423086885e-01 0.000000000000000e+00
-1.971076759696781e-01 -1.649518622523289e-01 0.000000000000000e+00
-1.388547179144108e-01 -1.822300523889814e-01 0.000000000000000e+00
-1.695054246302947e-01 -1.268145820332869e-01 0.000000000000000e+00
-3.795809672379858e-01 -2.013831139091168e-01 0.000000000000000e+00
4.127168865280559e-01 -1.520839587617224e-01 0.000000000000000e+00
2.311418799814770e-01 6.504446021867455e-02 0.000000000000000e+00
2.385573515678319e-01 3.903873412200712e-03 0.000000000000000e+00
2.932581231153664e-01 2.395237018953261e-02 0.000000000000000e+00
-7.759310584187963e-02 4.306176278372775e-01 0.000000000000000e+00
-1.605029708780634e-01 2.024813610491279e-01 0.000000000000000e+00
1.915778034429390e-01 1.257516257287958e-01 0.000000000000000e+00
1.394025348668175e-01 5.985411324073448e-02 0.000000000000000e+00
2.638637356559483e-01 1.308693489654437e-01 0.000000000000000e+00
2.316935677260309e-01 1.841720206077186e-01 0.000000000000000e+00
-7.361663457767062e-02 -1.744918529031378e-01 0.000000000000000e+00
-2.645639336156713e-02 -2.101554981202737e-01 0.000000000000000e+00
-2.819142610811680e-02 -2.877400675898196e-01 0.000000000000000e+00
4.837721119739773e-02 -3.076345117979390e-01 0.000000000000000e+00
3.275717960993597e-02 -2.379487194367612e-01 0.000000000000000e+00
-2.502972108237960e-01 3.455493118438008e-02 0.000000000000000e+00
-2.610450810446597e-01 1.115170028260124e-01 0.000000000000000e+00
-3.172405660872257e-01 5.330507665023724e-02 0.000000000000000e+00
2.275051744241867e-01 -1.221100884960302e-01 0.000000000000000e+00
2.014776928184125e-01 -4.398482924685326e-02 0.000000000000000e+00
1.513968258475453e-01 -9.519731863257229e-02 0.000000000000000e+00
-5.492173610573928e-02 1.184504085320564e-02 0.000000000000000e+00
-6.315675344247249e-02 7.487172697934907e-02 0.000000000000000e+00
-1.086627604236429e-01 3.221971569742985e-02 0.000000000000000e+00
5.940801342911026e-02 2.532127572791936e-01 0.000000000000000e+00
-1.480369870271963e-02 2.350374900486309e-01 0.000000000000000e+00
2.594030520389253e-02 1.866948034171469e-01 0.000000000000000e+00
1.269072261025921e-01 -2.038102564778920e-02 0.000000000000000e+00
8.254811166721708e-02 -8.056838521336873e-02 0.000000000000000e+00
-1.734078468772917e-01 -6.586758896106679e-02 0.000000000000000e+00
-2.314826902372615e-01 -1.123930591927727e-01 0.000000000000000e+00
6.226943912311480e-02 8.821611735384996e-02 0.000000000000000e+00
-2.925737800415898e-01 -7.905544637958992e-02 0.000000000000000e+00
-1.497745857292737e-01 -2.565441647761837e-01 0.000000000000000e+00
-8.704938256049850e-02 -2.365144366524368e-01 0.000000000000000e+00
1.878603744209749e-01 -2.403766903258361e-01 0.000000000000000e+00
2.210137116901537e-01 -1.901222562755179e-01 0.000000000000000e+00
1.521304168715908e-01 -1.730651698366294e-01 0.000000000000000e+00
1.878997869578379e-01 1.511820084836593e-02 0.000000000000000e+00
2.938079324625028e-03 3.030128887387897e-01 0.000000000000000e+00
6.899229038488609e-02 3.243885935519545e-01 0.000000000000000e+00
-1.883711254962939e-01 1.376610092179550e-01 0.000000000000000e+00
-1.279973319130532e-01 1.546328774678043e-01 0.000000000000000e+00
-2.396197837763142e-01 -3.652794730103761e-02 0.000000000000000e+00
2.462397641994120e-01 -2.340364955665396e-01 0.000000000000000e+00
1.110261799178231e-01 2.902730748464004e-01 0.000000000000000e+00
1.607135179155158e-01 1.855632469942602e-01 0.000000000000000e+00
1.904163427079462e-01 3.601198345699689e-01 0.000000000000000e+00
1.089897633118538e-01 -2.536576981297483e-01 0.000000000000000e+00
-3.923945768171493e-01 -6.188544282103720e-02 0.000000000000000e+00
-3.630557043836159e-01 -1.662101600019743e-03 0.000000000000000e+00
-2.432614641306011e-01 -3.609408770817631e-01 0.000000000000000e+00
1.103267037055968e-02 -4.236081808064632e-01 0.000000000000000e+00
-1.776835312659259e-01 -3.224655459394283e-01 0.000000000000000e+00
-2.047618707878322e-01 -2.710611044508333e-01 0.000000000000000e+00
3.396741763161445e-01 2.135430276311292e-01 0.000000000000000e+00
3.935436299712663e-01 1.208232842613382e-02 0.000000000000000e+00
-1.311019207196366e-01 2.638566129191706e-01 0.000000000000000e+00
-1.987550747185461e-01 3.813738707066787e-01 0.000000000000000e+00
1.318798869254257e-01 2.417253228883323e-01 0.000000000000000e+00
9.220614889535061e-02 1.893993621286733e-01 0.000000000000000e+00
-8.368458614485749e-02 2.068175285732962e-01 0.000000000000000e+00
-7.349905887538830e-02 1.374192376412625e-01 0.000000000000000e+00
-3.354629031741094e-01 -2.597687007563017e-01 0.000000000000000e+00
-3.778829691640032e-01 -2.642124914070677e-01 0.000000000000000e+00
-1.236978370359966e-01 3.730715614034265e-01 0.000000000000000e+00
-5.382184619976186e-02 3.607537067548904e-01 0.000000000000000e+00
3.529862058935305e-01 -2.139757823897077e-02 0.000000000000000e+00
-3.333108387388846e-01 1.213890351762415e-01 0.000000000000000e+00
-3.847569928513372e-01 6.537411125742346e-02 0.000000000000000e+00
2.356439447902897e-01 -2.896517899240156e-01 0.000000000000000e+00
1.711073957764535e-01 -3.720159845177763e-01 0.000000000000000e+00
-3.927491787403194e-01 2.129212250903715e-01 0.000000000000000e+00
2.915325126841946e-01 1.828572255106771e-01 0.000000000000000e+00
3.858396708795261e-01 2.428645813367508e-01 0.000000000000000e+00
4.952783863349526e-03 -3.543504980346481e-01 0.000000000000000e+00
-3.487217136902899e-01 -1.215055736708295e-01 0.000000000000000e+00
1.429466588215269e-01 4.058854813227379e-01 0.000000000000000e+00
3.313150650835586e-01 -8.225653695269922e-02 0.000000000000000e+00
-1.073413810729069e-01 3.210246670043597e-01 0.000000000000000e+00
-2.017877890297859e-02 4.235560555304662e-01 0.000000000000000e+00
-3.404031013303123e-01 1.896178444745854e-01 0.000000000000000e+00
2.771408436007972e-01 -4.948883032023222e-02 0.000000000000000e+00
2.962336797466666e-01 -1.156527804695115e-01 0.000000000000000e+00
-1.998191793962653e-01 -2.185028275969592e-01 0.000000000000000e+00
1.285987881964902e-01 3.415440484386903e-01 0.000000000000000e+00
-3.401167510378281e-01 -5.546980656831962e-02 0.000000000000000e+00
-3.004839660250616e-01 -1.414254900239159e-02 0.000000000000000e+00
5.712437719617567e-02 1.441771734883384e-01 0.000000000000000e+00
1.170545178085192e-01 1.310872878942066e-01 0.000000000000000e+00
-6.494591955428139e-02 2.831782644877954e-01 0.000000000000000e+00
-1.024473894440962e-01 -3.080082794920234e-01 0.000000000000000e+00
-1.102069015064009e-01 -2.720402673638148e-02 0.000000000000000e+00
-1.759776488237332e-01 1.432273075223283e-02 0.000000000000000e+00
-1.339289181706628e-01 8.878525085737979e-02 0.000000000000000e+00
-2.040622049543479e-01 7.795319254895741e-02 0.000000000000000e+00
-4.766402986665512e-02 -5.076558924611564e-02 0.000000000000000e+00
1.032219353912725e-01 -1.337036211399705e-01 0.000000000000000e+00
-2.847808447480671e-02 1.773086977955640e-01 0.000000000000000e+00
-2.939030462569268e-03 1.227306570496092e-01 0.000000000000000e+00
1.741272181103888e-01 -3.081480340366711e-01 0.000000000000000e+00
1.655717669851840e-01 2.963520902036715e-01 0.000000000000000e+00
385
63 65 68 0
68 65 58 0
202 178 191 0
202 191 169 0
106 134 133 0
106 143 211 0
180 93 193 0
180 193 82 0
161 79 59 0
59 79 21 0
189 78 197 0
189 197 159 0
56 34 35 0
203 124 146 0
203 43 44 0
58 57 68 0
57 35 36 0
70 7 8 0
70 74 6 0
201 200 143 0
201 158 172 0
85 92 83 0
85 86 107 0
94 96 208 0
96 95 102 0
186 167 103 0
186 5 69 0
157 171 213 0
171 157 136 0
210 138 137 0
210 174 211 0
24 176 111 0
111 176 175 0
178 192 116 0
192 81 11 0
61 168 179 0
168 66 87 0
198 161 188 0
82 80 181 0
80 19 20 0
199 129 162 0
199 155 127 0
91 93 128 0
91 83 92 0
146 145 203 0
146 122 109 0
98 123 126 0
123 98 95 0
140 100 102 0
100 105 101 0
133 101 106 0
101 133 208 0
52 111 175 0
52 51 188 0
87 104 115 0
104 120 113 0
147 160 212 0
160 147 149 0
202 137 151 0
137 202 173 0
184 193 107 0
184 18 82 0
109 122 94 0
109 196 145 0
126 123 124 0
126 99 98 0
89 188 161 0
89 90 111 0
149 148 130 0
148 156 65 0
142 108 110 0
108 196 109 0
44 41 40 0
41 45 28 0
189 9 76 0
9 189 8 0
185 88 167 0
88 185 120 0
162 181 79 0
88 67 103 0
67 66 2 0
179 190 62 0
190 195 64 0
83 117 169 0
117 154 173 0
172 200 201 0
172 136 138 0
129 180 181 0
115 114 194 0
114 150 131 0
112 60 62 0
60 39 61 0
47 26 163 0
47 175 25 0
76 78 189 0
78 77 152 0
58 156 182 0
73 72 121 0
72 213 171 0
116 75 177 0
75 13 170 0
79 20 21 0
79 181 80 0
54 53 125 0
53 212 160 0
69 167 186 0
69 74 73 0
165 43 203 0
165 163 45 0
71 213 72 0
213 71 159 0
31 42 164 0
42 49 54 0
187 125 124 0
125 187 54 0
11 116 192 0
81 76 10 0
183 212 53 0
212 183 55 0
127 207 128 0
127 155 205 0
174 134 211 0
174 154 206 0
158 118 121 0
118 113 120 0
132 209 149 0
132 131 139 0
46 48 166 0
46 175 47 0
170 86 85 0
170 84 177 0
204 133 135 0
101 208 102 0
139 105 100 0
139 150 119 0
197 213 159 0
135 206 205 0
206 135 134 0
179 115 194 0
115 179 87 0
97 209 140 0
97 95 98 0
211 134 106 0
143 105 119 0
196 166 145 0
48 163 165 0
144 198 188 0
144 155 199 0
151 137 136 0
151 77 178 0
182 56 58 0
182 212 55 0
65 156 58 0
92 107 193 0
107 92 85 0
142 51 50 0
188 111 52 0
138 211 200 0
137 173 210 0
121 185 73 0
113 115 104 0
141 205 155 0
205 141 204 0
171 136 172 0
213 197 157 0
44 124 203 0
43 45 41 0
77 81 192 0
88 120 104 0
87 66 67 0
112 63 37 0
64 195 65 0
99 160 149 0
212 182 147 0
206 134 174 0
206 154 153 0
119 105 139 0
119 150 113 0
128 207 153 0
207 205 206 0
102 208 96 0
95 94 122 0
121 120 185 0
73 74 71 0
164 187 44 0
49 183 53 0
118 201 119 0
200 211 143 0
149 130 132 0
149 209 99 0
194 190 179 0
194 131 130 0
117 91 153 0
84 191 177 0
169 173 202 0
123 122 146 0
124 44 187 0
129 181 162 0
188 51 144 0
173 174 210 0
160 126 125 0
123 146 124 0
140 209 132 0
130 195 194 0
204 208 133 0
210 211 138 0
46 166 196 0
50 108 142 0
99 209 97 0
94 208 204 0
201 143 119 0
131 150 139 0
94 141 110 0
50 196 108 0
205 207 127 0
162 198 199 0
206 153 207 0
205 204 135 0
130 65 195 0
56 35 57 0
94 204 141 0
165 203 145 0
202 151 178 0
197 78 152 0
117 173 169 0
199 127 129 0
114 131 194 0
118 158 201 0
138 200 172 0
72 171 158 0
97 140 102 0
53 160 125 0
144 199 198 0
162 161 198 0
129 128 180 0
152 157 197 0
152 77 151 0
156 147 182 0
65 130 148 0
193 93 92 0
128 153 91 0
45 43 165 0
46 196 50 0
170 85 84 0
84 169 191 0
87 179 168 0
194 195 190 0
82 193 184 0
180 128 93 0
61 1 66 0
170 14 86 0
163 27 45 0
107 17 184 0
17 107 16 0
103 4 186 0
4 103 3 0
40 30 164 0
30 40 29 0
77 192 178 0
191 178 177 0
63 112 64 0
190 64 62 0
25 176 24 0
46 50 52 0
33 183 49 0
70 71 74 0
159 8 189 0
10 11 81 0
68 36 37 0
22 89 59 0
89 111 188 0
161 59 89 0
22 23 90 0
31 164 30 0
187 164 54 0
4 5 186 0
185 167 73 0
17 18 184 0
69 73 167 0
71 70 159 0
42 54 164 0
33 55 183 0
9 10 76 0
36 68 57 0
182 55 56 0
180 82 181 0
61 179 62 0
145 166 165 0
47 163 48 0
175 46 52 0
75 170 177 0
177 178 116 0
62 64 112 0
37 38 112 0
11 12 116 0
25 175 176 0
24 90 23 0
139 140 132 0
102 95 97 0
109 94 110 0
155 142 141 0
173 154 174 0
171 172 158 0
39 1 61 0
13 14 170 0
169 84 83 0
61 66 168 0
103 167 88 0
48 165 166 0
40 164 44 0
26 27 163 0
161 162 79 0
33 34 55 0
160 99 126 0
8 159 70 0
72 158 121 0
152 136 157 0
148 147 156 0
142 155 144 0
117 153 154 0
151 136 152 0
114 113 150 0
147 148 149 0
109 145 146 0
142 144 51 0
105 143 106 0
110 141 142 0
139 100 140 0
136 137 138 0
133 134 135 0
130 131 132 0
127 128 129 0
82 19 80 0
124 125 126 0
95 122 123 0
118 120 121 0
118 119 113 0
117 83 91 0
12 75 116 0
113 114 115 0
38 60 112 0
90 24 111 0
108 109 110 0
86 16 107 0
105 106 101 0
88 104 87 0
3 103 67 0
100 101 102 0
97 98 99 0
41 28 29 0
94 95 96 0
91 92 93 0
89 22 90 0
87 67 88 0
86 14 15 0
16 86 15 0
83 84 85 0
19 82 18 0
77 76 81 0
20 79 80 0
76 77 78 0
75 12 13 0
69 6 74 0
71 72 73 0
6 7 70 0
6 69 5 0
68 37 63 0
67 2 3 0
66 1 2 0
63 64 65 0
61 62 60 0
60 38 39 0
21 22 59 0
56 57 58 0
55 34 56 0
42 32 49 0
53 54 49 0
47 25 26 0
50 51 52 0
32 33 49 0
46 47 48 0
45 27 28 0
43 41 44 0
32 42 31 0
29 40 41 0
