1038
5.000000000000000e-01 0.000000000000000e+00 0.000000000000000e+00
4.987545125753819e-01 3.526947952115548e-02 0.000000000000000e+00
4.950242552572272e-01 7.036324826944526e-02 0.000000000000000e+00
4.888278119998572e-01 1.051064708542355e-01 0.000000000000000e+00
4.801960531718896e-01 1.393260582882461e-01 0.000000000000000e+00
4.691719817616147e-01 1.728515303081782e-01 0.000000000000000e+00
4.558105191382709e-01 2.055158646988109e-01 0.000000000000000e+00
4.401782314365457e-01 2.371563293892761e-01 0.000000000000000e+00
4.223529979274410e-01 2.676152931760497e-01 0.000000000000000e+00
4.024236230276629e-01 2.967410110336781e-01 0.000000000000000e+00
3.804893938804839e-01 3.243883801008630e-01 0.000000000000000e+00
3.566595857121901e-01 3.504196625756165e-01 0.000000000000000e+00
3.310529174284003e-01 3.747051719180626e-01 0.000000000000000e+00
3.037969601624494e-01 3.971239189422555e-01 0.000000000000000e+00
2.750275017224206e-01 4.175642145782178e-01 0.000000000000000e+00
2.448878701031142e-01 4.359242263012693e-01 0.000000000000000e+00
2.135282194331880e-01 4.521124854565425e-01 0.000000000000000e+00
1.811047819148413e-01 4.660483429512198e-01 0.000000000000000e+00
1.477790894828421e-01 4.776623710442577e-01 0.000000000000000e+00
1.137171690605532e-01 4.868967092319002e-01 0.000000000000000e+00
7.908871542215201e-02 4.937053525057976e-01 0.000000000000000e+00
4.406624578180091e-02 4.980543805476445e-01 0.000000000000000e+00
8.824240321564352e-03 4.999221267184993e-01 0.000000000000000e+00
-2.646172706008147e-02 4.992992860008892e-01 0.000000000000000e+00
-6.161586344857926e-02 4.961889613559395e-01 0.000000000000000e+00
-9.646303270474851e-02 4.906066482645772e-01 0.000000000000000e+00
-1.308296279842204e-01 4.825801575298248e-01 0.000000000000000e+00
-1.645444366380050e-01 4.721494767247779e-01 0.000000000000000e+00
-1.974394931852957e-01 4.593665709765281e-01 0.000000000000000e+00
-2.293509161090452e-01 4.442951240785135e-01 0.000000000000000e+00
-2.601197243054411e-01 4.270102212210632e-01 0.000000000000000e+00
-2.895926291197666e-01 4.075979749207561e-01 0.000000000000000e+00
-3.176227980227693e-01 3.861550960121945e-01 0.000000000000000e+00
-3.440705861229344e-01 3.627884118394913e-01 0.000000000000000e+00
-3.688042318703111e-01 3.376143340478153e-01 0.000000000000000e+00
-3.917005134859263e-01 3.107582786264297e-01 0.000000000000000e+00
-4.126453628464886e-01 2.823540410925435e-01 0.000000000000000e+00
-4.315344337660421e-01 2.525431299287737e-01 0.000000000000000e+00
-4.482736218434143e-01 2.214740615950040e-01 0.000000000000000e+00
-4.627795332856105e-01 1.893016206268518e-01 0.000000000000000e+00
-4.749799003714954e-01 1.561860885068971e-01 0.000000000000000e+00
-4.848139414859440e-01 1.222924451504001e-01 0.000000000000000e+00
-4.922326639307917e-01 8.778954698366043e-02 0.000000000000000e+00
-4.971991080039910e-01 5.284928570979647e-02 0.000000000000000e+00
-4.996885311309891e-01 1.764573195292634e-02 0.000000000000000e+00
-4.996885311309891e-01 -1.764573195292622e-02 0.000000000000000e+00
-4.971991080039910e-01 -5.284928570979635e-02 0.000000000000000e+00
-4.922326639307917e-01 -8.778954698366030e-02 0.000000000000000e+00
-4.848139414859441e-01 -1.222924451503998e-01 0.000000000000000e+00
-4.749799003714955e-01 -1.561860885068970e-01 0.000000000000000e+00
-4.627795332856105e-01 -1.893016206268519e-01 0.000000000000000e+00
-4.482736218434143e-01 -2.214740615950039e-01 0.000000000000000e+00
-4.315344337660420e-01 -2.525431299287738e-01 0.000000000000000e+00
-4.126453628464888e-01 -2.823540410925433e-01 0.000000000000000e+00
-3.917005134859262e-01 -3.107582786264298e-01 0.000000000000000e+00
-3.688042318703111e-01 -3.376143340478152e-01 0.000000000000000e+00
-3.440705861229343e-01 -3.627884118394914e-01 0.000000000000000e+00
-3.176227980227695e-01 -3.861550960121942e-01 0.000000000000000e+00
-2.895926291197669e-01 -4.075979749207559e-01 0.000000000000000e+00
-2.601197243054412e-01 -4.270102212210631e-01 0.000000000000000e+00
-2.293509161090453e-01 -4.442951240785135e-01 0.000000000000000e+00
-1.974394931852956e-01 -4.593665709765281e-01 0.000000000000000e+00
-1.645444366380052e-01 -4.721494767247778e-01 0.000000000000000e+00
-1.308296279842205e-01 -4.825801575298247e-01 0.000000000000000e+00
-9.646303270474853e-02 -4.906066482645772e-01 0.000000000000000e+00
-6.161586344857939e-02 -4.961889613559395e-01 0.000000000000000e+00
-2.646172706008148e-02 -4.992992860008892e-01 0.000000000000000e+00
8.824240321564451e-03 -4.999221267184993e-01 0.000000000000000e+00
4.406624578180068e-02 -4.980543805476446e-01 0.000000000000000e+00
7.908871542215190e-02 -4.937053525057976e-01 0.000000000000000e+00
1.137171690605532e-01 -4.868967092319002e-01 0.000000000000000e+00
1.477790894828421e-01 -4.776623710442577e-01 0.000000000000000e+00
1.811047819148410e-01 -4.660483429512199e-01 0.000000000000000e+00
2.135282194331878e-01 -4.521124854565425e-01 0.000000000000000e+00
2.448878701031141e-01 -4.359242263012694e-01 0.000000000000000e+00
2.750275017224206e-01 -4.175642145782178e-01 0.000000000000000e+00
3.037969601624496e-01 -3.971239189422554e-01 0.000000000000000e+00
3.310529174284000e-01 -3.747051719180628e-01 0.000000000000000e+00
3.566595857121900e-01 -3.504196625756166e-01 0.000000000000000e+00
3.804893938804841e-01 -3.243883801008628e-01 0.000000000000000e+00
4.024236230276628e-01 -2.967410110336782e-01 0.000000000000000e+00
4.223529979274410e-01 -2.676152931760496e-01 0.000000000000000e+00
4.401782314365455e-01 -2.371563293892764e-01 0.000000000000000e+00
4.558105191382710e-01 -2.055158646988107e-01 0.000000000000000e+00
4.691719817616147e-01 -1.728515303081783e-01 0.000000000000000e+00
4.801960531718896e-01 -1.393260582882461e-01 0.000000000000000e+00
4.888278119998572e-01 -1.051064708542355e-01 0.000000000000000e+00
4.950242552572272e-01 -7.036324826944512e-02 0.000000000000000e+00
4.987545125753819e-01 -3.526947952115569e-02 0.000000000000000e+00
1.000000000000000e+00 0.000000000000000e+00 0.000000000000000e+00
9.975090251507638e-01 -7.053895904231139e-02 0.000000000000000e+00
9.900485105144544e-01 -1.407264965388902e-01 0.000000000000000e+00
9.776556239997144e-01 -2.102129417084710e-01 0.000000000000000e+00
9.603921063437793e-01 -2.786521165764922e-01 0.000000000000000e+00
9.383439635232295e-01 -3.457030606163565e-01 0.000000000000000e+00
9.116210382765421e-01 -4.110317293976214e-01 0.000000000000000e+00
8.803564628730910e-01 -4.743126587785528e-01 0.000000000000000e+00
8.447059958548820e-01 -5.352305863520992e-01 0.000000000000000e+00
8.048472460553256e-01 -5.934820220673563e-01 0.000000000000000e+00
7.609787877609682e-01 -6.487767602017256e-01 0.000000000000000e+00
7.133191714243799e-01 -7.008393251512333e-01 0.000000000000000e+00
6.621058348568000e-01 -7.494103438361256e-01 0.000000000000000e+00
6.075939203248991e-01 -7.942478378845108e-01 0.000000000000000e+00
5.500550034448413e-01 -8.351284291564356e-01 0.000000000000000e+00
4.897757402062282e-01 -8.718484526025387e-01 0.000000000000000e+00
4.270564388663756e-01 -9.042249709130851e-01 0.000000000000000e+00
3.622095638296820e-01 -9.320966859024398e-01 0.000000000000000e+00
2.955581789656841e-01 -9.553247420885155e-01 0.000000000000000e+00
2.274343381211063e-01 -9.737934184638004e-01 0.000000000000000e+00
1.581774308443038e-01 -9.874107050115952e-01 0.000000000000000e+00
8.813249156360135e-02 -9.961087610952891e-01 0.000000000000000e+00
1.764848064312890e-02 -9.998442534369986e-01 0.000000000000000e+00
-5.292345412016296e-02 -9.985985720017784e-01 0.000000000000000e+00
-1.232317268971588e-01 -9.923779227118790e-01 0.000000000000000e+00
-1.929260654094971e-01 -9.812132965291545e-01 0.000000000000000e+00
-2.616592559684410e-01 -9.651603150596495e-01 0.000000000000000e+00
-3.290888732760105e-01 -9.442989534495556e-01 0.000000000000000e+00
-3.948789863705912e-01 -9.187331419530562e-01 0.000000000000000e+00
-4.587018322180906e-01 -8.885902481570269e-01 0.000000000000000e+00
-5.202394486108823e-01 -8.540204424421263e-01 0.000000000000000e+00
-5.791852582395337e-01 -8.151959498415118e-01 0.000000000000000e+00
-6.352455960455390e-01 -7.723101920243884e-01 0.000000000000000e+00
-6.881411722458687e-01 -7.255768236789828e-01 0.000000000000000e+00
-7.376084637406223e-01 -6.752286680956304e-01 0.000000000000000e+00
-7.834010269718523e-01 -6.215165572528596e-01 0.000000000000000e+00
-8.252907256929776e-01 -5.647080821850865e-01 0.000000000000000e+00
-8.630688675320840e-01 -5.050862598575476e-01 0.000000000000000e+00
-8.965472436868287e-01 -4.429481231900078e-01 0.000000000000000e+00
-9.255590665712210e-01 -3.786032412537037e-01 0.000000000000000e+00
-9.499598007429909e-01 -3.123721770137939e-01 0.000000000000000e+00
-9.696278829718883e-01 -2.445848903007996e-01 0.000000000000000e+00
-9.844653278615834e-01 -1.755790939673206e-01 0.000000000000000e+00
-9.943982160079821e-01 -1.056985714195927e-01 0.000000000000000e+00
-9.993770622619782e-01 -3.529146390585244e-02 0.000000000000000e+00
-9.993770622619782e-01 3.529146390585268e-02 0.000000000000000e+00
-9.943982160079819e-01 1.056985714195929e-01 0.000000000000000e+00
-9.844653278615834e-01 1.755790939673209e-01 0.000000000000000e+00
-9.696278829718881e-01 2.445848903008002e-01 0.000000000000000e+00
-9.499598007429908e-01 3.123721770137942e-01 0.000000000000000e+00
-9.255590665712210e-01 3.786032412537035e-01 0.000000000000000e+00
-8.965472436868286e-01 4.429481231900080e-01 0.000000000000000e+00
-8.630688675320841e-01 5.050862598575474e-01 0.000000000000000e+00
-8.252907256929772e-01 5.647080821850871e-01 0.000000000000000e+00
-7.834010269718525e-01 6.215165572528594e-01 0.000000000000000e+00
-7.376084637406222e-01 6.752286680956306e-01 0.000000000000000e+00
-6.881411722458688e-01 7.255768236789827e-01 0.000000000000000e+00
-6.352455960455385e-01 7.723101920243890e-01 0.000000000000000e+00
-5.791852582395332e-01 8.151959498415122e-01 0.000000000000000e+00
-5.202394486108821e-01 8.540204424421264e-01 0.000000000000000e+00
-4.587018322180904e-01 8.885902481570270e-01 0.000000000000000e+00
-3.948789863705913e-01 9.187331419530561e-01 0.000000000000000e+00
-3.290888732760101e-01 9.442989534495557e-01 0.000000000000000e+00
-2.616592559684408e-01 9.651603150596496e-01 0.000000000000000e+00
-1.929260654094970e-01 9.812132965291545e-01 0.000000000000000e+00
-1.232317268971585e-01 9.923779227118790e-01 0.000000000000000e+00
-5.292345412016294e-02 9.985985720017784e-01 0.000000000000000e+00
1.764848064312870e-02 9.998442534369986e-01 0.000000000000000e+00
8.813249156360183e-02 9.961087610952890e-01 0.000000000000000e+00
1.581774308443040e-01 9.874107050115952e-01 0.000000000000000e+00
2.274343381211063e-01 9.737934184638004e-01 0.000000000000000e+00
2.955581789656841e-01 9.553247420885155e-01 0.000000000000000e+00
3.622095638296826e-01 9.320966859024395e-01 0.000000000000000e+00
4.270564388663760e-01 9.042249709130850e-01 0.000000000000000e+00
4.897757402062284e-01 8.718484526025386e-01 0.000000000000000e+00
5.500550034448413e-01 8.351284291564356e-01 0.000000000000000e+00
6.075939203248989e-01 7.942478378845109e-01 0.000000000000000e+00
6.621058348568005e-01 7.494103438361251e-01 0.000000000000000e+00
7.133191714243802e-01 7.008393251512329e-01 0.000000000000000e+00
7.609787877609678e-01 6.487767602017260e-01 0.000000000000000e+00
8.048472460553258e-01 5.934820220673562e-01 0.000000000000000e+00
8.447059958548820e-01 5.352305863520993e-01 0.000000000000000e+00
8.803564628730913e-01 4.743126587785523e-01 0.000000000000000e+00
9.116210382765418e-01 4.110317293976218e-01 0.000000000000000e+00
9.383439635232295e-01 3.457030606163563e-01 0.000000000000000e+00
9.603921063437793e-01 2.786521165764921e-01 0.000000000000000e+00
9.776556239997144e-01 2.102129417084711e-01 0.000000000000000e+00
9.900485105144543e-01 1.407264965388905e-01 0.000000000000000e+00
9.975090251507638e-01 7.053895904231096e-02 0.000000000000000e+00
8.982407518882826e-01 -2.229841481923396e-02 0.000000000000000e+00
9.333018406976717e-01 2.866824012565641e-02 0.000000000000000e+00
9.456836867757545e-01 -4.067345065210176e-02 0.000000000000000e+00
9.446932091498343e-01 -1.059918675195410e-01 0.000000000000000e+00
8.787662326881318e-01 1.954867941662279e-01 0.000000000000000e+00
9.353971131974372e-01 1.677789410993931e-01 0.000000000000000e+00
8.948193201890976e-01 1.331691428616244e-01 0.000000000000000e+00
8.292159905078748e-01 6.107629976094171e-02 0.000000000000000e+00
8.649630842933667e-01 1.861722952523477e-02 0.000000000000000e+00
7.952616204164168e-01 9.254877468004368e-03 0.000000000000000e+00
9.394958643065955e-01 1.011326469711665e-01 0.000000000000000e+00
8.360279407918656e-01 2.450577593719362e-01 0.000000000000000e+00
8.937324163666430e-01 2.761667203282862e-01 0.000000000000000e+00
5.076258301052138e-01 1.304262416328444e-01 0.000000000000000e+00
4.939834094772399e-01 1.573701858681236e-01 0.000000000000000e+00
5.205059360297839e-01 1.617212502570178e-01 0.000000000000000e+00
8.704651760288666e-01 3.445349499273020e-01 0.000000000000000e+00
8.405343677039988e-01 2.977867372897107e-01 0.000000000000000e+00
8.065565856964905e-01 3.351834768068017e-01 0.000000000000000e+00
5.947560945963173e-01 1.436628616857947e-01 0.000000000000000e+00
5.481760655131724e-01 1.274199881452234e-01 0.000000000000000e+00
5.586410338600504e-01 1.707190112483732e-01 0.000000000000000e+00
7.447221498180513e-01 3.142944072884769e-01 0.000000000000000e+00
7.097008274883787e-01 3.659382999644842e-01 0.000000000000000e+00
7.694162697154758e-01 3.764575596630357e-01 0.000000000000000e+00
8.364008332589222e-01 4.418692494749331e-01 0.000000000000000e+00
8.308844291633399e-01 3.891433362894094e-01 0.000000000000000e+00
7.391066265435060e-01 5.825774263218854e-01 0.000000000000000e+00
9.200407359158402e-01 -2.634291606863778e-01 0.000000000000000e+00
9.105872237910264e-01 -1.991464156549324e-01 0.000000000000000e+00
8.347061002773427e-01 -8.600882358332865e-02 0.000000000000000e+00
8.535326781261757e-01 -1.226786397569998e-01 0.000000000000000e+00
7.924300223088590e-01 -1.308482102589220e-01 0.000000000000000e+00
6.363438202360907e-01 -2.062732563881753e-01 0.000000000000000e+00
6.858472624931387e-01 -1.691630294884864e-01 0.000000000000000e+00
6.967825387382980e-01 -2.284975821858989e-01 0.000000000000000e+00
8.642438741293115e-01 -3.671654848986546e-01 0.000000000000000e+00
8.726179770225020e-01 -3.008544922203865e-01 0.000000000000000e+00
8.277573299567327e-01 -4.703499253563767e-01 0.000000000000000e+00
8.601754341252930e-01 -4.268221858120126e-01 0.000000000000000e+00
8.168984653907876e-01 -4.112511306288574e-01 0.000000000000000e+00
5.047229163446666e-01 -1.669825723831985e-01 0.000000000000000e+00
4.915924367550793e-01 -1.939505421965895e-01 0.000000000000000e+00
7.673851058349523e-01 -4.586107088018836e-01 0.000000000000000e+00
7.674520458412356e-01 -3.865714897318556e-01 0.000000000000000e+00
6.851716693986375e-01 -6.412244075888998e-01 0.000000000000000e+00
7.110133668750012e-01 -6.006756062359646e-01 0.000000000000000e+00
5.342217987438584e-01 -3.312082654866857e-01 0.000000000000000e+00
5.390617785449301e-01 -2.828209851399463e-01 0.000000000000000e+00
5.906305222058515e-01 -3.145090640392860e-01 0.000000000000000e+00
6.258923615715806e-01 -6.272159620123828e-01 0.000000000000000e+00
5.729847522789138e-01 -6.047728619492988e-01 0.000000000000000e+00
6.164366043061171e-01 -5.757054400882103e-01 0.000000000000000e+00
5.678670767775159e-01 -3.644799703484075e-01 0.000000000000000e+00
6.371723679604315e-01 -6.909720161819860e-01 0.000000000000000e+00
3.913759637339575e-01 -3.557185602256599e-01 0.000000000000000e+00
4.354466004742156e-01 -8.383878202028698e-01 0.000000000000000e+00
3.705639281707047e-01 -8.165872680743560e-01 0.000000000000000e+00
4.188890674451771e-01 -7.884016399381879e-01 0.000000000000000e+00
4.031061007847869e-01 -6.045863370537645e-01 0.000000000000000e+00
4.626981404076632e-01 -6.219463419089253e-01 0.000000000000000e+00
4.192852309633349e-01 -6.522508427934903e-01 0.000000000000000e+00
5.202229515218362e-01 -6.422568991414450e-01 0.000000000000000e+00
5.132032863967753e-01 -5.754091589155033e-01 0.000000000000000e+00
3.711404381907618e-01 -7.535473112921726e-01 0.000000000000000e+00
3.110154111340148e-01 -7.938381017245602e-01 0.000000000000000e+00
3.040289229072146e-01 -7.315900861909576e-01 0.000000000000000e+00
2.506165230036273e-01 -9.175729248928294e-01 0.000000000000000e+00
3.102163261760941e-01 -9.008087571566985e-01 0.000000000000000e+00
2.331325681680822e-01 -4.684818227689705e-01 0.000000000000000e+00
2.063649339397827e-01 -4.875716286036522e-01 0.000000000000000e+00
9.672088279153088e-02 -7.959974694887805e-01 0.000000000000000e+00
1.180403909653964e-01 -8.731782823814616e-01 0.000000000000000e+00
6.677590068947989e-02 -8.640282735538805e-01 0.000000000000000e+00
1.417103551379168e-01 -7.399775383955068e-01 0.000000000000000e+00
1.751478899653144e-01 -7.796674548867623e-01 0.000000000000000e+00
1.326230235922901e-01 -9.321500119709863e-01 0.000000000000000e+00
-5.572914101418455e-03 -7.506328854647327e-01 0.000000000000000e+00
2.934819398873528e-02 -7.848327582544380e-01 0.000000000000000e+00
-1.906903438416272e-02 -8.015644368470680e-01 0.000000000000000e+00
1.357279437380918e-01 -5.427940510985149e-01 0.000000000000000e+00
1.521000651099166e-01 -5.878456611082987e-01 0.000000000000000e+00
1.037950017153416e-01 -5.778640063679041e-01 0.000000000000000e+00
2.162825907646511e-02 -8.897528037320024e-01 0.000000000000000e+00
7.380627482471251e-02 -9.187482356213501e-01 0.000000000000000e+00
2.241191372657369e-02 -9.461892947960624e-01 0.000000000000000e+00
-2.094826144678790e-02 -9.114232505455468e-01 0.000000000000000e+00
-1.574882068333190e-02 -5.585450437585615e-01 0.000000000000000e+00
-1.182953270734934e-02 -5.250009246900990e-01 0.000000000000000e+00
1.450907861156379e-02 -5.416273789059615e-01 0.000000000000000e+00
-2.227273643861059e-01 -7.512838710307802e-01 0.000000000000000e+00
-2.051793294985132e-01 -6.908719961074176e-01 0.000000000000000e+00
-1.627543255412069e-01 -7.380246736258139e-01 0.000000000000000e+00
-1.461962276695114e-01 -6.789126888735968e-01 0.000000000000000e+00
-3.350921149511667e-01 -8.769048489569335e-01 0.000000000000000e+00
-3.986628976184358e-01 -8.591486705476421e-01 0.000000000000000e+00
-3.595119902974503e-01 -8.277148297146094e-01 0.000000000000000e+00
-3.074100100205582e-01 -8.219079723259233e-01 0.000000000000000e+00
-1.391498164664359e-01 -5.187847022520141e-01 0.000000000000000e+00
-1.121035597235540e-01 -5.093639826530272e-01 0.000000000000000e+00
-5.513266328791064e-01 -7.812774048127503e-01 0.000000000000000e+00
-5.757894532390063e-01 -7.251200564239180e-01 0.000000000000000e+00
-6.351264946415942e-01 -7.037118850878528e-01 0.000000000000000e+00
-3.570346875582955e-01 -4.859845062221125e-01 0.000000000000000e+00
-3.140020429838498e-01 -4.997694355367840e-01 0.000000000000000e+00
-3.489364134985004e-01 -5.438199292074231e-01 0.000000000000000e+00
-5.045147893729149e-01 -7.297114290490317e-01 0.000000000000000e+00
-3.008705849518062e-01 -6.018709861182896e-01 0.000000000000000e+00
-2.605443814797069e-01 -5.618674719865189e-01 0.000000000000000e+00
-2.373124402995646e-01 -5.970239968918408e-01 0.000000000000000e+00
-5.395596015817434e-01 -6.831350352054896e-01 0.000000000000000e+00
-6.936675585799038e-01 -6.273475110535459e-01 0.000000000000000e+00
-6.403273548887678e-01 -6.475358688159856e-01 0.000000000000000e+00
-6.798669168788913e-01 -6.773554515468180e-01 0.000000000000000e+00
-2.648016555466039e-01 -4.504893723508012e-01 0.000000000000000e+00
-7.518586166766585e-01 -5.383854221149790e-01 0.000000000000000e+00
-7.491094848332159e-01 -5.981248368024766e-01 0.000000000000000e+00
-7.979602800039235e-01 -4.962277872982145e-01 0.000000000000000e+00
-5.426012318152464e-01 -3.956564309439841e-01 0.000000000000000e+00
-5.496083350710794e-01 -4.652595297565303e-01 0.000000000000000e+00
-6.032471877631935e-01 -4.218984161700199e-01 0.000000000000000e+00
-8.349638804568040e-01 -4.453981758490375e-01 0.000000000000000e+00
-7.679931006928721e-01 -4.334648599698145e-01 0.000000000000000e+00
-8.597808944052511e-01 -3.525973337804877e-01 0.000000000000000e+00
-8.671745462897872e-01 -4.039195039589292e-01 0.000000000000000e+00
-9.262505769495156e-01 -2.626443925938277e-01 0.000000000000000e+00
-8.681746281729583e-01 -1.821282464292620e-01 0.000000000000000e+00
-9.266313274052733e-01 -1.974672002750640e-01 0.000000000000000e+00
-9.016682708242431e-01 -1.329213951309746e-01 0.000000000000000e+00
-7.421856818007476e-01 -2.473990118217746e-01 0.000000000000000e+00
-7.067330269109042e-01 -1.929396022285290e-01 0.000000000000000e+00
-6.933053047459561e-01 -2.619129487304344e-01 0.000000000000000e+00
-4.701459221606135e-01 -2.652881088401943e-01 0.000000000000000e+00
-4.634739276684391e-01 -2.405838415261641e-01 0.000000000000000e+00
-7.422861635309943e-01 -9.696427624184104e-02 0.000000000000000e+00
-7.916024000686034e-01 -1.063671926323053e-01 0.000000000000000e+00
-7.615654683628614e-01 -5.581894117426923e-02 0.000000000000000e+00
-5.001409832539406e-01 -1.963071952073358e-01 0.000000000000000e+00
-5.186007798936076e-01 -2.285780540759510e-01 0.000000000000000e+00
-5.395475267067054e-01 -1.791740360318582e-01 0.000000000000000e+00
-9.363747488159943e-01 -7.645389483243485e-02 0.000000000000000e+00
-9.500414221498076e-01 -1.376583220803316e-01 0.000000000000000e+00
-5.212140675512964e-01 -1.122507438129943e-01 0.000000000000000e+00
-5.606024214714854e-01 -1.024091962523389e-01 0.000000000000000e+00
-5.254645139522210e-01 -7.787117268726546e-02 0.000000000000000e+00
-9.584204636401217e-01 3.362304739100683e-02 0.000000000000000e+00
-9.332957091471838e-01 -1.303941806436909e-02 0.000000000000000e+00
-9.304776857784079e-01 8.289936124961994e-02 0.000000000000000e+00
-6.864815781867072e-01 4.180495590184678e-02 0.000000000000000e+00
-6.226154201534926e-01 1.845590280960438e-02 0.000000000000000e+00
-6.661229571506483e-01 -2.042740453123753e-02 0.000000000000000e+00
-7.788262731528981e-01 9.940949863273413e-02 0.000000000000000e+00
-7.283036304014637e-01 8.302133188774248e-02 0.000000000000000e+00
-7.654293694383434e-01 4.000823602792553e-02 0.000000000000000e+00
-9.268188518398645e-01 1.446883427005143e-01 0.000000000000000e+00
-8.885885950084615e-01 1.975648138111723e-01 0.000000000000000e+00
-8.716377097996115e-01 1.508609189948584e-01 0.000000000000000e+00
-8.409245209771505e-01 4.527465195758612e-01 0.000000000000000e+00
-4.269137854476036e-01 3.719259056482487e-01 0.000000000000000e+00
-4.734335598727650e-01 3.798491323817917e-01 0.000000000000000e+00
-4.512635402603102e-01 4.199585376884638e-01 0.000000000000000e+00
-5.941361000842339e-01 2.891626296738852e-01 0.000000000000000e+00
-5.374530699129878e-01 2.686146253361881e-01 0.000000000000000e+00
-5.649116430092225e-01 2.330255290797729e-01 0.000000000000000e+00
-7.963926218640326e-01 4.916125410141198e-01 0.000000000000000e+00
-7.615421801174368e-01 5.406502936830103e-01 0.000000000000000e+00
-7.254805122449043e-01 4.985011270102472e-01 0.000000000000000e+00
-4.815808133961862e-01 2.230592606265364e-01 0.000000000000000e+00
-4.897955974499036e-01 1.936030288659678e-01 0.000000000000000e+00
-7.090493217439539e-01 5.550329693046085e-01 0.000000000000000e+00
-6.097994072096659e-01 7.421306622772006e-01 0.000000000000000e+00
-5.483692867652592e-01 7.493384081386676e-01 0.000000000000000e+00
-5.209271831793971e-01 7.980122306118888e-01 0.000000000000000e+00
-5.287437705672796e-01 4.897354940400506e-01 0.000000000000000e+00
-4.902757386469182e-01 5.233864463503718e-01 0.000000000000000e+00
-4.713553658895862e-01 4.747172172917518e-01 0.000000000000000e+00
-5.753535032807170e-01 6.959800019443383e-01 0.000000000000000e+00
-5.099089359611447e-01 4.276875576653562e-01 0.000000000000000e+00
-6.288038776066187e-01 6.952328155503361e-01 0.000000000000000e+00
-3.680336540576548e-01 4.345559158418419e-01 0.000000000000000e+00
-4.168066160793540e-01 4.572689150588795e-01 0.000000000000000e+00
-3.775429983389000e-01 4.816281883679941e-01 0.000000000000000e+00
-4.890554225401407e-01 7.560398399826533e-01 0.000000000000000e+00
-4.650702640574903e-01 8.161652496001791e-01 0.000000000000000e+00
-4.399483600830083e-01 7.652918249457435e-01 0.000000000000000e+00
-3.696251867295027e-01 3.953345466286514e-01 0.000000000000000e+00
-3.410601025027616e-01 4.032154680109709e-01 0.000000000000000e+00
-3.153201615714208e-01 4.129954295098767e-01 0.000000000000000e+00
-2.650418928863125e-01 8.978953077873388e-01 0.000000000000000e+00
-3.102709486745144e-01 8.623720066182614e-01 0.000000000000000e+00
-2.119213015659289e-01 5.986706733930035e-01 0.000000000000000e+00
-2.662642368400148e-01 5.788830299758511e-01 0.000000000000000e+00
-2.680862209920535e-01 6.276299549004792e-01 0.000000000000000e+00
-2.014911445790334e-01 9.163464205060743e-01 0.000000000000000e+00
-2.843082107284216e-01 4.696226327955195e-01 0.000000000000000e+00
-2.508644129597734e-01 4.696097513507119e-01 0.000000000000000e+00
-2.643963761753433e-01 4.496486876096573e-01 0.000000000000000e+00
-1.480702902604165e-01 9.458212211288003e-01 0.000000000000000e+00
-1.871874736255357e-01 4.897899118645002e-01 0.000000000000000e+00
-2.925097764279942e-02 9.443868091043860e-01 0.000000000000000e+00
2.229567020536819e-02 9.353670519535718e-01 0.000000000000000e+00
-1.625298128998537e-01 7.070788014493825e-01 0.000000000000000e+00
-1.472543766298399e-01 6.430161968498016e-01 0.000000000000000e+00
-2.133815537551642e-01 6.650815355712041e-01 0.000000000000000e+00
-2.222007314845181e-01 7.995389860428007e-01 0.000000000000000e+00
-1.748585718623029e-01 8.514565685867908e-01 0.000000000000000e+00
-1.606263266091165e-01 8.026119049535941e-01 0.000000000000000e+00
-1.287977362718737e-01 5.132738416026746e-01 0.000000000000000e+00
-8.997162530644792e-02 5.236665107689187e-01 0.000000000000000e+00
-1.819708751114691e-02 8.029558415501882e-01 0.000000000000000e+00
-6.506493690356692e-02 7.900510906818305e-01 0.000000000000000e+00
-4.281625229079108e-02 8.423899621204555e-01 0.000000000000000e+00
1.662450194337348e-04 6.009898651676195e-01 0.000000000000000e+00
3.414043701622994e-02 6.662370483335072e-01 0.000000000000000e+00
5.630918440832723e-02 6.036537445939699e-01 0.000000000000000e+00
3.232731746912806e-01 9.115184503850219e-01 0.000000000000000e+00
2.712705740788506e-01 9.134365928034835e-01 0.000000000000000e+00
2.504381853466729e-01 6.554110702471273e-01 0.000000000000000e+00
2.711244957289812e-01 5.966208607691129e-01 0.000000000000000e+00
2.102847915558897e-01 6.147061838083538e-01 0.000000000000000e+00
1.465029417853033e-01 5.089580022148554e-01 0.000000000000000e+00
1.226507799201765e-01 5.190472566387413e-01 0.000000000000000e+00
1.422478718951760e-01 5.391293415948311e-01 0.000000000000000e+00
3.946159633319857e-01 8.276699331593211e-01 0.000000000000000e+00
4.279011835120576e-01 8.596197108907895e-01 0.000000000000000e+00
4.494422856472535e-01 8.160705057324558e-01 0.000000000000000e+00
3.090033017946853e-01 7.588635730706470e-01 0.000000000000000e+00
2.828687486413661e-01 7.030781099011929e-01 0.000000000000000e+00
2.564087449298223e-01 7.424785867814452e-01 0.000000000000000e+00
3.564486772744490e-01 7.954690342737840e-01 0.000000000000000e+00
4.091326132229474e-01 7.755923252790726e-01 0.000000000000000e+00
5.579750684745671e-01 7.827045725032211e-01 0.000000000000000e+00
5.084411186476731e-01 8.029387676920825e-01 0.000000000000000e+00
2.427292787757383e-01 4.986858552255838e-01 0.000000000000000e+00
2.344535943394906e-01 4.684039711348023e-01 0.000000000000000e+00
2.102305201506954e-01 4.860846193325655e-01 0.000000000000000e+00
5.260570792558508e-01 7.428177652131485e-01 0.000000000000000e+00
5.941766093286542e-01 7.317337102499869e-01 0.000000000000000e+00
5.445971817186143e-01 6.803031515657936e-01 0.000000000000000e+00
4.997907884071935e-01 4.144889714354297e-01 0.000000000000000e+00
5.305347115930364e-01 4.552562210076389e-01 0.000000000000000e+00
5.614524375429103e-01 4.084662054625573e-01 0.000000000000000e+00
3.314279946250585e-01 5.055553831624080e-01 0.000000000000000e+00
3.825109384081214e-01 4.976975713121197e-01 0.000000000000000e+00
3.513881413048227e-01 4.683222082761094e-01 0.000000000000000e+00
6.465136288848904e-01 -4.415475662707627e-01 0.000000000000000e+00
6.197481935316922e-01 -3.738108846260217e-01 0.000000000000000e+00
6.723277992291968e-01 -3.844548282244577e-01 0.000000000000000e+00
4.149287393109162e-01 -3.292121315324760e-01 0.000000000000000e+00
4.397396456760732e-01 -2.966531779481214e-01 0.000000000000000e+00
4.496199263977002e-01 -3.373434501319936e-01 0.000000000000000e+00
8.993893252799240e-01 -1.409435252211525e-01 0.000000000000000e+00
8.895370712477784e-01 -8.008305089023486e-02 0.000000000000000e+00
9.315971274866299e-01 2.259456243499779e-01 0.000000000000000e+00
7.765528579987364e-01 5.274714485425686e-01 0.000000000000000e+00
4.252900715696626e-01 4.673991203522756e-01 0.000000000000000e+00
4.425620768983643e-01 4.178229601368337e-01 0.000000000000000e+00
3.875779444409290e-01 4.376952935053155e-01 0.000000000000000e+00
3.886521748460575e-02 -5.245470899060081e-01 0.000000000000000e+00
-3.609624852381128e-02 -9.533465673480546e-01 0.000000000000000e+00
-4.489828480277853e-01 -2.918219822385794e-01 0.000000000000000e+00
-8.170392445353286e-01 -3.907425208197111e-01 0.000000000000000e+00
-5.814930105660383e-01 -1.444467705179861e-01 0.000000000000000e+00
-5.446288779359659e-01 -1.363574093907559e-01 0.000000000000000e+00
-9.379894549284739e-01 2.014546653026895e-01 0.000000000000000e+00
-7.515286308452610e-01 5.946024228872555e-01 0.000000000000000e+00
-6.922800668047233e-01 6.104779668023372e-01 0.000000000000000e+00
-3.847722087905250e-01 3.699216820849728e-01 0.000000000000000e+00
-2.222165334530725e-01 4.806782667514247e-01 0.000000000000000e+00
-2.244094422911666e-01 8.626459608362083e-01 0.000000000000000e+00
7.288621371346805e-01 -1.350474379670299e-01 0.000000000000000e+00
7.364809213536295e-01 -8.561957533286137e-02 0.000000000000000e+00
-8.033694164243319e-01 -3.316572229709569e-01 0.000000000000000e+00
-7.410661404377841e-01 -3.129220615292824e-01 0.000000000000000e+00
-7.680314741579962e-01 -3.710517140479407e-01 0.000000000000000e+00
6.881655697016807e-02 -6.699301759267478e-01 0.000000000000000e+00
9.972851633895863e-02 -7.252229343251622e-01 0.000000000000000e+00
5.036349406488790e-02 -7.392450025030179e-01 0.000000000000000e+00
-6.620295942605953e-01 -4.157534326282439e-01 0.000000000000000e+00
-6.394590650366221e-01 -3.542763673510738e-01 0.000000000000000e+00
-5.612169284255594e-01 -5.234762365699345e-01 0.000000000000000e+00
-5.521334712284770e-01 -5.740333636001618e-01 0.000000000000000e+00
-6.023724131001013e-01 -5.575791598364256e-01 0.000000000000000e+00
4.469459688189080e-01 -4.509192742311002e-01 0.000000000000000e+00
4.291819008020027e-01 -4.093431390777325e-01 0.000000000000000e+00
4.769551653852865e-01 -4.214456753035264e-01 0.000000000000000e+00
7.176004837331259e-01 -3.557827520104374e-01 0.000000000000000e+00
7.128746381894115e-01 -4.185249351015132e-01 0.000000000000000e+00
7.091570858813425e-01 -2.891790516501689e-01 0.000000000000000e+00
6.435808262886973e-01 -2.690664361434101e-01 0.000000000000000e+00
6.154177866795125e-01 3.756640932034470e-01 0.000000000000000e+00
6.305722526510891e-01 4.369916478368775e-01 0.000000000000000e+00
6.700745749326757e-01 4.032305269240593e-01 0.000000000000000e+00
7.923487541423916e-01 2.773747846874686e-01 0.000000000000000e+00
2.239673511074357e-01 5.698383270928998e-01 0.000000000000000e+00
2.573287515102641e-01 5.401453859424094e-01 0.000000000000000e+00
2.536379744536669e-01 7.914547090739588e-01 0.000000000000000e+00
7.251684323775302e-02 9.473455773738079e-01 0.000000000000000e+00
1.384077112268048e-01 7.495570807793117e-01 0.000000000000000e+00
9.428269029428829e-02 6.947225973786281e-01 0.000000000000000e+00
6.570712137785864e-02 7.344700689383361e-01 0.000000000000000e+00
-4.098439381140302e-01 8.523267953410510e-01 0.000000000000000e+00
-8.449250340633578e-01 3.222203076706661e-01 0.000000000000000e+00
-8.904478937720337e-01 2.959300113167385e-01 0.000000000000000e+00
-8.914599805324118e-01 3.400370454300422e-01 0.000000000000000e+00
-8.463335494807214e-01 3.907644091850347e-01 0.000000000000000e+00
-8.258800420319594e-01 -5.592613618482910e-02 0.000000000000000e+00
-8.290990316127517e-01 8.667317329958187e-03 0.000000000000000e+00
-7.808979535934671e-01 -1.275302953614435e-02 0.000000000000000e+00
-8.801749734945311e-01 9.876097415834616e-02 0.000000000000000e+00
6.064121821710095e-01 -7.436941844329059e-01 0.000000000000000e+00
5.421810549666447e-01 -7.670381226742521e-01 0.000000000000000e+00
5.786161685222415e-01 -7.128293447286529e-01 0.000000000000000e+00
3.795110622612678e-01 -5.408906646717641e-01 0.000000000000000e+00
3.428743230630579e-01 -5.911942492975980e-01 0.000000000000000e+00
3.164104635162571e-01 -5.411003662833732e-01 0.000000000000000e+00
-4.019018549109641e-01 -5.131105541880728e-01 0.000000000000000e+00
-4.060331624893034e-01 -5.748665034383205e-01 0.000000000000000e+00
-4.527152571179361e-01 -5.459966236201005e-01 0.000000000000000e+00
-4.141721430656202e-01 -6.436016298632665e-01 0.000000000000000e+00
-3.892648993913579e-01 -7.089510311125334e-01 0.000000000000000e+00
-4.444108226859479e-01 -6.995813982029407e-01 0.000000000000000e+00
-4.254076528405474e-01 5.259908746257222e-01 0.000000000000000e+00
-4.824157478060627e-01 5.756909274309936e-01 0.000000000000000e+00
-6.642170161117390e-01 6.605398415477191e-01 0.000000000000000e+00
1.936365423826729e-01 8.061384676801524e-01 0.000000000000000e+00
1.394232188193287e-01 8.139730777955649e-01 0.000000000000000e+00
1.709168621669644e-01 8.690228027583293e-01 0.000000000000000e+00
3.722233228623363e-01 8.785463713853680e-01 0.000000000000000e+00
3.113784223308165e-01 8.699080114716935e-01 0.000000000000000e+00
4.805127092089613e-01 5.274393316689931e-01 0.000000000000000e+00
5.148029216816721e-01 5.698223186660698e-01 0.000000000000000e+00
5.263506308893071e-01 5.081859953624065e-01 0.000000000000000e+00
-7.317715829306635e-01 2.874221746136283e-01 0.000000000000000e+00
-7.808299923915479e-01 2.387424914317076e-01 0.000000000000000e+00
-7.941316381414669e-01 2.992568723988568e-01 0.000000000000000e+00
-6.651783051178954e-01 2.720428299153823e-01 0.000000000000000e+00
-6.420319305605477e-01 3.260551336208738e-01 0.000000000000000e+00
-1.763039352059799e-03 -6.576623084158295e-01 0.000000000000000e+00
3.149381150003050e-02 -6.136507718714335e-01 0.000000000000000e+00
-2.507267894942883e-01 -6.491201559409021e-01 0.000000000000000e+00
-1.872075253725684e-01 -6.310063095414097e-01 0.000000000000000e+00
-8.349044035456610e-02 -5.183871609629850e-01 0.000000000000000e+00
-7.956422829032206e-02 6.475846570240057e-01 0.000000000000000e+00
-3.568161683611039e-02 6.984711450490636e-01 0.000000000000000e+00
-2.528286517291461e-02 6.444860683757150e-01 0.000000000000000e+00
1.414296554855863e-02 7.273087350696757e-01 0.000000000000000e+00
4.569023217416161e-01 2.599331745623963e-01 0.000000000000000e+00
6.152880247414096e-01 3.139761221190182e-01 0.000000000000000e+00
6.477629909385634e-01 2.635175007588992e-01 0.000000000000000e+00
5.892039582129976e-01 2.575860875585840e-01 0.000000000000000e+00
-2.231132770054527e-01 -4.851876973577253e-01 0.000000000000000e+00
-3.656892098124649e-01 -6.028371092088401e-01 0.000000000000000e+00
-3.996065401393449e-01 3.447507092936455e-01 0.000000000000000e+00
-4.240424796385896e-01 3.332903079116460e-01 0.000000000000000e+00
-5.434561561311152e-01 5.507977183633406e-01 0.000000000000000e+00
-5.884971955038721e-01 5.045972566969555e-01 0.000000000000000e+00
-7.274293296352029e-01 -1.109756860870947e-02 0.000000000000000e+00
1.999658097777684e-01 -6.721778648733800e-01 0.000000000000000e+00
2.477404416498646e-01 -7.006060470854490e-01 0.000000000000000e+00
1.935835799501472e-01 -7.238226102308952e-01 0.000000000000000e+00
3.348170838471927e-01 -4.181594252684011e-01 0.000000000000000e+00
3.075032163802194e-01 -4.346591229992554e-01 0.000000000000000e+00
1.092585090350636e-01 5.452984305564632e-01 0.000000000000000e+00
1.015274078247864e-01 5.149537995956567e-01 0.000000000000000e+00
8.329855318030739e-02 5.287670420732645e-01 0.000000000000000e+00
5.176742861057816e-01 -3.826093575462364e-01 0.000000000000000e+00
5.753185160042764e-01 -4.207475258261277e-01 0.000000000000000e+00
5.217433017398452e-01 -4.355108951390848e-01 0.000000000000000e+00
5.254292203197942e-01 -6.173405597803001e-02 0.000000000000000e+00
-5.821111612384304e-01 -3.591493030683221e-01 0.000000000000000e+00
-3.260556731650972e-01 7.153472588346301e-01 0.000000000000000e+00
-2.758482627392931e-01 7.501635734426552e-01 0.000000000000000e+00
-2.706786036635720e-01 6.871540019454988e-01 0.000000000000000e+00
7.116820096547353e-01 1.527471775601775e-01 0.000000000000000e+00
7.603214157044373e-01 1.206436986555495e-01 0.000000000000000e+00
7.163083176935168e-01 9.060994691087904e-02 0.000000000000000e+00
7.000751674859012e-01 2.714959668163197e-01 0.000000000000000e+00
7.418274663326272e-01 2.508137861099218e-01 0.000000000000000e+00
-3.818855332820781e-01 7.522003889070249e-01 0.000000000000000e+00
-3.254237155876434e-01 7.667536249545771e-01 0.000000000000000e+00
-5.450495960959135e-01 6.493911476032275e-01 0.000000000000000e+00
-5.147237174339009e-01 6.998726147231713e-01 0.000000000000000e+00
-4.825045365159062e-01 6.416263157395663e-01 0.000000000000000e+00
-3.495064913247467e-02 -8.591469846076966e-01 0.000000000000000e+00
-6.939446743589230e-02 -8.144917916820466e-01 0.000000000000000e+00
-4.419096422136846e-02 -7.051344656188694e-01 0.000000000000000e+00
1.336089541050263e-02 -7.036632725397862e-01 0.000000000000000e+00
-1.760383311548586e-01 7.592881923270469e-01 0.000000000000000e+00
-2.198190067797368e-01 7.269395848890590e-01 0.000000000000000e+00
-6.101971000515177e-01 5.568304045610177e-01 0.000000000000000e+00
-6.594842224725932e-01 5.691120475285913e-01 0.000000000000000e+00
-6.347168519510040e-01 6.084164868113655e-01 0.000000000000000e+00
-7.171739073658480e-01 3.913200643028404e-01 0.000000000000000e+00
-6.778601097055970e-01 4.452508239684497e-01 0.000000000000000e+00
-6.565923945720562e-01 3.792768566956629e-01 0.000000000000000e+00
8.463863684263950e-01 -3.771899708289982e-02 0.000000000000000e+00
7.916443612775057e-01 -5.871521992758681e-02 0.000000000000000e+00
-8.290657988903405e-01 1.251270891747872e-01 0.000000000000000e+00
-8.237449949069650e-01 1.856386066913077e-01 0.000000000000000e+00
-7.838880841783525e-01 1.461301575986174e-01 0.000000000000000e+00
2.836158234669892e-02 7.832374852249198e-01 0.000000000000000e+00
7.259973383744222e-01 4.855595886362137e-01 0.000000000000000e+00
7.813812394944839e-01 4.667685587552726e-01 0.000000000000000e+00
7.330891722694568e-01 4.246110130451635e-01 0.000000000000000e+00
-2.751652194307209e-01 -8.616545225590170e-01 0.000000000000000e+00
-2.739313760200198e-01 -9.100187251786463e-01 0.000000000000000e+00
-5.904592326891160e-01 -3.066960159052332e-01 0.000000000000000e+00
-6.250659224586805e-01 6.914958792547649e-02 0.000000000000000e+00
-6.769219815072691e-01 9.838428873758964e-02 0.000000000000000e+00
-6.145532040866797e-01 1.217123642844921e-01 0.000000000000000e+00
-7.087470962301973e-01 1.802879668868388e-01 0.000000000000000e+00
-7.176945905464918e-01 2.283243345189626e-01 0.000000000000000e+00
-6.656402781296297e-01 2.064917483138274e-01 0.000000000000000e+00
9.452967355555842e-01 -1.601831904032394e-01 0.000000000000000e+00
2.156735049825021e-01 -8.697063050950310e-01 0.000000000000000e+00
1.927028714463557e-01 -9.290833298843485e-01 0.000000000000000e+00
3.705762220651859e-01 6.495123811912743e-01 0.000000000000000e+00
4.339818049727581e-01 6.426356040178792e-01 0.000000000000000e+00
3.906032120574153e-01 5.919937280541629e-01 0.000000000000000e+00
-3.553411796819542e-01 8.157911437491336e-01 0.000000000000000e+00
-2.909118457551910e-01 8.052479839893653e-01 0.000000000000000e+00
-7.050261058491825e-01 -4.503119644569167e-01 0.000000000000000e+00
-7.098385494949090e-01 -3.809396333208006e-01 0.000000000000000e+00
-6.993391142194388e-01 -5.090584657473110e-01 0.000000000000000e+00
-7.000088081944881e-01 -5.656597307697538e-01 0.000000000000000e+00
7.740288193056616e-01 -3.187232458704110e-01 0.000000000000000e+00
7.573582340724182e-01 -2.498632645236968e-01 0.000000000000000e+00
-6.558338103204580e-01 5.134136793489721e-01 0.000000000000000e+00
-7.782585017068530e-01 3.922972467581143e-01 0.000000000000000e+00
-8.013032409093039e-01 3.494458252802662e-01 0.000000000000000e+00
6.627886183193524e-01 6.446190812085295e-01 0.000000000000000e+00
6.473722299012318e-01 6.976628218083586e-01 0.000000000000000e+00
4.119653656443208e-01 7.108155056973564e-01 0.000000000000000e+00
3.660757953496068e-01 7.471023015952998e-01 0.000000000000000e+00
3.482775121710244e-01 8.389651608150637e-01 0.000000000000000e+00
7.106522294168499e-01 6.301928396581357e-01 0.000000000000000e+00
7.907639465505810e-01 -5.217997241172521e-01 0.000000000000000e+00
7.501756773422550e-01 -5.697626716517747e-01 0.000000000000000e+00
-3.793114503390845e-01 6.850739497237313e-01 0.000000000000000e+00
-3.760399004126760e-01 6.242310176585458e-01 0.000000000000000e+00
-4.226125040119035e-01 6.514120022028330e-01 0.000000000000000e+00
1.618638293969768e-01 -8.355731769300798e-01 0.000000000000000e+00
1.648786819093708e-01 -8.883707578318734e-01 0.000000000000000e+00
-8.299280793446014e-01 6.861497892337154e-02 0.000000000000000e+00
-9.162710626422583e-01 2.498119042534759e-01 0.000000000000000e+00
7.420803414530593e-01 2.010980660118867e-01 0.000000000000000e+00
7.855038516076863e-01 2.232711614189321e-01 0.000000000000000e+00
7.775877794740579e-01 1.693955719804920e-01 0.000000000000000e+00
-5.981674571330791e-01 -2.487905469065685e-01 0.000000000000000e+00
-6.403702397883605e-01 -2.848924534464835e-01 0.000000000000000e+00
5.117504771359679e-01 3.620310727408021e-01 0.000000000000000e+00
3.786582320684048e-01 3.640788759709421e-01 0.000000000000000e+00
4.046162290185236e-01 3.445707922016939e-01 0.000000000000000e+00
-5.884907629346928e-01 -6.675915200442756e-01 0.000000000000000e+00
-5.438066608431660e-01 -6.329235893818730e-01 0.000000000000000e+00
5.289510205784536e-01 -7.020409277136899e-01 0.000000000000000e+00
5.774823389280439e-01 -6.639274367175476e-01 0.000000000000000e+00
4.459679926191697e-01 -5.627367311712969e-01 0.000000000000000e+00
3.004656411726042e-01 -6.732497327066290e-01 0.000000000000000e+00
-5.700470046188737e-01 4.494519411036691e-01 0.000000000000000e+00
5.222857781913746e-01 -5.189963989690473e-01 0.000000000000000e+00
5.736797019308428e-01 -5.361413668999373e-01 0.000000000000000e+00
7.002738794444079e-01 -5.473999143381504e-01 0.000000000000000e+00
-4.365731770357963e-01 -7.626510835637831e-01 0.000000000000000e+00
-2.658239683894924e-01 -7.071667477287908e-01 0.000000000000000e+00
-2.854189618166331e-01 -7.649100350692789e-01 0.000000000000000e+00
-5.885808511255101e-01 -6.993532286020021e-02 0.000000000000000e+00
-6.028495626577338e-01 -1.086253395790288e-01 0.000000000000000e+00
-6.442731202831871e-01 -7.953087146791230e-02 0.000000000000000e+00
-7.057694081252520e-01 -6.203255522737177e-02 0.000000000000000e+00
-1.182226630773541e-01 7.616819050567187e-01 0.000000000000000e+00
-6.861979588029150e-02 7.408613657397098e-01 0.000000000000000e+00
9.248145571821380e-02 -5.435132167089504e-01 0.000000000000000e+00
5.473510356459860e-02 -5.626103692405071e-01 0.000000000000000e+00
6.884571783701803e-02 -5.228694609286363e-01 0.000000000000000e+00
-1.172185544585343e-01 -6.254248445418739e-01 0.000000000000000e+00
-7.115752449443564e-02 -5.935455860103981e-01 0.000000000000000e+00
-5.797151931378636e-02 -6.430057165442212e-01 0.000000000000000e+00
5.956323837109599e-01 1.821686759761630e-01 0.000000000000000e+00
6.407009452421482e-01 1.699394016004989e-01 0.000000000000000e+00
5.205980196851731e-01 9.631594730670136e-02 0.000000000000000e+00
1.916907627471786e-01 6.663191419398745e-01 0.000000000000000e+00
2.282622614902696e-01 7.063285020366069e-01 0.000000000000000e+00
-5.963350124138793e-01 -6.131226853505348e-01 0.000000000000000e+00
-4.929852517667624e-01 -7.913063590955256e-01 0.000000000000000e+00
2.082714382691238e-01 7.526680398248204e-01 0.000000000000000e+00
4.707053338596250e-01 3.779543264406395e-01 0.000000000000000e+00
6.843271915513115e-01 4.511864294125522e-01 0.000000000000000e+00
4.321881496071421e-01 -4.988768119371950e-01 0.000000000000000e+00
4.810890272139420e-01 -5.268275382334441e-01 0.000000000000000e+00
6.821646004352950e-01 -1.133929773587470e-01 0.000000000000000e+00
-1.057682711875757e-01 -7.235788655500929e-01 0.000000000000000e+00
-1.231857068287192e-01 -7.885229765206992e-01 0.000000000000000e+00
-5.075262167316619e-01 -5.172149874170736e-01 0.000000000000000e+00
-4.911633727418742e-01 -4.350447058665853e-01 0.000000000000000e+00
-6.014783640560619e-01 -4.958504836858814e-01 0.000000000000000e+00
-4.452937237217885e-01 7.075587118762697e-01 0.000000000000000e+00
-3.243417119350350e-01 6.535465929461215e-01 0.000000000000000e+00
3.482374005916739e-01 -7.013521348447717e-01 0.000000000000000e+00
-3.248721388088938e-01 -7.148295276233101e-01 0.000000000000000e+00
-3.495871443723501e-01 -6.560501592467155e-01 0.000000000000000e+00
-1.094311824505169e-01 8.341841970126647e-01 0.000000000000000e+00
1.050777508709195e-01 8.509734330374250e-01 0.000000000000000e+00
8.907722744928209e-02 7.941736047226062e-01 0.000000000000000e+00
5.693128750347581e-02 8.303525260233080e-01 0.000000000000000e+00
-5.262843157307502e-01 6.054374020027922e-01 0.000000000000000e+00
-6.837713414565026e-01 -3.180314742427823e-01 0.000000000000000e+00
-7.542236175838816e-01 -1.472733821338527e-01 0.000000000000000e+00
-8.130147187261921e-01 -1.651811047758369e-01 0.000000000000000e+00
2.455742047043684e-01 -7.669471894921628e-01 0.000000000000000e+00
2.610495888327771e-01 -8.288623751543274e-01 0.000000000000000e+00
2.114344878109462e-01 -8.156867447831485e-01 0.000000000000000e+00
2.642157475336382e-02 -8.349808667208684e-01 0.000000000000000e+00
-6.004336383322292e-01 3.561674999731504e-01 0.000000000000000e+00
6.194640768383404e-01 6.942136708601160e-02 0.000000000000000e+00
6.462325945596418e-01 1.112859953858212e-01 0.000000000000000e+00
6.670955037621689e-01 5.500233856391439e-02 0.000000000000000e+00
8.287331251069956e-01 1.261941950428773e-01 0.000000000000000e+00
8.236998887347257e-01 1.922353323297807e-01 0.000000000000000e+00
4.774738731667017e-01 4.706362112088642e-01 0.000000000000000e+00
-4.993250125481291e-01 -5.902126405196433e-01 0.000000000000000e+00
5.264645388007552e-01 2.282201478685310e-02 0.000000000000000e+00
5.390795862995208e-01 -2.479764519213295e-04 0.000000000000000e+00
6.813490838769557e-01 -5.823935156955649e-02 0.000000000000000e+00
6.335103615588792e-01 -8.828169388664438e-02 0.000000000000000e+00
4.061600981278601e-01 -4.492326499387289e-01 0.000000000000000e+00
-5.026862199030924e-01 2.528444932120403e-01 0.000000000000000e+00
-4.999777161811063e-01 2.900558680647222e-01 0.000000000000000e+00
-4.681151496970273e-01 2.604977747100913e-01 0.000000000000000e+00
4.695531398633306e-01 -2.463231444498992e-01 0.000000000000000e+00
4.715278913163061e-01 -2.801961751345006e-01 0.000000000000000e+00
4.486703812439393e-01 -2.655888240195695e-01 0.000000000000000e+00
-7.736175171796528e-01 -2.069712704058120e-01 0.000000000000000e+00
-8.294563403448557e-01 -2.282450982954961e-01 0.000000000000000e+00
-2.105600946781555e-01 -9.318614551475912e-01 0.000000000000000e+00
-1.488924660850991e-01 -9.018357023348044e-01 0.000000000000000e+00
-1.553358527328266e-01 -9.518928288240065e-01 0.000000000000000e+00
-3.598847852234200e-01 8.787044082222116e-01 0.000000000000000e+00
-4.234321785781722e-01 3.066649120549920e-01 0.000000000000000e+00
-1.105848811077989e-01 -5.364612442557348e-01 0.000000000000000e+00
2.810511424661123e-01 -4.531356229087176e-01 0.000000000000000e+00
8.177570442131106e-01 -2.715659867870245e-01 0.000000000000000e+00
8.630360363972720e-01 -2.377323739536071e-01 0.000000000000000e+00
-1.900562981404016e-01 -4.944085142979258e-01 0.000000000000000e+00
4.020141419148027e-01 -6.988419288636690e-01 0.000000000000000e+00
4.374746708376533e-01 -7.419418986815799e-01 0.000000000000000e+00
8.826723104888601e-01 7.862823630112283e-02 0.000000000000000e+00
-5.777020515242339e-01 6.038016512741973e-01 0.000000000000000e+00
-4.019032463839587e-01 -8.086093639921756e-01 0.000000000000000e+00
-4.538034655724321e-01 -8.271278780642590e-01 0.000000000000000e+00
5.134415629832445e-01 -1.319331674137471e-01 0.000000000000000e+00
-6.929340457075220e-02 8.928088971323790e-01 0.000000000000000e+00
-9.124120171367926e-02 9.463705913557400e-01 0.000000000000000e+00
-4.021162424743184e-01 -3.468547187589919e-01 0.000000000000000e+00
-4.348247420420081e-01 -3.534365983102893e-01 0.000000000000000e+00
-4.265669244961077e-01 -3.197647550522316e-01 0.000000000000000e+00
-2.925136654067078e-01 -4.389406549490636e-01 0.000000000000000e+00
6.646807161832771e-01 5.004694173237085e-01 0.000000000000000e+00
7.150468329596578e-01 5.325700050855493e-01 0.000000000000000e+00
8.239034594308818e-01 4.896598852819324e-01 0.000000000000000e+00
3.354978225891364e-01 4.021252168654256e-01 0.000000000000000e+00
3.673136022294583e-01 4.006406494026796e-01 0.000000000000000e+00
3.544788988340995e-01 3.781968618833410e-01 0.000000000000000e+00
-9.459663036677941e-02 -6.758023740802885e-01 0.000000000000000e+00
-2.570679823198811e-01 5.011139006125593e-01 0.000000000000000e+00
5.251261774048075e-01 2.482848408882068e-01 0.000000000000000e+00
5.686771151971237e-01 2.119380490067058e-01 0.000000000000000e+00
5.261192694084063e-01 1.984991392660599e-01 0.000000000000000e+00
3.043826557381507e-01 8.184645649557896e-01 0.000000000000000e+00
2.475500464042623e-01 8.561269010295904e-01 0.000000000000000e+00
-6.794389638112819e-03 5.212560996305770e-01 0.000000000000000e+00
-5.406171212731490e-01 3.303290881241499e-01 0.000000000000000e+00
5.603314775243441e-01 2.325548880638210e-02 0.000000000000000e+00
6.434336769932881e-01 -5.226733853282304e-01 0.000000000000000e+00
7.031980482686168e-01 -4.850828612866773e-01 0.000000000000000e+00
-7.522557560953251e-01 3.435639364724089e-01 0.000000000000000e+00
-5.391282700021792e-01 -1.112807728784342e-02 0.000000000000000e+00
-5.221699814412324e-01 9.304812759128263e-03 0.000000000000000e+00
-8.908505539185642e-01 3.448101328033851e-02 0.000000000000000e+00
-6.504241615230431e-01 -5.334524747122085e-01 0.000000000000000e+00
-6.479816998712713e-01 -5.922912124317392e-01 0.000000000000000e+00
8.535828951426958e-01 -1.745968293101398e-01 0.000000000000000e+00
-7.299201745705981e-01 1.346947955998284e-01 0.000000000000000e+00
-7.578831793709609e-01 1.857807978944296e-01 0.000000000000000e+00
-6.218192537131659e-01 4.645841619522528e-01 0.000000000000000e+00
-8.487206416995333e-01 -1.208905092332570e-01 0.000000000000000e+00
-6.065082891851029e-01 6.519367483034401e-01 0.000000000000000e+00
1.779029384380462e-01 4.992342871202550e-01 0.000000000000000e+00
6.175065363158778e-01 5.979163776595564e-01 0.000000000000000e+00
5.591175551800203e-01 6.157479420600728e-01 0.000000000000000e+00
6.044709155769715e-01 6.617116485959182e-01 0.000000000000000e+00
8.102239310567485e-01 -3.614277376216781e-01 0.000000000000000e+00
5.209842086997756e-01 -9.636870615721661e-02 0.000000000000000e+00
2.175473180774856e-01 9.093491234017921e-01 0.000000000000000e+00
-3.782674988484705e-01 -3.781576137705323e-01 0.000000000000000e+00
-8.843866474345008e-01 -2.959770896173442e-02 0.000000000000000e+00
-8.823184543256800e-01 -2.452412387424672e-01 0.000000000000000e+00
-3.573854456836070e-01 -7.733067249106904e-01 0.000000000000000e+00
4.710041691284633e-01 -7.829621373270826e-01 0.000000000000000e+00
4.978837403107045e-01 -8.211741393749306e-01 0.000000000000000e+00
3.691325277708149e-01 -8.750891333824062e-01 0.000000000000000e+00
3.148984843438665e-01 -8.490368894850900e-01 0.000000000000000e+00
-1.339057808981777e-01 8.987129053404541e-01 0.000000000000000e+00
-9.870714092769198e-02 -9.507230254440970e-01 0.000000000000000e+00
-1.037243118225841e-01 -8.514646524365447e-01 0.000000000000000e+00
-7.576309720709307e-02 -9.062865594440593e-01 0.000000000000000e+00
1.182270018431530e-01 9.075337092662821e-01 0.000000000000000e+00
1.215237074210112e-01 9.545529309401461e-01 0.000000000000000e+00
5.483530131655300e-02 5.291405923403243e-01 0.000000000000000e+00
6.770679430360431e-01 5.741516054073044e-01 0.000000000000000e+00
-4.502079196208303e-01 3.181274511532227e-01 0.000000000000000e+00
-5.129504560243243e-01 1.737971856510810e-01 0.000000000000000e+00
-5.060211440552230e-01 1.417602341716517e-01 0.000000000000000e+00
-5.365113153729959e-01 1.474013799740920e-01 0.000000000000000e+00
-2.627896543693211e-01 8.445418095885562e-01 0.000000000000000e+00
-8.446165167884774e-01 -2.913676250123551e-01 0.000000000000000e+00
8.284964506167460e-01 -3.234273369786121e-01 0.000000000000000e+00
-3.478063962144577e-01 -3.929542670973255e-01 0.000000000000000e+00
2.814031850905367e-01 4.437349776736491e-01 0.000000000000000e+00
2.671105568160949e-01 4.703114649662608e-01 0.000000000000000e+00
4.895348442294187e-01 -7.364148368819536e-01 0.000000000000000e+00
3.701817308196930e-01 -3.804426771947723e-01 0.000000000000000e+00
-1.459582775640242e-01 5.450147739470673e-01 0.000000000000000e+00
-1.711661956380466e-01 5.179533591477089e-01 0.000000000000000e+00
4.351877527557050e-01 3.041508867550300e-01 0.000000000000000e+00
-1.614652348744441e-01 -5.011544704815670e-01 0.000000000000000e+00
-7.441390514777240e-01 -4.867401143611335e-01 0.000000000000000e+00
-4.543770287090506e-02 -5.305484222626301e-01 0.000000000000000e+00
-4.423695224265136e-01 2.856213051968359e-01 0.000000000000000e+00
-8.022803223220858e-01 4.333212646325962e-01 0.000000000000000e+00
4.930848642781373e-01 1.846050690583525e-01 0.000000000000000e+00
-5.208501070213555e-01 1.091240715757884e-01 0.000000000000000e+00
3.083819856597391e-01 4.268974747305142e-01 0.000000000000000e+00
-3.295138663373864e-02 5.288820783469624e-01 0.000000000000000e+00
-6.093196916670504e-02 5.353121963438496e-01 0.000000000000000e+00
5.317839141937786e-01 5.643199452083560e-02 0.000000000000000e+00
4.756927252272870e-01 2.384160235115607e-01 0.000000000000000e+00
2.854998194609727e-01 5.065807506684984e-01 0.000000000000000e+00
-2.545080751384053e-01 -4.776631125636160e-01 0.000000000000000e+00
2.589811790817103e-01 -4.691466555069269e-01 0.000000000000000e+00
-4.971635604053143e-01 -1.648668647199988e-01 0.000000000000000e+00
4.245746886005862e-01 -3.655591575679106e-01 0.000000000000000e+00
4.627556907836695e-01 -3.760028007206534e-01 0.000000000000000e+00
-3.305013633896879e-01 4.665936632086415e-01 0.000000000000000e+00
-3.309866614377714e-01 4.303029000029838e-01 0.000000000000000e+00
-1.895253990600142e-01 5.503550349642157e-01 0.000000000000000e+00
-1.551450366793166e-01 5.839753423621521e-01 0.000000000000000e+00
-1.562395477466428e-01 4.950032559085928e-01 0.000000000000000e+00
5.328049143833158e-01 -2.818619220088505e-02 0.000000000000000e+00
-3.285226431173228e-01 -4.209458094709585e-01 0.000000000000000e+00
-5.157897224137257e-01 7.341428507332064e-02 0.000000000000000e+00
-5.282323707809338e-01 4.169873931310432e-02 0.000000000000000e+00
-1.396286419574621e-01 -5.490089882503398e-01 0.000000000000000e+00
1.406897499458074e-01 -5.048682467595139e-01 0.000000000000000e+00
1.050917919536393e-01 -5.157745062055522e-01 0.000000000000000e+00
-2.973386167740352e-01 4.377057086024783e-01 0.000000000000000e+00
-5.299557186286626e-01 -4.309838998812852e-02 0.000000000000000e+00
-5.543415561563139e-01 -6.610466992078809e-02 0.000000000000000e+00
-5.657725702005332e-01 -3.588866914426352e-02 0.000000000000000e+00
-4.797497606776084e-01 -2.191166858872061e-01 0.000000000000000e+00
-4.520757572935705e-01 3.475095466605255e-01 0.000000000000000e+00
2.076995676387973e-01 5.276537063542428e-01 0.000000000000000e+00
4.014216440798755e-01 -3.842893523823211e-01 0.000000000000000e+00
-1.209539392568567e-01 5.673219665819639e-01 0.000000000000000e+00
-1.080825410527969e-01 6.020998810478487e-01 0.000000000000000e+00
-8.233780287095585e-02 5.630764089096268e-01 0.000000000000000e+00
1.689743192451496e-01 5.290604962100347e-01 0.000000000000000e+00
1.704908811594496e-01 -4.908532948035716e-01 0.000000000000000e+00
-1.132460381171898e-01 5.424434266431242e-01 0.000000000000000e+00
4.957151605062970e-01 2.161661458420572e-01 0.000000000000000e+00
-1.781486996513590e-01 -5.370926487081642e-01 0.000000000000000e+00
4.641870198504608e-01 3.339158401087486e-01 0.000000000000000e+00
4.281727717915186e-01 3.293663413180793e-01 0.000000000000000e+00
2.081045143022112e-02 5.274047079996723e-01 0.000000000000000e+00
3.333285477798341e-02 5.622338880654346e-01 0.000000000000000e+00
5.549540930347943e-01 -8.480037601133697e-02 0.000000000000000e+00
5.553959629052587e-01 -5.213553514006009e-02 0.000000000000000e+00
5.897671366915309e-01 -6.640487207356881e-02 0.000000000000000e+00
6.157359367699400e-01 2.075820331412282e-02 0.000000000000000e+00
5.757970007891888e-01 -1.913119365195681e-02 0.000000000000000e+00
-2.923114487291882e-01 -5.390922969324766e-01 0.000000000000000e+00
-2.794939212330703e-01 -5.011471072345302e-01 0.000000000000000e+00
-2.130244410094004e-01 -5.181625230246125e-01 0.000000000000000e+00
-5.181093157224307e-01 -1.432569984857293e-01 0.000000000000000e+00
-7.791292631080061e-02 -5.527394811139659e-01 0.000000000000000e+00
-1.116344153800205e-01 -5.734381196235039e-01 0.000000000000000e+00
-4.193526248529453e-03 5.507722990868618e-01 0.000000000000000e+00
4.611432803256225e-01 2.898412338420974e-01 0.000000000000000e+00
3.050486581950957e-01 5.478420299225035e-01 0.000000000000000e+00
3.097574973601622e-01 4.664804698217808e-01 0.000000000000000e+00
-5.470600684294942e-01 7.752034930243723e-02 0.000000000000000e+00
-5.836270291666673e-01 8.473461581672728e-02 0.000000000000000e+00
-5.631528431958237e-01 1.161248629789294e-01 0.000000000000000e+00
-5.451341577943968e-02 6.055321772690246e-01 0.000000000000000e+00
-2.121635322408490e-02 -6.021430225453479e-01 0.000000000000000e+00
-4.735998553186025e-02 -5.685224213180512e-01 0.000000000000000e+00
-2.495071699593596e-01 -5.187590632220628e-01 0.000000000000000e+00
3.667500888734691e-01 -4.366126217945329e-01 0.000000000000000e+00
3.581849549657519e-01 -4.041720507608863e-01 0.000000000000000e+00
3.881229538600044e-01 -4.109403576286625e-01 0.000000000000000e+00
3.766486331040854e-01 -4.815295641587616e-01 0.000000000000000e+00
3.387902076827688e-01 -4.565470768545237e-01 0.000000000000000e+00
-3.967820717699903e-01 -4.544261946772513e-01 0.000000000000000e+00
-3.233956452708880e-01 -4.595646176575774e-01 0.000000000000000e+00
-4.848802136984150e-01 3.330193768495741e-01 0.000000000000000e+00
-3.013033291702594e-01 4.987930215170281e-01 0.000000000000000e+00
-3.469657053272558e-01 5.237315731048857e-01 0.000000000000000e+00
-2.888837991811555e-01 5.374673996608934e-01 0.000000000000000e+00
1.705182764684252e-01 5.703271437659891e-01 0.000000000000000e+00
-5.770331481158870e-01 1.578175939493628e-01 0.000000000000000e+00
-5.846824359705561e-01 1.969123017215146e-01 0.000000000000000e+00
-5.479601307847350e-01 1.883153108310432e-01 0.000000000000000e+00
-6.152088431506318e-01 2.288573134059152e-01 0.000000000000000e+00
2.411515027630137e-01 -6.312687616480440e-01 0.000000000000000e+00
1.971505141901486e-01 -5.954849456595455e-01 0.000000000000000e+00
2.326494516755858e-01 -5.710228082185740e-01 0.000000000000000e+00
1.855613479011578e-01 -5.556739897777196e-01 0.000000000000000e+00
7.380173748918897e-02 5.594862199481331e-01 0.000000000000000e+00
1.118427498902494e-01 5.875292728112526e-01 0.000000000000000e+00
1.337135546354314e-01 5.608306834208240e-01 0.000000000000000e+00
-3.778316757380351e-02 5.647470223378005e-01 0.000000000000000e+00
5.887774150096713e-01 -1.097802592715963e-01 0.000000000000000e+00
4.699558258228099e-01 -3.100463377845304e-01 0.000000000000000e+00
4.024107528467072e-01 5.447421074107758e-01 0.000000000000000e+00
4.363255249341969e-01 5.131435655982448e-01 0.000000000000000e+00
3.448089470337291e-01 4.343560505017566e-01 0.000000000000000e+00
4.891710385911646e-01 -3.405344916558818e-01 0.000000000000000e+00
-5.302319000800121e-01 -3.272826077335086e-01 0.000000000000000e+00
-5.518008606617859e-01 -2.682869541253630e-01 0.000000000000000e+00
-6.988876092101636e-01 -1.213542260209929e-01 0.000000000000000e+00
-6.400403188267623e-01 -1.493846688264507e-01 0.000000000000000e+00
-5.760810662372922e-01 1.127162707974663e-03 0.000000000000000e+00
-5.480218521738766e-01 1.708990141143404e-02 0.000000000000000e+00
-5.744975724077453e-01 4.444686956480639e-02 0.000000000000000e+00
-4.698896930530150e-01 -3.351031301781267e-01 0.000000000000000e+00
-4.973371419899855e-01 -3.741657023597005e-01 0.000000000000000e+00
-4.851101679838046e-01 -2.974630815787551e-01 0.000000000000000e+00
-1.960538779130025e-01 -5.807872440494620e-01 0.000000000000000e+00
-1.533039639510917e-01 -5.834485735687109e-01 0.000000000000000e+00
-1.701594842462264e-01 -8.385039000299618e-01 0.000000000000000e+00
-2.374935754662389e-01 5.460061516851914e-01 0.000000000000000e+00
-2.115186350921514e-01 5.135885416779691e-01 0.000000000000000e+00
4.667870949626289e-01 7.587538447709302e-01 0.000000000000000e+00
4.805975769730420e-01 6.948158357861953e-01 0.000000000000000e+00
4.984092425201126e-01 6.309544884366560e-01 0.000000000000000e+00
-6.938192146963241e-01 3.336258518462880e-01 0.000000000000000e+00
-8.496235908791500e-01 2.552086222157139e-01 0.000000000000000e+00
-4.179047860386785e-01 -3.826400415136446e-01 0.000000000000000e+00
-4.354021793724637e-01 -4.245659734930316e-01 0.000000000000000e+00
-4.576460641479210e-01 -3.828203460484518e-01 0.000000000000000e+00
5.008441794963879e-01 -2.625911546909444e-01 0.000000000000000e+00
5.009260902379071e-01 -3.022957241903563e-01 0.000000000000000e+00
1.195868368161546e-01 -6.269361473355848e-01 0.000000000000000e+00
7.618233735226584e-02 -6.104200359780740e-01 0.000000000000000e+00
1.275456395375522e-02 -5.757153172643623e-01 0.000000000000000e+00
5.077287959062146e-01 3.058928085737328e-01 0.000000000000000e+00
4.847461250287559e-01 2.692205341327442e-01 0.000000000000000e+00
-7.896822282211540e-01 -2.712620826359643e-01 0.000000000000000e+00
5.586156584715991e-01 2.928556457388984e-01 0.000000000000000e+00
1.705647696162441e-01 9.343659019537568e-01 0.000000000000000e+00
-9.115032428548771e-03 8.908089178605738e-01 0.000000000000000e+00
1.192437880281785e-02 8.409491551550473e-01 0.000000000000000e+00
5.469751981919725e-02 8.887042291793805e-01 0.000000000000000e+00
5.874808090168470e-01 4.829332146949405e-01 0.000000000000000e+00
6.239502156504880e-01 5.414093334845290e-01 0.000000000000000e+00
5.521502410417890e-01 8.814774041762399e-02 0.000000000000000e+00
-3.225379346553220e-01 5.863028981036036e-01 0.000000000000000e+00
6.281576323465419e-01 -1.466387210108419e-01 0.000000000000000e+00
5.849015287635795e-01 -1.850086463243234e-01 0.000000000000000e+00
5.790108992176101e-01 -1.445976460628970e-01 0.000000000000000e+00
5.438473053855227e-01 -1.591817762601733e-01 0.000000000000000e+00
5.317723589064599e-01 -2.022213767020923e-01 0.000000000000000e+00
2.882905029958260e-01 -4.937022114134885e-01 0.000000000000000e+00
2.648065070715609e-01 -5.354542039381431e-01 0.000000000000000e+00
2.187400121082753e-01 -5.270664988007585e-01 0.000000000000000e+00
2.453381290089929e-01 -4.967102079748242e-01 0.000000000000000e+00
3.352112423455981e-01 -4.969311983391764e-01 0.000000000000000e+00
3.101692623741049e-01 -4.669950465030323e-01 0.000000000000000e+00
3.057619968146781e-01 -6.251655407665052e-01 0.000000000000000e+00
3.605444660735430e-01 -6.477885081279291e-01 0.000000000000000e+00
7.744498122337349e-01 7.268696046746924e-02 0.000000000000000e+00
5.988898043177981e-01 -4.783785009280562e-01 0.000000000000000e+00
6.636016976360247e-01 -5.863206391374777e-01 0.000000000000000e+00
1.423368562481665e-01 -6.839434970873930e-01 0.000000000000000e+00
1.742902035010690e-01 -6.316135075450912e-01 0.000000000000000e+00
3.342383442106228e-01 5.953263758704390e-01 0.000000000000000e+00
3.094303960211785e-01 6.499963012172225e-01 0.000000000000000e+00
3.423127032436766e-01 7.044742839223379e-01 0.000000000000000e+00
5.730150737003953e-01 5.515760523371354e-01 0.000000000000000e+00
-4.847006575065629e-01 -6.565336337472025e-01 0.000000000000000e+00
-4.466520543452813e-01 -4.818079655920914e-01 0.000000000000000e+00
-6.525770631590692e-01 -4.713407818424087e-01 0.000000000000000e+00
1.515378055560491e-01 6.283176615741239e-01 0.000000000000000e+00
-5.614148710713699e-01 -2.235836058162769e-01 0.000000000000000e+00
-6.688646135541696e-01 1.526372805691019e-01 0.000000000000000e+00
-5.947548942637900e-01 -1.940808363483640e-01 0.000000000000000e+00
-6.455618736114753e-01 -2.220001760811383e-01 0.000000000000000e+00
-6.101688865200480e-01 -3.016429059488278e-02 0.000000000000000e+00
-3.802337066369519e-01 5.698566965711851e-01 0.000000000000000e+00
-4.272020948977590e-01 5.991939664038007e-01 0.000000000000000e+00
7.440002067765193e-01 -1.873112742130192e-01 0.000000000000000e+00
-5.578557504511126e-01 3.936108661378487e-01 0.000000000000000e+00
-7.495743292015534e-01 4.420505112810613e-01 0.000000000000000e+00
5.605075815894935e-01 3.414587189245809e-01 0.000000000000000e+00
6.809085339479604e-01 3.136644296488215e-01 0.000000000000000e+00
6.862345334886735e-01 2.173483304364469e-01 0.000000000000000e+00
6.212990639525202e-01 2.166088592415421e-01 0.000000000000000e+00
1.423358370586069e-01 6.823566511655166e-01 0.000000000000000e+00
-4.032024121381199e-01 4.082014235166955e-01 0.000000000000000e+00
6.578541473503187e-01 3.564215139857277e-01 0.000000000000000e+00
7.436029223390017e-01 -5.147534722635665e-01 0.000000000000000e+00
5.485240110316327e-01 -4.770538221212152e-01 0.000000000000000e+00
5.803125858409649e-01 -2.443420008605388e-01 0.000000000000000e+00
6.593285387744607e-01 -3.289759379226756e-01 0.000000000000000e+00
7.244840685980030e-01 3.263903252065507e-02 0.000000000000000e+00
5.771399758667346e-01 5.980721401680617e-02 0.000000000000000e+00
5.896531747359992e-01 9.995752778954685e-02 0.000000000000000e+00
-2.227202634586159e-01 -5.525910167679248e-01 0.000000000000000e+00
6.299581290109804e-01 -3.597511560572628e-02 0.000000000000000e+00
6.748290398282828e-01 -2.324057571071592e-03 0.000000000000000e+00
4.350935849326204e-01 3.654585470973039e-01 0.000000000000000e+00
-4.529946538685820e-01 -6.026644910453042e-01 0.000000000000000e+00
-6.134571215166669e-01 4.164963101295509e-01 0.000000000000000e+00
-3.002520365802913e-01 -6.661827290815929e-01 0.000000000000000e+00
7.902583703151944e-01 4.202993283468101e-01 0.000000000000000e+00
9.749103155939903e-02 6.429169748432033e-01 0.000000000000000e+00
1.806050209679218e-01 7.123064504779576e-01 0.000000000000000e+00
-2.196224345714893e-01 -8.774443841438855e-01 0.000000000000000e+00
7.329730182889087e-01 -2.831351302172251e-02 0.000000000000000e+00
-6.209970871679257e-01 1.774047670407023e-01 0.000000000000000e+00
-1.007641786282129e-01 7.004814896334213e-01 0.000000000000000e+00
-6.026594437729003e-02 -7.653013343526259e-01 0.000000000000000e+00
-2.374476389964578e-01 -8.148067962927733e-01 0.000000000000000e+00
-1.816299985034712e-01 -7.879428888905663e-01 0.000000000000000e+00
-2.417648153930969e-02 7.571476105525646e-01 0.000000000000000e+00
3.577066500571702e-01 5.471928659554015e-01 0.000000000000000e+00
5.493706145827350e-01 -1.223788274475499e-01 0.000000000000000e+00
4.507399372540878e-01 5.749114658597672e-01 0.000000000000000e+00
4.902445301722484e-01 -4.756980948983183e-01 0.000000000000000e+00
-4.109592105433461e-01 8.001459433311835e-01 0.000000000000000e+00
2.837740510011718e-01 -5.823264520523257e-01 0.000000000000000e+00
1.764207934777107e-01 -5.169879022480328e-01 0.000000000000000e+00
-5.133391162513172e-01 3.728992042317441e-01 0.000000000000000e+00
-8.987813362929996e-01 -3.095948698487979e-01 0.000000000000000e+00
8.027210459117216e-01 -2.104481208540811e-01 0.000000000000000e+00
-8.800668567018914e-01 -8.293019793549801e-02 0.000000000000000e+00
2.704908854677734e-01 -8.731974503567953e-01 0.000000000000000e+00
-3.561467084218361e-01 -4.469249299654057e-01 0.000000000000000e+00
-3.997071808925968e-01 -4.118015097387727e-01 0.000000000000000e+00
5.289489297959282e-01 -2.437708890244816e-01 0.000000000000000e+00
4.028597684104510e-01 3.873915976892969e-01 0.000000000000000e+00
-5.065444373969720e-01 -2.708612754769632e-01 0.000000000000000e+00
4.660181705411671e-01 -6.854446676437049e-01 0.000000000000000e+00
-2.871408693545484e-01 -4.704516279177111e-01 0.000000000000000e+00
-4.690102465266062e-01 2.970591206372502e-01 0.000000000000000e+00
-5.194037988566218e-01 2.195831761700298e-01 0.000000000000000e+00
-4.876658998945174e-01 -2.444972213796424e-01 0.000000000000000e+00
-3.684873524662790e-01 -4.173697706952826e-01 0.000000000000000e+00
4.964202606592428e-01 -2.257288286271363e-01 0.000000000000000e+00
1898
695 996 198 0
695 198 659 0
951 220 950 0
221 951 1038 0
791 793 891 0
891 793 889 0
752 701 815 0
752 815 995 0
1038 951 1029 0
53 312 52 0
312 311 1036 0
869 423 905 0
423 422 436 0
503 766 571 0
503 571 445 0
1031 311 916 0
916 311 439 0
916 439 914 0
1035 346 347 0
1035 347 791 0
1035 791 891 0
540 877 881 0
540 881 541 0
541 881 957 0
1038 1029 930 0
1038 930 709 0
709 930 710 0
740 905 741 0
741 905 436 0
702 859 828 0
828 859 856 0
1016 855 901 0
1016 730 772 0
338 1022 356 0
338 840 884 0
320 133 319 0
133 320 132 0
981 693 1002 0
981 1022 751 0
506 505 682 0
506 682 786 0
222 990 754 0
222 754 466 0
615 789 610 0
610 789 768 0
765 485 314 0
485 1025 775 0
271 672 1013 0
271 1013 269 0
441 318 975 0
975 318 973 0
975 973 628 0
994 188 1008 0
492 494 956 0
492 956 880 0
598 597 1017 0
629 976 628 0
230 241 242 0
840 533 790 0
840 790 884 0
1036 1031 317 0
1030 632 631 0
1030 631 741 0
876 818 530 0
876 530 862 0
248 955 249 0
249 955 954 0
849 745 747 0
820 863 49 0
820 316 318 0
1035 706 346 0
194 193 810 0
193 5 6 0
822 821 429 0
822 464 463 0
746 658 200 0
746 529 986 0
317 973 318 0
494 493 1020 0
998 859 858 0
998 704 857 0
639 1002 764 0
1002 574 573 0
1010 651 523 0
1010 380 650 0
440 303 302 0
303 128 129 0
349 147 148 0
349 357 146 0
444 144 145 0
444 344 143 0
471 667 583 0
667 737 581 0
787 159 939 0
787 476 158 0
535 569 534 0
535 764 607 0
783 716 715 0
716 115 714 0
152 368 717 0
152 717 151 0
681 650 385 0
681 385 384 0
768 944 968 0
768 968 769 0
781 780 247 0
247 780 107 0
1008 999 994 0
994 999 696 0
940 731 378 0
378 731 732 0
778 490 779 0
779 490 104 0
1023 776 795 0
304 1023 130 0
585 1007 714 0
585 714 116 0
565 657 517 0
517 657 874 0
402 507 403 0
403 507 163 0
892 890 1009 0
892 1009 592 0
432 184 183 0
980 449 211 0
866 813 900 0
900 813 814 0
900 814 845 0
1037 829 1027 0
1027 829 883 0
883 829 736 0
988 446 337 0
364 988 358 0
995 815 945 0
995 945 996 0
799 869 798 0
798 869 812 0
819 955 248 0
955 819 952 0
952 819 720 0
833 847 1021 0
833 1021 259 0
72 833 71 0
708 707 1034 0
708 1034 808 0
654 653 437 0
437 653 268 0
541 957 720 0
318 863 820 0
323 322 837 0
836 838 756 0
35 532 446 0
532 533 337 0
711 83 709 0
83 711 82 0
701 2 815 0
757 912 831 0
912 757 756 0
221 1038 84 0
810 849 747 0
810 6 7 0
820 51 316 0
839 1036 317 0
63 805 723 0
805 277 850 0
833 259 834 0
830 870 811 0
830 44 831 0
293 1033 736 0
1033 293 818 0
742 13 740 0
742 631 12 0
75 76 720 0
427 429 821 0
427 81 428 0
895 894 896 0
895 1020 893 0
858 694 696 0
292 291 281 0
292 124 290 0
410 415 411 0
410 166 416 0
739 582 433 0
582 739 204 0
308 712 309 0
712 308 937 0
561 361 676 0
561 355 350 0
219 218 217 0
218 96 97 0
354 353 501 0
354 356 352 0
963 537 539 0
537 893 538 0
489 103 490 0
103 489 102 0
279 121 122 0
279 664 120 0
203 1004 205 0
203 202 583 0
593 430 182 0
593 93 208 0
1011 671 565 0
1011 564 672 0
571 570 445 0
571 727 569 0
623 330 332 0
623 488 577 0
146 503 145 0
503 357 766 0
568 567 380 0
568 551 383 0
334 443 624 0
443 137 138 0
635 800 1032 0
635 491 490 0
158 159 787 0
476 379 157 0
967 596 966 0
967 613 612 0
576 209 211 0
576 188 575 0
502 979 501 0
502 685 562 0
783 785 438 0
785 783 715 0
39 346 708 0
827 803 386 0
827 28 377 0
366 835 32 0
366 365 824 0
709 84 1038 0
84 709 83 0
813 24 25 0
24 813 750 0
323 48 321 0
77 541 76 0
847 249 1021 0
249 847 73 0
65 278 64 0
278 719 277 0
414 413 17 0
413 799 16 0
801 878 78 0
801 842 879 0
831 912 913 0
831 44 45 0
375 31 835 0
375 374 30 0
540 78 878 0
78 540 77 0
268 267 68 0
267 807 67 0
828 89 1 0
89 828 548 0
718 37 808 0
37 718 36 0
544 543 21 0
543 400 20 0
811 870 872 0
811 43 830 0
192 194 199 0
192 5 193 0
829 58 59 0
58 829 797 0
220 730 950 0
836 47 323 0
47 836 46 0
1030 1000 632 0
12 13 742 0
853 750 866 0
853 788 22 0
852 804 10 0
804 867 9 0
1 2 701 0
740 812 905 0
791 41 792 0
41 347 40 0
11 12 631 0
632 852 10 0
427 821 234 0
80 81 427 0
248 74 75 0
654 70 834 0
767 846 841 0
767 18 19 0
834 652 654 0
652 834 259 0
788 854 897 0
22 23 853 0
736 1033 883 0
736 59 60 0
72 73 847 0
42 43 811 0
848 387 386 0
387 848 845 0
1028 927 774 0
927 734 733 0
1037 1028 774 0
1037 1027 882 0
705 877 879 0
365 364 358 0
365 33 34 0
526 867 936 0
867 526 9 0
199 945 660 0
837 646 838 0
872 793 811 0
793 872 889 0
823 885 373 0
885 887 744 0
864 875 656 0
864 521 807 0
542 899 401 0
542 897 898 0
1030 435 1000 0
435 1030 436 0
934 266 268 0
266 875 807 0
401 400 542 0
401 846 399 0
428 902 429 0
902 931 906 0
953 955 952 0
957 952 720 0
756 46 836 0
46 757 45 0
1037 797 829 0
883 282 1027 0
412 414 841 0
412 799 413 0
839 312 1036 0
52 839 51 0
1034 790 808 0
790 1034 884 0
835 373 375 0
835 824 823 0
921 377 447 0
921 825 803 0
861 1033 818 0
1033 861 283 0
705 879 463 0
879 878 801 0
194 200 199 0
200 658 198 0
1031 908 317 0
260 896 894 0
896 1021 954 0
951 221 220 0
772 855 1016 0
911 838 977 0
657 656 874 0
656 865 864 0
929 928 674 0
929 734 927 0
821 842 234 0
842 821 463 0
391 866 900 0
950 949 948 0
949 901 947 0
421 423 869 0
249 73 74 0
856 548 828 0
802 843 848 0
802 825 826 0
930 931 710 0
891 890 342 0
341 706 1035 0
935 936 867 0
936 816 526 0
421 1015 422 0
1015 421 868 0
873 900 845 0
873 524 391 0
752 995 858 0
358 360 823 0
358 988 359 0
882 1028 1037 0
735 734 914 0
735 55 733 0
862 850 997 0
862 530 723 0
911 913 912 0
913 871 870 0
841 474 412 0
474 841 473 0
227 226 931 0
226 545 906 0
845 844 873 0
843 845 848 0
746 986 658 0
529 938 527 0
261 652 259 0
261 933 653 0
540 878 877 0
881 880 956 0
999 858 696 0
858 999 998 0
935 630 983 0
630 666 418 0
744 920 921 0
920 744 887 0
337 840 338 0
884 1022 338 0
288 287 997 0
287 860 876 0
855 772 548 0
949 1016 901 0
322 646 837 0
951 992 1029 0
992 951 948 0
928 1028 882 0
774 797 1037 0
832 850 277 0
850 832 918 0
1000 851 852 0
1000 435 666 0
851 666 630 0
632 1000 852 0
199 660 192 0
199 198 996 0
908 628 973 0
817 474 868 0
817 799 412 0
933 932 454 0
932 964 963 0
668 462 1018 0
462 705 463 0
648 977 646 0
648 649 329 0
898 897 393 0
897 544 788 0
914 734 929 0
1031 1036 311 0
655 865 656 0
520 917 918 0
917 288 997 0
227 1029 992 0
653 518 934 0
518 653 933 0
874 934 518 0
745 816 936 0
849 816 745 0
1005 393 392 0
393 1005 898 0
381 826 369 0
826 843 802 0
342 1035 891 0
1035 342 341 0
871 587 589 0
587 328 327 0
284 283 860 0
860 861 876 0
696 695 555 0
391 393 854 0
391 524 392 0
952 956 494 0
972 898 1005 0
898 972 888 0
888 899 898 0
544 897 542 0
545 232 546 0
232 228 425 0
778 800 490 0
490 103 104 0
371 370 946 0
370 920 887 0
698 626 190 0
626 557 472 0
404 922 409 0
922 923 612 0
886 823 360 0
823 373 835 0
608 809 982 0
809 336 343 0
685 534 727 0
534 502 353 0
450 449 670 0
980 213 449 0
647 322 441 0
471 989 469 0
989 984 527 0
260 964 932 0
964 260 894 0
507 162 163 0
611 610 770 0
615 206 789 0
404 403 164 0
857 859 998 0
704 670 947 0
395 394 508 0
394 162 507 0
968 510 769 0
510 1017 924 0
780 106 107 0
106 780 235 0
763 513 591 0
763 579 578 0
988 337 339 0
1023 129 130 0
129 1023 302 0
943 470 420 0
943 944 737 0
581 433 582 0
433 581 738 0
684 941 942 0
684 683 580 0
619 978 979 0
619 677 946 0
728 274 729 0
274 728 275 0
464 1018 462 0
545 822 906 0
179 181 431 0
179 187 180 0
598 965 596 0
598 903 1015 0
208 722 761 0
722 721 1024 0
411 404 164 0
411 415 922 0
629 586 458 0
154 376 372 0
376 732 782 0
994 555 960 0
243 237 236 0
237 778 235 0
420 983 630 0
418 699 419 0
458 549 299 0
458 686 629 0
525 1014 580 0
1014 525 523 0
976 975 628 0
700 1001 969 0
969 1001 498 0
536 329 649 0
329 328 977 0
409 402 404 0
332 487 486 0
332 331 327 0
642 990 617 0
990 642 754 0
109 246 108 0
246 1026 247 0
251 622 255 0
622 594 595 0
324 326 758 0
324 135 136 0
895 896 954 0
953 1020 895 0
691 254 689 0
254 691 621 0
794 368 367 0
368 794 600 0
1022 884 751 0
707 884 1034 0
262 265 563 0
265 438 785 0
175 432 191 0
432 176 184 0
904 903 1017 0
904 434 422 0
509 1017 510 0
511 419 699 0
687 313 909 0
313 315 649 0
369 825 920 0
803 377 921 0
407 665 475 0
407 406 662 0
762 590 974 0
762 579 763 0
388 1014 389 0
1014 388 580 0
889 589 1009 0
589 872 871 0
692 257 250 0
257 692 258 0
779 105 235 0
755 609 608 0
609 481 484 0
996 945 199 0
695 694 996 0
207 216 722 0
207 94 95 0
749 773 395 0
773 939 160 0
343 336 142 0
343 345 982 0
724 240 1032 0
1032 240 239 0
477 1006 987 0
1006 662 661 0
1025 319 775 0
319 1025 307 0
461 759 675 0
461 460 663 0
753 231 641 0
231 962 229 0
273 585 117 0
241 1032 239 0
1032 241 635 0
519 1003 286 0
519 270 644 0
304 131 306 0
304 776 1023 0
940 942 941 0
940 390 731 0
480 1019 362 0
480 717 599 0
272 743 671 0
272 520 655 0
254 253 539 0
253 455 963 0
422 434 436 0
422 1015 903 0
907 908 1031 0
735 914 439 0
295 294 604 0
295 125 126 0
910 647 441 0
909 649 648 0
317 316 839 0
597 924 1017 0
597 612 923 0
1007 919 715 0
1007 584 1012 0
985 625 553 0
985 556 557 0
624 482 926 0
624 138 139 0
683 505 477 0
477 505 504 0
230 641 231 0
638 538 893 0
538 689 539 0
217 616 222 0
217 97 98 0
606 980 1024 0
290 604 760 0
604 603 759 0
937 451 795 0
451 453 440 0
690 781 1026 0
528 986 529 0
528 556 985 0
306 305 776 0
305 688 713 0
456 566 454 0
456 257 256 0
625 557 626 0
627 554 553 0
553 625 627 0
553 659 985 0
497 700 673 0
496 498 1001 0
668 880 705 0
957 956 952 0
634 969 289 0
634 460 700 0
495 282 284 0
283 883 1033 0
906 931 226 0
906 429 902 0
637 239 238 0
637 669 242 0
398 473 888 0
888 841 846 0
531 680 498 0
680 531 286 0
636 635 241 0
491 636 233 0
614 508 507 0
345 348 607 0
348 445 570 0
748 475 749 0
475 748 405 0
172 739 171 0
204 205 1004 0
247 1026 781 0
216 796 721 0
796 771 605 0
875 874 656 0
719 521 864 0
372 782 384 0
782 731 681 0
641 640 991 0
640 669 1018 0
592 591 515 0
588 327 331 0
327 536 332 0
328 587 913 0
328 911 977 0
184 177 189 0
363 1019 558 0
1019 363 362 0
758 775 325 0
758 488 623 0
566 256 565 0
378 379 940 0
678 724 243 0
724 678 959 0
673 970 497 0
673 459 298 0
203 205 197 0
1004 583 582 0
661 987 1006 0
398 888 972 0
658 986 659 0
745 529 746 0
341 340 751 0
340 342 892 0
483 140 484 0
483 482 139 0
426 425 993 0
425 546 232 0
726 189 180 0
726 697 185 0
974 1009 589 0
974 590 592 0
961 753 641 0
753 961 424 0
335 577 488 0
335 334 578 0
817 421 869 0
868 397 965 0
160 939 159 0
939 506 786 0
998 703 704 0
550 618 558 0
550 552 677 0
964 893 537 0
963 454 932 0
768 770 610 0
645 276 777 0
645 269 1012 0
196 472 197 0
196 191 190 0
716 114 115 0
783 438 113 0
617 990 616 0
225 962 642 0
276 275 777 0
777 728 643 0
284 860 286 0
876 997 287 0
907 915 297 0
929 674 915 0
751 693 981 0
751 707 341 0
440 453 301 0
302 795 451 0
603 806 601 0
806 296 301 0
971 675 759 0
675 459 461 0
392 524 523 0
522 873 844 0
755 512 514 0
512 515 591 0
493 958 1020 0
958 638 893 0
647 646 322 0
441 975 910 0
238 492 637 0
238 959 493 0
339 356 354 0
714 115 116 0
706 708 346 0
992 948 212 0
547 1018 464 0
547 546 991 0
605 721 796 0
605 771 223 0
252 251 263 0
621 594 622 0
572 755 608 0
755 572 925 0
285 289 969 0
285 664 279 0
381 380 1010 0
650 651 1010 0
406 396 662 0
396 398 661 0
499 679 777 0
679 644 645 0
960 186 188 0
960 554 697 0
1009 890 889 0
589 588 974 0
488 326 333 0
758 623 486 0
950 730 1016 0
947 212 948 0
385 650 567 0
703 1008 450 0
594 1026 246 0
595 255 622 0
725 1032 800 0
1032 725 724 0
258 1011 256 0
1011 672 671 0
935 938 745 0
938 935 983 0
713 937 795 0
937 713 712 0
628 908 586 0
907 1031 916 0
699 435 434 0
741 436 1030 0
383 600 794 0
383 448 384 0
580 941 684 0
941 388 390 0
1013 919 1012 0
919 1013 672 0
523 522 1010 0
651 389 1014 0
431 182 430 0
431 575 179 0
789 738 737 0
581 583 667 0
850 918 917 0
997 876 862 0
213 947 670 0
408 613 405 0
405 967 406 0
681 384 782 0
228 227 992 0
227 930 1029 0
340 516 693 0
516 925 574 0
633 281 291 0
633 289 280 0
211 1024 980 0
211 210 761 0
485 487 315 0
765 1025 485 0
766 355 560 0
355 766 357 0
1012 919 1007 0
1012 584 276 0
243 236 244 0
236 235 780 0
183 698 190 0
643 729 664 0
643 499 777 0
479 478 392 0
987 972 1005 0
280 281 633 0
279 122 280 0
926 482 481 0
926 513 578 0
298 459 675 0
674 970 673 0
928 882 970 0
927 1028 928 0
599 1019 480 0
599 559 558 0
282 882 1027 0
882 495 970 0
520 918 655 0
865 832 719 0
223 465 605 0
465 993 467 0
953 895 954 0
1020 953 494 0
942 682 684 0
942 379 476 0
874 518 517 0
874 266 934 0
606 467 214 0
467 993 468 0
559 600 551 0
383 794 448 0
518 933 454 0
310 976 629 0
310 309 976 0
223 222 466 0
350 351 361 0
349 148 350 0
557 201 472 0
201 984 202 0
886 885 823 0
373 744 374 0
242 641 230 0
270 520 272 0
644 1003 519 0
286 1003 680 0
1003 644 679 0
466 754 424 0
753 642 962 0
994 960 188 0
1008 576 450 0
594 690 1026 0
690 689 244 0
416 611 770 0
416 166 167 0
301 300 440 0
301 601 806 0
923 924 597 0
923 415 417 0
501 359 354 0
501 978 886 0
360 359 501 0
364 446 988 0
1024 761 722 0
1024 721 606 0
966 596 965 0
966 406 967 0
775 486 485 0
602 686 458 0
602 453 452 0
565 256 1011 0
743 655 657 0
562 620 979 0
620 562 676 0
844 843 826 0
697 186 960 0
185 189 726 0
224 229 962 0
224 101 233 0
468 228 992 0
228 468 993 0
475 665 504 0
665 662 1006 0
765 307 1025 0
765 688 305 0
761 210 430 0
761 1024 211 0
618 620 676 0
618 677 619 0
424 426 466 0
426 993 465 0
264 438 265 0
262 252 263 0
330 762 331 0
578 513 763 0
202 984 989 0
470 737 667 0
1015 965 598 0
817 868 421 0
635 490 800 0
636 241 230 0
795 302 1023 0
392 478 1005 0
866 854 853 0
552 568 382 0
567 650 380 0
250 455 253 0
250 257 456 0
760 663 291 0
760 759 461 0
371 946 677 0
946 886 978 0
356 1022 981 0
339 354 359 0
649 909 313 0
910 648 647 0
639 764 535 0
693 574 1002 0
688 687 712 0
687 909 309 0
352 534 353 0
727 560 685 0
369 371 382 0
369 920 370 0
450 670 703 0
947 901 704 0
574 925 572 0
573 764 1002 0
769 417 770 0
417 769 924 0
299 971 457 0
971 603 601 0
498 496 531 0
497 1001 700 0
506 939 773 0
749 475 504 0
535 607 569 0
639 535 352 0
187 186 726 0
187 575 188 0
941 580 388 0
379 942 940 0
361 351 362 0
561 350 361 0
315 487 536 0
623 332 486 0
527 469 989 0
527 938 983 0
249 954 1021 0
896 259 1021 0
962 225 224 0
753 754 642 0
549 907 297 0
907 549 586 0
784 715 919 0
265 785 563 0
420 470 469 0
420 419 943 0
608 982 572 0
484 336 809 0
591 590 763 0
515 892 592 0
784 564 563 0
262 692 252 0
638 959 678 0
245 244 689 0
770 417 416 0
768 789 944 0
661 972 987 0
888 401 899 0
893 1020 958 0
964 537 963 0
1008 703 999 0
677 552 371 0
552 551 568 0
197 205 195 0
583 1004 203 0
695 553 555 0
986 528 985 0
263 111 264 0
111 263 255 0
511 943 419 0
612 596 967 0
415 923 922 0
479 683 477 0
1017 509 904 0
699 434 904 0
668 1018 669 0
910 976 309 0
444 348 344 0
809 343 982 0
838 646 977 0
911 756 838 0
558 1019 599 0
558 676 363 0
700 969 634 0
460 459 673 0
689 254 539 0
254 621 250 0
570 607 348 0
619 979 620 0
886 360 501 0
1018 991 640 0
464 545 547 0
432 183 191 0
190 472 196 0
545 464 822 0
991 1018 547 0
748 508 614 0
662 665 407 0
297 674 298 0
914 929 915 0
1017 903 598 0
596 612 597 0
212 947 213 0
1016 949 950 0
310 629 686 0
602 458 457 0
493 492 238 0
965 1015 868 0
396 966 397 0
758 486 775 0
536 487 332 0
514 481 609 0
514 513 926 0
452 686 602 0
452 308 310 0
556 984 201 0
557 625 985 0
1014 523 651 0
269 644 270 0
1012 276 645 0
601 457 971 0
294 296 806 0
1012 269 1013 0
715 714 1007 0
258 564 1011 0
624 926 334 0
578 577 335 0
392 525 479 0
381 1010 522 0
340 892 515 0
1009 974 592 0
697 627 698 0
496 495 284 0
970 674 928 0
573 572 982 0
925 515 512 0
209 575 431 0
1008 188 576 0
273 274 275 0
584 1007 585 0
732 731 782 0
372 448 367 0
665 1006 477 0
1005 478 987 0
636 230 229 0
641 991 961 0
206 433 738 0
314 688 765 0
314 313 687 0
456 256 566 0
250 456 455 0
583 202 471 0
204 1004 582 0
560 727 766 0
534 685 502 0
777 275 728 0
680 1003 679 0
725 778 237 0
959 238 240 0
215 771 796 0
213 980 214 0
217 222 219 0
219 771 215 0
1002 639 981 0
515 925 516 0
969 500 285 0
496 1001 497 0
668 637 492 0
240 724 959 0
568 380 382 0
803 825 802 0
713 776 305 0
452 937 308 0
935 867 851 0
983 469 527 0
284 531 496 0
520 519 288 0
699 904 509 0
1000 666 851 0
511 510 968 0
995 694 858 0
703 998 999 0
655 743 272 0
850 917 997 0
995 996 694 0
555 994 696 0
504 506 749 0
505 683 682 0
228 993 425 0
992 212 468 0
546 961 991 0
222 616 990 0
202 989 471 0
984 528 527 0
538 245 689 0
244 781 690 0
339 359 988 0
979 978 501 0
963 539 253 0
932 261 260 0
382 371 552 0
385 567 383 0
477 987 478 0
479 580 683 0
985 659 986 0
984 556 528 0
968 943 511 0
469 983 420 0
345 573 982 0
356 981 639 0
214 980 606 0
576 211 450 0
562 979 502 0
946 978 619 0
924 769 510 0
648 329 977 0
327 588 587 0
301 602 601 0
759 603 971 0
309 712 687 0
910 975 976 0
587 871 913 0
762 974 588 0
908 973 317 0
910 309 909 0
887 946 370 0
382 381 369 0
972 661 398 0
966 396 406 0
299 675 971 0
663 760 461 0
495 497 970 0
500 969 498 0
943 968 944 0
405 613 967 0
965 397 966 0
671 743 565 0
454 566 517 0
563 692 262 0
250 621 251 0
894 893 964 0
455 454 963 0
638 678 245 0
959 958 493 0
753 962 231 0
546 424 961 0
472 190 626 0
695 659 553 0
330 579 762 0
762 588 331 0
555 554 960 0
492 880 668 0
958 959 638 0
956 957 881 0
954 955 953 0
952 494 953 0
950 948 951 0
947 948 949 0
744 921 447 0
885 744 373 0
946 887 886 0
3 660 815 0
815 660 945 0
789 737 944 0
737 470 943 0
942 476 786 0
786 682 942 0
940 941 390 0
787 939 786 0
160 395 773 0
7 816 849 0
745 938 529 0
830 831 870 0
831 913 870 0
452 451 937 0
451 440 302 0
610 168 615 0
7 8 816 0
745 936 935 0
851 630 935 0
653 934 268 0
261 653 652 0
932 933 261 0
902 710 931 0
428 82 711 0
930 227 931 0
928 929 927 0
927 733 774 0
915 674 297 0
38 708 808 0
812 15 798 0
53 439 311 0
807 875 864 0
792 811 793 0
334 926 578 0
481 514 926 0
925 512 755 0
512 591 513 0
922 612 409 0
923 417 924 0
922 404 411 0
408 614 402 0
594 621 691 0
236 781 244 0
725 237 243 0
844 826 381 0
844 381 522 0
920 825 921 0
114 716 783 0
784 919 672 0
785 784 563 0
564 784 672 0
918 865 655 0
865 918 832 0
520 288 917 0
907 916 914 0
907 914 915 0
913 911 328 0
756 911 912 0
909 648 910 0
318 442 863 0
907 586 908 0
429 906 822 0
880 877 705 0
879 842 463 0
812 869 905 0
436 905 423 0
422 903 904 0
710 902 428 0
435 699 418 0
901 857 704 0
857 901 855 0
855 548 856 0
873 391 900 0
542 898 899 0
897 854 393 0
259 896 260 0
893 894 895 0
892 342 890 0
889 890 891 0
589 889 872 0
401 888 846 0
397 473 398 0
841 888 473 0
358 824 365 0
885 886 887 0
707 751 884 0
747 200 194 0
746 200 747 0
747 194 810 0
283 282 883 0
882 282 495 0
752 859 702 0
856 859 857 0
880 881 877 0
489 233 102 0
877 878 879 0
854 866 391 0
542 400 543 0
876 861 818 0
287 286 860 0
267 266 807 0
266 874 875 0
814 387 845 0
873 522 524 0
870 871 872 0
442 441 322 0
322 321 442 0
799 817 869 0
474 397 868 0
804 851 867 0
750 813 866 0
719 864 865 0
863 442 321 0
863 321 49 0
723 850 862 0
860 283 861 0
337 446 532 0
36 532 35 0
752 858 859 0
855 856 857 0
54 735 439 0
735 54 55 0
854 788 853 0
853 23 750 0
851 804 852 0
51 820 50 0
51 839 316 0
70 71 834 0
64 277 805 0
850 723 805 0
521 66 807 0
38 808 37 0
221 84 85 0
7 849 810 0
67 68 267 0
814 25 387 0
75 720 819 0
40 346 39 0
386 27 827 0
802 848 386 0
377 803 827 0
835 31 32 0
797 774 57 0
818 61 530 0
833 72 847 0
801 78 79 0
14 740 13 0
798 15 16 0
837 836 323 0
321 48 49 0
41 42 792 0
21 22 788 0
10 11 632 0
772 87 88 0
87 730 86 0
56 57 774 0
399 19 20 0
399 846 767 0
26 27 386 0
843 844 845 0
812 14 15 0
234 842 801 0
767 841 414 0
414 17 18 0
840 337 533 0
68 69 437 0
312 839 52 0
836 837 838 0
366 824 835 0
833 834 71 0
741 631 742 0
521 278 65 0
832 277 719 0
757 831 45 0
43 44 830 0
829 59 736 0
828 1 702 0
27 28 827 0
825 369 826 0
358 823 824 0
30 31 375 0
463 821 822 0
654 69 70 0
428 711 710 0
49 50 820 0
819 248 75 0
3 4 660 0
347 41 791 0
707 706 341 0
61 818 293 0
81 82 428 0
817 412 474 0
8 526 816 0
34 35 446 0
2 3 815 0
813 25 814 0
14 812 740 0
811 792 42 0
414 18 767 0
413 16 17 0
319 134 325 0
157 378 156 0
6 810 193 0
484 809 608 0
143 343 142 0
808 790 718 0
593 208 430 0
92 93 593 0
807 66 67 0
294 806 603 0
296 127 300 0
366 32 33 0
64 805 63 0
195 174 191 0
195 205 173 0
611 167 168 0
9 10 804 0
333 137 443 0
137 333 136 0
274 119 729 0
119 274 118 0
748 614 408 0
163 164 403 0
802 386 803 0
410 416 415 0
165 166 410 0
189 185 184 0
180 187 726 0
4 5 192 0
169 615 168 0
234 801 79 0
616 98 99 0
725 800 778 0
104 105 779 0
798 16 799 0
797 57 58 0
215 796 216 0
215 96 218 0
713 795 776 0
794 367 448 0
367 153 372 0
791 792 793 0
151 480 150 0
600 599 368 0
533 718 790 0
303 300 128 0
62 63 723 0
116 117 585 0
595 246 109 0
433 171 739 0
206 738 789 0
21 788 544 0
543 20 21 0
786 476 787 0
181 90 91 0
90 181 180 0
139 140 483 0
100 101 224 0
100 617 99 0
444 145 445 0
784 785 715 0
113 114 783 0
697 183 185 0
176 177 184 0
732 155 156 0
782 372 376 0
236 780 781 0
235 778 779 0
584 273 276 0
777 679 645 0
306 132 320 0
306 776 304 0
149 362 351 0
361 363 676 0
291 663 633 0
291 290 760 0
775 319 325 0
326 488 758 0
170 171 433 0
110 595 109 0
251 255 263 0
633 663 634 0
281 122 123 0
774 733 56 0
733 55 56 0
229 233 636 0
233 101 102 0
506 773 749 0
748 749 508 0
88 548 772 0
730 87 772 0
676 562 561 0
351 148 149 0
431 181 182 0
209 431 210 0
120 664 729 0
643 285 500 0
602 301 453 0
300 127 128 0
771 219 223 0
466 426 465 0
768 769 770 0
164 165 411 0
20 400 399 0
767 19 399 0
766 727 571 0
305 307 765 0
573 607 764 0
143 144 444 0
762 763 590 0
139 482 624 0
692 563 258 0
112 113 438 0
761 430 208 0
722 208 207 0
627 626 698 0
681 389 650 0
155 732 376 0
173 174 195 0
173 204 172 0
124 295 290 0
759 760 604 0
758 325 324 0
326 136 333 0
46 756 757 0
484 481 483 0
514 609 755 0
594 691 690 0
110 255 595 0
753 424 754 0
100 225 617 0
752 702 701 0
340 693 751 0
38 39 708 0
23 24 750 0
508 749 395 0
408 405 748 0
745 746 747 0
447 30 374 0
447 374 744 0
743 657 565 0
740 741 742 0
739 172 204 0
737 738 581 0
293 736 60 0
733 734 735 0
378 732 156 0
731 390 681 0
86 730 220 0
729 119 120 0
728 729 643 0
167 611 416 0
534 569 727 0
357 503 146 0
186 697 726 0
575 187 179 0
243 724 725 0
62 723 530 0
69 654 437 0
233 489 491 0
368 599 717 0
383 551 600 0
722 216 721 0
605 606 721 0
140 141 484 0
720 76 541 0
521 719 278 0
718 533 36 0
124 125 295 0
123 124 292 0
551 550 559 0
151 717 480 0
714 715 716 0
688 712 713 0
697 554 627 0
177 178 189 0
709 710 711 0
706 707 708 0
80 427 234 0
668 705 462 0
703 670 704 0
1 701 702 0
460 673 700 0
511 699 509 0
183 697 698 0
694 695 696 0
516 574 693 0
692 250 252 0
689 690 691 0
314 687 688 0
686 452 310 0
562 685 560 0
607 570 569 0
682 683 684 0
389 681 390 0
498 680 499 0
679 499 680 0
243 245 678 0
640 242 669 0
330 577 579 0
485 315 314 0
677 618 550 0
676 558 618 0
298 675 299 0
673 298 674 0
271 671 672 0
272 671 271 0
467 605 465 0
449 213 670 0
637 668 669 0
425 424 546 0
470 667 471 0
435 418 666 0
409 613 408 0
477 504 665 0
643 664 285 0
663 460 634 0
396 661 662 0
560 355 561 0
4 192 660 0
658 659 198 0
160 161 395 0
655 656 657 0
652 653 654 0
650 389 651 0
536 649 315 0
646 647 648 0
644 269 645 0
500 499 643 0
225 642 617 0
242 640 641 0
639 352 356 0
134 135 324 0
319 133 134 0
245 538 638 0
519 286 288 0
242 239 637 0
635 636 491 0
289 633 634 0
604 290 295 0
631 632 11 0
420 630 418 0
628 586 629 0
201 203 197 0
625 626 627 0
232 545 226 0
138 624 443 0
577 330 623 0
111 112 264 0
621 622 251 0
618 619 620 0
617 616 99 0
217 98 616 0
206 615 169 0
402 614 507 0
612 613 409 0
168 610 611 0
484 608 609 0
607 573 345 0
95 96 215 0
605 467 606 0
294 603 604 0
601 602 457 0
152 153 367 0
599 600 559 0
596 597 598 0
594 246 595 0
247 107 108 0
93 94 207 0
182 92 593 0
590 591 592 0
587 588 589 0
586 549 458 0
584 585 273 0
581 582 583 0
525 580 479 0
577 578 579 0
181 91 182 0
575 209 576 0
572 573 574 0
569 570 571 0
235 105 106 0
383 567 568 0
565 517 566 0
563 564 258 0
560 561 562 0
550 558 559 0
556 201 557 0
553 554 555 0
306 320 307 0
306 131 132 0
550 551 552 0
30 447 29 0
299 549 297 0
548 88 89 0
214 468 212 0
545 546 547 0
542 543 544 0
540 541 77 0
537 538 539 0
327 329 536 0
534 352 535 0
532 36 533 0
531 284 286 0
530 61 62 0
527 528 529 0
526 8 9 0
525 392 523 0
522 523 524 0
521 65 66 0
519 520 270 0
454 517 518 0
515 516 340 0
512 513 514 0
509 510 511 0
394 507 508 0
504 505 506 0
445 145 503 0
501 353 502 0
498 499 500 0
495 496 497 0
492 493 494 0
489 490 491 0
335 488 333 0
485 486 487 0
141 336 484 0
481 482 483 0
362 150 480 0
477 478 479 0
387 25 26 0
157 158 476 0
407 475 405 0
473 397 474 0
201 197 472 0
469 470 471 0
467 468 214 0
95 216 207 0
465 223 466 0
462 463 464 0
459 460 461 0
299 457 458 0
454 455 456 0
451 452 453 0
211 449 450 0
178 90 180 0
448 372 384 0
377 29 447 0
150 362 149 0
364 34 446 0
348 444 445 0
333 443 334 0
441 442 318 0
300 303 440 0
54 439 53 0
281 123 292 0
118 273 117 0
112 438 264 0
437 268 68 0
434 435 436 0
433 206 170 0
176 432 175 0
430 210 431 0
427 428 429 0
220 85 86 0
424 425 426 0
421 422 423 0
418 419 420 0
415 416 417 0
412 413 414 0
410 411 165 0
408 402 409 0
405 406 407 0
402 403 404 0
399 400 401 0
396 397 398 0
161 394 395 0
394 161 162 0
391 392 393 0
388 389 390 0
386 387 26 0
383 384 385 0
380 381 382 0
378 157 379 0
29 377 28 0
155 376 154 0
373 374 375 0
153 154 372 0
369 370 371 0
367 368 152 0
33 365 366 0
34 364 365 0
361 362 363 0
358 359 360 0
349 355 357 0
356 339 338 0
355 349 350 0
352 353 354 0
350 148 351 0
349 146 147 0
344 348 345 0
346 40 347 0
344 345 343 0
343 143 344 0
340 341 342 0
337 338 339 0
336 141 142 0
333 334 335 0
330 331 332 0
327 328 329 0
136 326 324 0
47 48 323 0
134 324 325 0
321 322 323 0
319 307 320 0
316 317 318 0
313 314 315 0
53 311 312 0
308 309 310 0
305 306 307 0
304 130 131 0
129 302 303 0
296 300 301 0
294 126 296 0
297 298 299 0
126 127 296 0
126 294 295 0
61 293 60 0
290 291 292 0
280 289 285 0
286 287 288 0
285 279 280 0
282 283 284 0
280 122 281 0
279 120 121 0
277 64 278 0
273 275 276 0
273 118 274 0
270 272 271 0
269 270 271 0
266 267 268 0
264 265 262 0
262 263 264 0
259 260 261 0
256 257 258 0
111 255 110 0
250 253 254 0
250 251 252 0
248 249 74 0
246 247 108 0
243 244 245 0
241 239 242 0
238 239 240 0
235 236 237 0
234 79 80 0
224 233 229 0
228 232 226 0
229 230 231 0
226 227 228 0
100 224 225 0
219 222 223 0
220 221 85 0
215 218 219 0
97 217 218 0
215 216 95 0
212 213 214 0
209 210 211 0
93 207 208 0
169 170 206 0
204 173 205 0
201 202 203 0
198 199 200 0
197 195 196 0
191 174 175 0
195 191 196 0
192 193 194 0
183 190 191 0
178 180 189 0
186 187 188 0
183 184 185 0
182 91 92 0
179 180 181 0
