264
5.000000000000000e-01 0.000000000000000e+00 0.000000000000000e+00
4.935251313189564e-01 8.020564042888011e-02 0.000000000000000e+00
4.742682209735727e-01 1.583339969007362e-01 0.000000000000000e+00
4.427280128266050e-01 2.323615860218843e-01 0.000000000000000e+00
3.997213817017506e-01 3.003711321189894e-01 0.000000000000000e+00
3.463621767547997e-01 3.606012236719072e-01 0.000000000000000e+00
2.840323733655780e-01 4.114919329468282e-01 0.000000000000000e+00
2.143462807015271e-01 4.517252173051911e-01 0.000000000000000e+00
1.391087319582264e-01 4.802590558156861e-01 0.000000000000000e+00
6.026834012766161e-02 4.963544370490270e-01 0.000000000000000e+00
-2.013297005470745e-02 4.995944990857848e-01 0.000000000000000e+00
-1.000128468880222e-01 4.898953260211338e-01 0.000000000000000e+00
-1.773024435212677e-01 4.675081213427074e-01 0.000000000000000e+00
-2.499999999999999e-01 4.330127018922194e-01 0.000000000000000e+00
-3.162226877976886e-01 3.873024809138273e-01 0.000000000000000e+00
-3.742553740855504e-01 3.315613291203977e-01 0.000000000000000e+00
-4.225950427718973e-01 2.672329130639006e-01 0.000000000000000e+00
-4.599897218294121e-01 1.959833049300376e-01 0.000000000000000e+00
-4.854709087130260e-01 1.196578321437790e-01 0.000000000000000e+00
-4.983786540671050e-01 4.023328435836304e-02 0.000000000000000e+00
-4.983786540671050e-01 -4.023328435836269e-02 0.000000000000000e+00
-4.854709087130261e-01 -1.196578321437787e-01 0.000000000000000e+00
-4.599897218294121e-01 -1.959833049300375e-01 0.000000000000000e+00
-4.225950427718975e-01 -2.672329130639003e-01 0.000000000000000e+00
-3.742553740855507e-01 -3.315613291203975e-01 0.000000000000000e+00
-3.162226877976889e-01 -3.873024809138271e-01 0.000000000000000e+00
-2.500000000000002e-01 -4.330127018922192e-01 0.000000000000000e+00
-1.773024435212679e-01 -4.675081213427074e-01 0.000000000000000e+00
-1.000128468880223e-01 -4.898953260211338e-01 0.000000000000000e+00
-2.013297005470757e-02 -4.995944990857848e-01 0.000000000000000e+00
6.026834012766116e-02 -4.963544370490270e-01 0.000000000000000e+00
1.391087319582260e-01 -4.802590558156862e-01 0.000000000000000e+00
2.143462807015269e-01 -4.517252173051912e-01 0.000000000000000e+00
2.840323733655778e-01 -4.114919329468283e-01 0.000000000000000e+00
3.463621767547996e-01 -3.606012236719073e-01 0.000000000000000e+00
3.997213817017503e-01 -3.003711321189898e-01 0.000000000000000e+00
4.427280128266048e-01 -2.323615860218846e-01 0.000000000000000e+00
4.742682209735727e-01 -1.583339969007365e-01 0.000000000000000e+00
4.935251313189564e-01 -8.020564042888031e-02 0.000000000000000e+00
1.000000000000000e+00 0.000000000000000e+00 0.000000000000000e+00
9.870502626379128e-01 -1.604112808577606e-01 0.000000000000000e+00
9.485364419471454e-01 -3.166679938014730e-01 0.000000000000000e+00
8.854560256532096e-01 -4.647231720437692e-01 0.000000000000000e+00
7.994427634035006e-01 -6.007422642379796e-01 0.000000000000000e+00
6.927243535095993e-01 -7.212024473438146e-01 0.000000000000000e+00
5.680647467311556e-01 -8.229838658936566e-01 0.000000000000000e+00
4.286925614030538e-01 -9.034504346103824e-01 0.000000000000000e+00
2.782174639164521e-01 -9.605181116313725e-01 0.000000000000000e+00
1.205366802553223e-01 -9.927088740980541e-01 0.000000000000000e+00
-4.026594010941514e-02 -9.991889981715696e-01 0.000000000000000e+00
-2.000256937760446e-01 -9.797906520422677e-01 0.000000000000000e+00
-3.546048870425359e-01 -9.350162426854147e-01 0.000000000000000e+00
-5.000000000000004e-01 -8.660254037844385e-01 0.000000000000000e+00
-6.324453755953777e-01 -7.746049618276541e-01 0.000000000000000e+00
-7.485107481711013e-01 -6.631226582407950e-01 0.000000000000000e+00
-8.451900855437950e-01 -5.344658261278007e-01 0.000000000000000e+00
-9.199794436588242e-01 -3.919666098600749e-01 0.000000000000000e+00
-9.709418174260521e-01 -2.393156642875574e-01 0.000000000000000e+00
-9.967573081342100e-01 -8.046656871672539e-02 0.000000000000000e+00
-9.967573081342099e-01 8.046656871672608e-02 0.000000000000000e+00
-9.709418174260519e-01 2.393156642875581e-01 0.000000000000000e+00
-9.199794436588242e-01 3.919666098600751e-01 0.000000000000000e+00
-8.451900855437946e-01 5.344658261278012e-01 0.000000000000000e+00
-7.485107481711009e-01 6.631226582407954e-01 0.000000000000000e+00
-6.324453755953772e-01 7.746049618276546e-01 0.000000000000000e+00
-4.999999999999998e-01 8.660254037844387e-01 0.000000000000000e+00
-3.546048870425355e-01 9.350162426854148e-01 0.000000000000000e+00
-2.000256937760443e-01 9.797906520422677e-01 0.000000000000000e+00
-4.026594010941490e-02 9.991889981715697e-01 0.000000000000000e+00
1.205366802553232e-01 9.927088740980540e-01 0.000000000000000e+00
2.782174639164527e-01 9.605181116313722e-01 0.000000000000000e+00
4.286925614030542e-01 9.034504346103822e-01 0.000000000000000e+00
5.680647467311559e-01 8.229838658936564e-01 0.000000000000000e+00
6.927243535095995e-01 7.212024473438144e-01 0.000000000000000e+00
7.994427634035012e-01 6.007422642379788e-01 0.000000000000000e+00
8.854560256532099e-01 4.647231720437685e-01 0.000000000000000e+00
9.485364419471455e-01 3.166679938014725e-01 0.000000000000000e+00
9.870502626379128e-01 1.604112808577602e-01 0.000000000000000e+00
-4.708081216209191e-01 -3.461341958324162e-01 0.000000000000000e+00
-5.109979434520424e-01 -2.782460294683141e-01 0.000000000000000e+00
5.708608703424636e-01 -4.680957001538880e-02 0.000000000000000e+00
5.732090093576991e-01 3.545219221519887e-02 0.000000000000000e+00
7.834186795539868e-01 -3.328736236255924e-01 0.000000000000000e+00
7.477488021157153e-01 -4.779480961590513e-01 0.000000000000000e+00
5.551986418115711e-01 -1.333237213709247e-01 0.000000000000000e+00
5.101972307896453e-01 -3.345127211196486e-01 0.000000000000000e+00
4.843015944304766e-01 -4.125308943868616e-01 0.000000000000000e+00
4.330582563589720e-01 -3.524681327424186e-01 0.000000000000000e+00
4.657099331583180e-01 3.099141391967308e-01 0.000000000000000e+00
2.770348427651336e-01 4.689874231249015e-01 0.000000000000000e+00
6.833905770381823e-01 5.939719003507162e-01 0.000000000000000e+00
3.396846875273981e-01 4.499238778535082e-01 0.000000000000000e+00
2.263296355205290e-01 5.204654235375625e-01 0.000000000000000e+00
1.593350122100795e-01 5.476295439534667e-01 0.000000000000000e+00
2.923244065748966e-01 8.037928146098641e-01 0.000000000000000e+00
1.676035224848954e-02 8.785503595632119e-01 0.000000000000000e+00
-2.371033779805598e-01 8.254223472506957e-01 0.000000000000000e+00
-1.086727027683455e-01 8.950002288253069e-01 0.000000000000000e+00
-3.868480756269662e-01 4.599106312454674e-01 0.000000000000000e+00
-3.099835212505113e-01 5.243987726783327e-01 0.000000000000000e+00
-3.157467117629312e-01 4.466089285964525e-01 0.000000000000000e+00
-4.268853973857010e-01 3.868397915827171e-01 0.000000000000000e+00
-4.853001650642468e-01 4.618816396684375e-01 0.000000000000000e+00
-5.094948555773186e-01 7.126157379304809e-01 0.000000000000000e+00
-5.018482586714699e-01 5.839279298326555e-01 0.000000000000000e+00
-6.151055925881159e-01 6.203525086347247e-01 0.000000000000000e+00
4.024384184549737e-01 -4.084081458294302e-01 0.000000000000000e+00
1.579582632154441e-01 -8.648367236523764e-01 0.000000000000000e+00
3.973239249691344e-02 -8.987978387664483e-01 0.000000000000000e+00
1.988800217731682e-01 -6.192240625782314e-01 0.000000000000000e+00
1.363960447606511e-01 -5.934179280333217e-01 0.000000000000000e+00
1.711337911169341e-01 -5.395066235128924e-01 0.000000000000000e+00
-1.513795075978315e-01 -7.321684581628272e-01 0.000000000000000e+00
-3.187709198408094e-02 -7.122807586823743e-01 0.000000000000000e+00
-8.415036486531081e-02 -8.468869185092247e-01 0.000000000000000e+00
-5.000262276771066e-02 -5.614216703519512e-01 0.000000000000000e+00
-8.992711818759097e-02 -6.345142802810293e-01 0.000000000000000e+00
-1.190615707951505e-01 -5.673948714044936e-01 0.000000000000000e+00
-6.931226687649451e-01 4.901841223090080e-01 0.000000000000000e+00
-7.957140627744498e-01 3.748482662562844e-01 0.000000000000000e+00
-5.527598542751029e-01 6.001667235216471e-03 0.000000000000000e+00
-2.641519858956531e-01 -4.827811414208901e-01 0.000000000000000e+00
-2.371289192757411e-01 -5.420770425297163e-01 0.000000000000000e+00
-8.616119446888886e-01 1.392250568661326e-01 0.000000000000000e+00
-5.332561469756713e-01 -1.639175479939673e-01 0.000000000000000e+00
-6.167594308745140e-01 -1.106589326569344e-01 0.000000000000000e+00
-5.405655068892558e-01 -9.642492367162786e-02 0.000000000000000e+00
-7.834869442166795e-01 1.516344451476736e-02 0.000000000000000e+00
-9.020019305885599e-01 1.179346255873762e-02 0.000000000000000e+00
-3.983740782909037e-01 -3.487825456070522e-01 0.000000000000000e+00
-5.468755738440990e-01 -5.407250919993835e-01 0.000000000000000e+00
-6.961826916113012e-01 -5.345002214926755e-01 0.000000000000000e+00
-6.286107958089070e-01 -4.244828713297348e-01 0.000000000000000e+00
-3.307499551748784e-01 -4.535846128380291e-01 0.000000000000000e+00
-7.135923505135486e-01 -1.830082162304059e-01 0.000000000000000e+00
-7.215812449395391e-01 -7.536251126791663e-02 0.000000000000000e+00
8.529366128685847e-01 -7.245488282142833e-02 0.000000000000000e+00
8.650263195965540e-01 -2.130579322390906e-01 0.000000000000000e+00
7.435898622267211e-01 -1.797944379535226e-01 0.000000000000000e+00
6.355499987128060e-01 -5.800412351466452e-01 0.000000000000000e+00
6.164600593746353e-01 -3.986777964669829e-01 0.000000000000000e+00
5.557321914127389e-01 1.908258674353986e-01 0.000000000000000e+00
5.656459711244881e-01 1.219327683765908e-01 0.000000000000000e+00
-2.525859332064809e-01 4.807440422497971e-01 0.000000000000000e+00
1.036697260990457e-01 5.343864536891504e-01 0.000000000000000e+00
3.661559397933298e-02 5.608663493858890e-01 0.000000000000000e+00
1.224595537649502e-01 6.008021738760109e-01 0.000000000000000e+00
1.573387281753421e-01 8.523644164409153e-01 0.000000000000000e+00
-5.185480130499917e-01 -6.660430555324161e-01 0.000000000000000e+00
-4.792906960620378e-01 -7.632533300509878e-01 0.000000000000000e+00
-6.305403671434504e-01 -6.347683857542159e-01 0.000000000000000e+00
8.897900400502892e-02 -5.598565938132907e-01 0.000000000000000e+00
-6.813512286895295e-01 -3.077564123491712e-01 0.000000000000000e+00
-8.185330303689063e-01 -2.711295656853484e-01 0.000000000000000e+00
-6.139425297934604e-01 1.120749208287722e-01 0.000000000000000e+00
-5.648677343147781e-01 1.704694170016320e-01 0.000000000000000e+00
-5.536070526148771e-01 1.161692055059372e-01 0.000000000000000e+00
-7.685718095735701e-01 -4.081287498780368e-01 0.000000000000000e+00
5.363189491727458e-01 3.658384714909392e-01 0.000000000000000e+00
5.951680622626623e-01 5.016817382107822e-01 0.000000000000000e+00
6.620966970645611e-01 3.683430361271491e-01 0.000000000000000e+00
5.781222506337074e-01 6.612758102953091e-01 0.000000000000000e+00
4.294427036696543e-01 7.272890404036328e-01 0.000000000000000e+00
3.040577334006253e-01 -8.002883232155752e-01 0.000000000000000e+00
3.434460857677448e-01 -4.410693291773303e-01 0.000000000000000e+00
4.141479517498216e-01 -4.758454491069065e-01 0.000000000000000e+00
3.335143364918264e-01 -5.148812176650815e-01 0.000000000000000e+00
5.790723862833889e-02 -7.858050130790903e-01 0.000000000000000e+00
5.275012362033353e-01 -2.117152856763017e-01 0.000000000000000e+00
-8.489185387574821e-01 -1.135117954332635e-01 0.000000000000000e+00
-3.713124476082288e-01 -8.033030555782210e-01 0.000000000000000e+00
-2.360428156710314e-01 -8.392911599971000e-01 0.000000000000000e+00
-8.642654795342354e-01 2.737250693625707e-01 0.000000000000000e+00
5.702879690647029e-01 -7.021277016085611e-01 0.000000000000000e+00
4.568707962238437e-01 -7.590390490526148e-01 0.000000000000000e+00
4.953593417627747e-01 -6.318462554207493e-01 0.000000000000000e+00
8.774136959293170e-01 8.806368010337759e-02 0.000000000000000e+00
7.603613617657493e-01 2.939080672448236e-02 0.000000000000000e+00
-3.890583729739754e-01 -6.955685458409252e-01 0.000000000000000e+00
6.496007282366512e-01 -1.077266394111826e-01 0.000000000000000e+00
1.668076837358520e-02 -5.467243501959526e-01 0.000000000000000e+00
2.490926635030035e-01 -5.325568835316329e-01 0.000000000000000e+00
2.838541672785423e-01 -4.717937218680702e-01 0.000000000000000e+00
5.105446436501386e-01 -5.125685787921563e-01 0.000000000000000e+00
4.066142832023908e-01 -5.668851605174080e-01 0.000000000000000e+00
1.697704863506350e-01 7.060617177312354e-01 0.000000000000000e+00
2.904844959342414e-01 6.730731668416468e-01 0.000000000000000e+00
7.993182158508362e-01 3.269122122971432e-01 0.000000000000000e+00
8.792883856203165e-01 2.153062447391451e-01 0.000000000000000e+00
7.619359682770743e-01 1.720427545623925e-01 0.000000000000000e+00
-3.881431429339902e-01 7.811569729059480e-01 0.000000000000000e+00
4.775268095304669e-01 5.790001903421300e-01 0.000000000000000e+00
4.743187682215344e-01 4.593493442962487e-01 0.000000000000000e+00
5.143267932059574e-01 2.248359534109793e-01 0.000000000000000e+00
-5.679626098095644e-01 -3.351114461954741e-01 0.000000000000000e+00
-5.071470079367374e-01 -4.257228508498931e-01 0.000000000000000e+00
4.795192581788560e-02 7.579388776435196e-01 0.000000000000000e+00
-4.079891651784622e-01 -4.116818091047198e-01 0.000000000000000e+00
-4.874440407130464e-01 2.682300147000305e-01 0.000000000000000e+00
-4.423449909595287e-01 3.211073569654190e-01 0.000000000000000e+00
-5.142988855384006e-01 2.047167720977743e-01 0.000000000000000e+00
5.730214762403956e-01 -2.808206242406630e-01 0.000000000000000e+00
5.015744950949920e-01 -2.685317005954435e-01 0.000000000000000e+00
4.017168553646797e-01 4.308179714442906e-01 0.000000000000000e+00
4.385994598575469e-01 3.716098440448152e-01 0.000000000000000e+00
-3.250769271691563e-01 -5.295310765046540e-01 0.000000000000000e+00
-1.190998682359032e-01 6.447730890999582e-01 0.000000000000000e+00
-1.021112182417307e-01 5.640242172757000e-01 0.000000000000000e+00
-1.658781790967561e-01 5.735977478313640e-01 0.000000000000000e+00
-3.639916493317675e-01 4.024446322917724e-01 0.000000000000000e+00
-2.173780514242313e-01 5.284349705365822e-01 0.000000000000000e+00
-2.388759253380457e-01 6.132118848403305e-01 0.000000000000000e+00
-4.329577401138326e-02 5.437962822561041e-01 0.000000000000000e+00
-1.522848817013694e-01 5.239946360184651e-01 0.000000000000000e+00
-5.689623938159624e-01 -4.765702120509627e-02 0.000000000000000e+00
3.965824731411048e-01 5.071478502445349e-01 0.000000000000000e+00
-5.035351262183407e-01 -2.260114840464493e-01 0.000000000000000e+00
-5.559436546320344e-01 6.682042621885570e-02 0.000000000000000e+00
-7.187521454610168e-01 1.153107494414798e-01 0.000000000000000e+00
-6.530285835506862e-01 2.050099424988487e-01 0.000000000000000e+00
-1.641703693356953e-01 -5.355896727201167e-01 0.000000000000000e+00
-1.905999755031870e-01 -6.210536205695841e-01 0.000000000000000e+00
4.573684265346992e-01 -2.952669528488536e-01 0.000000000000000e+00
5.874813095308582e-01 2.664166922626556e-01 0.000000000000000e+00
6.369386622288182e-01 1.826099262260308e-01 0.000000000000000e+00
8.919506139980149e-02 -6.580314003504368e-01 0.000000000000000e+00
-5.896364052190302e-01 -2.292442955629595e-01 0.000000000000000e+00
-6.421359147933079e-01 1.084493116232258e-02 0.000000000000000e+00
-1.968960980027129e-01 7.097503911251914e-01 0.000000000000000e+00
-3.014718142294869e-01 -6.159986226203460e-01 0.000000000000000e+00
3.653884901848109e-01 6.006631800890176e-01 0.000000000000000e+00
3.161858804614993e-01 5.214806662272442e-01 0.000000000000000e+00
-4.206125890784078e-01 -4.923160920267691e-01 0.000000000000000e+00
2.772389573614150e-01 5.834478941154108e-01 0.000000000000000e+00
2.049387002142066e-01 6.055203951765399e-01 0.000000000000000e+00
-4.094510215029047e-01 6.540735094635328e-01 0.000000000000000e+00
7.374787235454922e-01 4.760623872112564e-01 0.000000000000000e+00
7.326192945763871e-01 -6.899548758869119e-02 0.000000000000000e+00
-8.776940399638729e-02 7.712540459064793e-01 0.000000000000000e+00
1.765851715072661e-01 -7.339964385136815e-01 0.000000000000000e+00
3.695426683360778e-01 -6.758371065461336e-01 0.000000000000000e+00
-5.706993311427500e-01 2.745863022899881e-01 0.000000000000000e+00
-6.782250427918548e-01 3.295988177563740e-01 0.000000000000000e+00
-3.209575951694968e-02 6.080882224271748e-01 0.000000000000000e+00
-2.334998769502755e-02 6.864150475549727e-01 0.000000000000000e+00
5.496137982426181e-02 6.529876786643035e-01 0.000000000000000e+00
-7.637043365321297e-01 2.375161819276264e-01 0.000000000000000e+00
-3.029345453073812e-01 6.989077971808523e-01 0.000000000000000e+00
-2.688779138997920e-01 -7.206636511104600e-01 0.000000000000000e+00
3.039308674494554e-01 -6.011367617891415e-01 0.000000000000000e+00
6.930287484641805e-01 2.630140539462374e-01 0.000000000000000e+00
2.669381443599760e-01 -6.847248116003347e-01 0.000000000000000e+00
3.358059522414739e-03 -6.127663025149451e-01 0.000000000000000e+00
6.669601721853181e-01 -2.763350457925429e-01 0.000000000000000e+00
-4.062869654805588e-01 5.477881188892849e-01 0.000000000000000e+00
-3.342347119115567e-01 6.070401578162889e-01 0.000000000000000e+00
-5.808715050309103e-01 5.092393817610223e-01 0.000000000000000e+00
-5.882416444543892e-01 3.996613973860537e-01 0.000000000000000e+00
6.599602424020725e-01 8.731702492610402e-02 0.000000000000000e+00
6.566079077842292e-01 -1.439228448180473e-02 0.000000000000000e+00
6.182165702728761e-01 -1.969200849281579e-01 0.000000000000000e+00
-5.005450998414485e-01 3.516727363600491e-01 0.000000000000000e+00
-4.167153003427728e-01 -5.928073236148057e-01 0.000000000000000e+00
5.111818622329417e-01 2.793896623070257e-01 0.000000000000000e+00
450
186 147 246 0
186 246 197 0
235 186 187 0
180 139 261 0
261 139 254 0
213 244 146 0
244 213 208 0
86 141 87 0
87 141 184 0
141 202 254 0
131 233 263 0
131 263 149 0
202 261 254 0
260 81 82 0
260 82 259 0
244 246 146 0
146 246 147 0
138 42 83 0
42 138 41 0
179 150 149 0
150 53 54 0
249 179 230 0
230 179 263 0
263 179 149 0
119 258 243 0
119 243 120 0
184 141 140 0
117 253 114 0
114 253 226 0
114 226 168 0
205 159 89 0
89 159 264 0
264 159 224 0
224 159 161 0
224 161 251 0
225 190 259 0
259 190 178 0
135 126 227 0
135 227 153 0
226 110 240 0
240 110 252 0
227 80 195 0
227 195 153 0
238 180 260 0
168 226 240 0
85 180 261 0
85 261 169 0
92 90 232 0
169 38 85 0
10 145 9 0
145 147 94 0
127 22 125 0
127 215 21 0
208 12 214 0
12 213 11 0
206 122 123 0
122 27 28 0
112 111 152 0
112 182 110 0
260 180 81 0
82 143 259 0
91 160 162 0
91 75 237 0
173 247 124 0
247 173 120 0
170 129 128 0
129 60 124 0
204 193 205 0
193 159 205 0
217 125 23 0
90 93 232 0
93 90 8 0
210 16 102 0
16 210 15 0
223 86 88 0
86 223 203 0
85 39 81 0
146 11 213 0
11 146 10 0
89 264 4 0
214 13 211 0
13 214 12 0
181 253 116 0
253 181 152 0
200 102 16 0
200 199 262 0
166 165 107 0
165 34 35 0
92 6 7 0
6 92 204 0
1 81 39 0
121 218 20 0
218 155 157 0
101 15 210 0
15 101 14 0
3 194 142 0
194 264 224 0
21 215 121 0
215 126 228 0
19 20 218 0
19 157 156 0
134 206 233 0
134 26 27 0
130 25 26 0
130 79 24 0
201 242 199 0
242 201 156 0
221 222 123 0
222 221 118 0
262 102 200 0
262 199 242 0
167 183 165 0
167 250 182 0
88 36 223 0
88 87 107 0
2 82 1 0
143 225 259 0
37 169 203 0
250 110 182 0
33 112 32 0
205 5 6 0
216 204 92 0
227 125 217 0
166 107 87 0
35 36 88 0
116 118 29 0
103 102 262 0
16 17 200 0
144 211 13 0
211 212 209 0
80 79 195 0
131 196 233 0
233 206 263 0
224 142 194 0
202 86 203 0
4 264 194 0
142 225 143 0
235 234 93 0
235 147 186 0
29 30 116 0
29 221 28 0
196 79 198 0
79 196 195 0
230 263 206 0
230 222 249 0
234 231 232 0
231 234 187 0
257 258 119 0
258 262 242 0
256 248 212 0
256 255 236 0
167 182 183 0
250 241 252 0
249 113 172 0
113 117 114 0
207 245 244 0
207 229 239 0
245 239 197 0
220 247 243 0
247 220 219 0
184 185 166 0
192 216 231 0
92 232 216 0
240 108 168 0
86 202 141 0
228 136 128 0
228 155 218 0
103 255 99 0
236 248 256 0
195 133 153 0
103 262 258 0
103 257 105 0
189 78 177 0
78 189 77 0
76 237 75 0
237 161 160 0
109 50 115 0
50 109 49 0
46 174 45 0
174 176 140 0
44 84 43 0
84 141 83 0
241 185 176 0
166 87 184 0
164 252 241 0
252 110 250 0
115 172 113 0
131 151 132 0
106 105 257 0
238 260 178 0
154 58 170 0
154 158 57 0
152 226 253 0
202 169 261 0
249 172 171 0
222 117 113 0
159 193 160 0
188 161 237 0
188 190 251 0
132 56 158 0
132 151 55 0
171 52 53 0
192 162 160 0
192 231 163 0
140 176 184 0
40 177 78 0
177 178 190 0
191 248 236 0
212 100 256 0
104 236 105 0
104 66 191 0
243 247 120 0
242 156 220 0
41 137 40 0
137 238 178 0
69 98 68 0
98 239 97 0
229 212 248 0
239 245 207 0
47 175 46 0
175 241 176 0
120 62 63 0
62 173 61 0
96 197 239 0
245 246 244 0
128 219 228 0
136 135 170 0
170 128 136 0
59 60 129 0
227 217 80 0
106 65 104 0
95 186 148 0
235 93 94 0
228 121 215 0
155 220 156 0
259 178 260 0
225 251 190 0
143 2 3 0
188 251 161 0
154 153 158 0
153 133 158 0
230 206 123 0
134 233 198 0
168 115 114 0
222 113 249 0
147 235 94 0
232 93 234 0
163 187 95 0
187 163 231 0
163 162 192 0
258 242 243 0
103 258 257 0
106 257 119 0
255 105 236 0
100 255 256 0
100 99 255 0
105 255 103 0
248 191 97 0
83 141 254 0
254 139 83 0
117 116 253 0
164 240 252 0
225 224 251 0
185 241 250 0
167 185 250 0
249 171 179 0
180 238 139 0
97 229 248 0
97 239 229 0
212 207 209 0
124 219 128 0
219 124 247 0
219 155 228 0
245 197 246 0
148 197 96 0
207 244 208 0
62 120 173 0
59 129 170 0
170 135 154 0
242 220 243 0
164 175 47 0
175 164 241 0
171 53 150 0
52 172 51 0
240 164 108 0
185 167 166 0
96 98 69 0
98 96 239 0
137 41 138 0
137 139 238 0
91 237 160 0
188 237 76 0
191 236 104 0
65 66 104 0
187 234 235 0
189 188 77 0
188 76 77 0
133 196 131 0
196 198 233 0
193 216 192 0
231 216 232 0
228 126 136 0
226 111 110 0
123 222 230 0
212 229 207 0
228 218 121 0
126 125 227 0
127 21 22 0
214 211 209 0
24 217 23 0
31 181 30 0
111 226 152 0
37 223 36 0
123 28 221 0
224 225 142 0
144 14 101 0
100 211 144 0
19 201 18 0
18 199 17 0
37 203 223 0
31 152 181 0
94 9 145 0
33 182 112 0
117 222 118 0
221 29 118 0
155 219 220 0
218 157 19 0
210 102 99 0
201 199 18 0
198 79 130 0
26 198 130 0
217 24 80 0
204 216 193 0
35 107 165 0
34 183 33 0
126 215 127 0
208 214 209 0
213 12 208 0
211 100 212 0
101 210 99 0
5 205 89 0
82 2 143 0
207 208 209 0
134 122 206 0
6 204 205 0
183 34 165 0
202 203 169 0
152 32 112 0
146 145 10 0
201 19 156 0
17 199 200 0
198 26 134 0
91 162 74 0
97 191 67 0
189 177 190 0
73 163 72 0
140 45 174 0
45 140 44 0
186 197 148 0
148 71 95 0
49 108 48 0
115 51 172 0
51 115 50 0
43 83 42 0
57 58 154 0
158 133 132 0
131 149 151 0
133 195 196 0
4 194 3 0
144 101 100 0
192 160 193 0
66 67 191 0
188 189 190 0
95 72 163 0
186 95 187 0
109 115 168 0
184 176 185 0
140 84 44 0
64 106 119 0
182 33 183 0
181 116 30 0
81 180 85 0
137 177 40 0
149 54 151 0
171 150 179 0
138 83 139 0
177 137 178 0
97 67 68 0
175 174 46 0
164 48 108 0
174 175 176 0
162 73 74 0
124 61 173 0
52 171 172 0
96 70 148 0
58 59 170 0
169 37 38 0
108 109 168 0
165 166 167 0
47 48 164 0
65 106 64 0
64 119 63 0
9 93 8 0
162 163 73 0
159 160 161 0
56 57 158 0
132 55 56 0
155 156 157 0
125 22 23 0
153 154 135 0
32 152 31 0
151 54 55 0
54 149 150 0
70 71 148 0
145 146 147 0
144 13 14 0
3 142 143 0
140 141 84 0
137 138 139 0
135 136 126 0
134 27 122 0
131 132 133 0
24 25 130 0
124 128 129 0
125 126 127 0
124 60 61 0
122 28 123 0
20 21 121 0
119 120 63 0
116 117 118 0
113 114 115 0
110 111 112 0
108 49 109 0
35 88 107 0
104 105 106 0
99 102 103 0
99 100 101 0
97 68 98 0
69 70 96 0
71 72 95 0
93 9 94 0
7 90 92 0
74 75 91 0
7 8 90 0
89 4 5 0
86 87 88 0
38 39 85 0
83 43 84 0
81 1 82 0
24 79 80 0
