971
1.000000000000000e+01 0.000000000000000e+00 0.000000000000000e+00
9.458172417006347e+00 -3.246994692046838e+00 0.000000000000000e+00
7.891405093963933e+00 -6.142127126896680e+00 0.000000000000000e+00
5.469481581224266e+00 -8.371664782625288e+00 0.000000000000000e+00
2.454854871407988e+00 -9.694002659393306e+00 0.000000000000000e+00
-8.257934547233186e-01 -9.965844930066698e+00 0.000000000000000e+00
-4.016954246529699e+00 -9.157733266550572e+00 0.000000000000000e+00
-6.772815716257414e+00 -7.357239106731313e+00 0.000000000000000e+00
-8.794737512064886e+00 -4.759473930370743e+00 0.000000000000000e+00
-9.863613034027223e+00 -1.645945902807342e+00 0.000000000000000e+00
-9.863613034027223e+00 1.645945902807340e+00 0.000000000000000e+00
-8.794737512064890e+00 4.759473930370737e+00 0.000000000000000e+00
-6.772815716257412e+00 7.357239106731315e+00 0.000000000000000e+00
-4.016954246529693e+00 9.157733266550576e+00 0.000000000000000e+00
-8.257934547233249e-01 9.965844930066698e+00 0.000000000000000e+00
2.454854871407993e+00 9.694002659393304e+00 0.000000000000000e+00
5.469481581224269e+00 8.371664782625285e+00 0.000000000000000e+00
7.891405093963936e+00 6.142127126896678e+00 0.000000000000000e+00
9.458172417006347e+00 3.246994692046834e+00 0.000000000000000e+00
3.717975646451506e-01 -1.908421666436576e-01 0.000000000000000e+00
3.583356082463019e-01 -2.453568418560851e-01 0.000000000000000e+00
2.965297698925887e-01 -1.880690417682686e-01 0.000000000000000e+00
2.927189385119489e-01 -2.640138029865560e-01 0.000000000000000e+00
-6.494591955428139e-02 2.831782644877954e-01 0.000000000000000e+00
-1.073413810729069e-01 3.210246670043597e-01 0.000000000000000e+00
-5.382184619976186e-02 3.607537067548904e-01 0.000000000000000e+00
-1.311019207196366e-01 2.638566129191706e-01 0.000000000000000e+00
-7.734379685003897e-04 5.042684267175356e-02 0.000000000000000e+00
-5.492173610573928e-02 1.184504085320564e-02 0.000000000000000e+00
-6.315675344247249e-02 7.487172697934907e-02 0.000000000000000e+00
-2.939030462569268e-03 1.227306570496092e-01 0.000000000000000e+00
6.226943912311480e-02 8.821611735384996e-02 0.000000000000000e+00
-3.333108387388846e-01 1.213890351762415e-01 0.000000000000000e+00
-3.404031013303123e-01 1.896178444745854e-01 0.000000000000000e+00
-2.890817934166194e-01 1.673539551745449e-01 0.000000000000000e+00
-4.073374977031534e-01 1.411662206746454e-01 0.000000000000000e+00
-3.923945768171493e-01 -6.188544282103720e-02 0.000000000000000e+00
-4.457851880578002e-01 -6.944696115602743e-02 0.000000000000000e+00
-4.338315897107143e-01 6.627810034612949e-04 0.000000000000000e+00
-4.983786540671050e-01 -4.023328435836269e-02 0.000000000000000e+00
1.429466588215269e-01 4.058854813227379e-01 0.000000000000000e+00
1.285987881964902e-01 3.415440484386903e-01 0.000000000000000e+00
8.907147422115877e-02 3.759118907363129e-01 0.000000000000000e+00
1.904163427079462e-01 3.601198345699689e-01 0.000000000000000e+00
2.871453926131668e-01 -3.317065443477802e-01 0.000000000000000e+00
3.463621767547996e-01 -3.606012236719073e-01 0.000000000000000e+00
2.840323733655778e-01 -4.114919329468283e-01 0.000000000000000e+00
-1.024473894440962e-01 -3.080082794920234e-01 0.000000000000000e+00
-8.704938256049850e-02 -2.365144366524368e-01 0.000000000000000e+00
-2.819142610811680e-02 -2.877400675898196e-01 0.000000000000000e+00
-6.012378838923643e-02 -3.710289767855616e-01 0.000000000000000e+00
-1.248851896319804e-01 -3.625362747509611e-01 0.000000000000000e+00
3.396429594064984e-01 -3.001131991649196e-01 0.000000000000000e+00
3.997213817017503e-01 -3.003711321189898e-01 0.000000000000000e+00
2.582662432306035e-01 3.681805555216320e-01 0.000000000000000e+00
2.143462807015271e-01 4.517252173051911e-01 0.000000000000000e+00
2.840323733655780e-01 4.114919329468282e-01 0.000000000000000e+00
3.463621767547997e-01 3.606012236719072e-01 0.000000000000000e+00
2.887487788901352e-01 3.097567440710524e-01 0.000000000000000e+00
1.170545178085192e-01 1.310872878942066e-01 0.000000000000000e+00
5.712437719617567e-02 1.441771734883384e-01 0.000000000000000e+00
9.220614889535061e-02 1.893993621286733e-01 0.000000000000000e+00
1.607135179155158e-01 1.855632469942602e-01 0.000000000000000e+00
-2.438389477896412e-01 3.000863113699596e-01 0.000000000000000e+00
-2.008150343182276e-01 2.510977074008710e-01 0.000000000000000e+00
-2.741422181689754e-01 2.278687952833207e-01 0.000000000000000e+00
-3.334205300668220e-01 2.706058423086885e-01 0.000000000000000e+00
-2.865791971157928e-01 3.510315035206250e-01 0.000000000000000e+00
-9.878138479218945e-02 -1.076554651512230e-01 0.000000000000000e+00
-4.766402986665512e-02 -5.076558924611564e-02 0.000000000000000e+00
-3.941410519118746e-02 -9.248150100239737e-02 0.000000000000000e+00
1.174007396120373e-02 -7.710488634393782e-02 0.000000000000000e+00
-2.196632440524535e-02 -1.407722911920672e-01 0.000000000000000e+00
3.858396708795261e-01 2.428645813367508e-01 0.000000000000000e+00
3.994844662729213e-01 1.828007663678241e-01 0.000000000000000e+00
3.396741763161445e-01 2.135430276311292e-01 0.000000000000000e+00
3.393203082587457e-01 2.787313272936183e-01 0.000000000000000e+00
3.997213817017506e-01 3.003711321189894e-01 0.000000000000000e+00
1.110261799178231e-01 2.902730748464004e-01 0.000000000000000e+00
1.655717669851840e-01 2.963520902036715e-01 0.000000000000000e+00
1.318798869254257e-01 2.417253228883323e-01 0.000000000000000e+00
5.940801342911026e-02 2.532127572791936e-01 0.000000000000000e+00
-2.847808447480671e-02 1.773086977955640e-01 0.000000000000000e+00
-1.480369870271963e-02 2.350374900486309e-01 0.000000000000000e+00
2.594030520389253e-02 1.866948034171469e-01 0.000000000000000e+00
-7.349905887538830e-02 1.374192376412625e-01 0.000000000000000e+00
-4.225950427718975e-01 -2.672329130639003e-01 0.000000000000000e+00
-3.795809672379858e-01 -2.013831139091168e-01 0.000000000000000e+00
-3.778829691640032e-01 -2.642124914070677e-01 0.000000000000000e+00
-3.354629031741094e-01 -2.597687007563017e-01 0.000000000000000e+00
-7.759310584187963e-02 4.306176278372775e-01 0.000000000000000e+00
-2.017877890297859e-02 4.235560555304662e-01 0.000000000000000e+00
-2.013297005470745e-02 4.995944990857848e-01 0.000000000000000e+00
2.589757634263205e-02 4.458833733775687e-01 0.000000000000000e+00
4.281547062957314e-01 -3.298245252234237e-02 0.000000000000000e+00
3.529862058935305e-01 -2.139757823897077e-02 0.000000000000000e+00
3.935436299712663e-01 1.208232842613382e-02 0.000000000000000e+00
3.607817040709795e-01 5.700187175961420e-02 0.000000000000000e+00
4.321090306635904e-01 3.973728162022115e-02 0.000000000000000e+00
-3.401167510378281e-01 -5.546980656831962e-02 0.000000000000000e+00
-3.487217136902899e-01 -1.215055736708295e-01 0.000000000000000e+00
-3.847569928513372e-01 6.537411125742346e-02 0.000000000000000e+00
-4.428498465101395e-01 7.348095046425820e-02 0.000000000000000e+00
-4.983786540671050e-01 4.023328435836304e-02 0.000000000000000e+00
-4.854709087130260e-01 1.196578321437790e-01 0.000000000000000e+00
-3.004839660250616e-01 -1.414254900239159e-02 0.000000000000000e+00
-3.630557043836159e-01 -1.662101600019743e-03 0.000000000000000e+00
-3.172405660872257e-01 5.330507665023724e-02 0.000000000000000e+00
-2.502972108237960e-01 3.455493118438008e-02 0.000000000000000e+00
-2.396197837763142e-01 -3.652794730103761e-02 0.000000000000000e+00
-2.301667168721327e-01 1.838861003716623e-01 0.000000000000000e+00
-2.610450810446597e-01 1.115170028260124e-01 0.000000000000000e+00
-1.497745857292737e-01 -2.565441647761837e-01 0.000000000000000e+00
-1.388547179144108e-01 -1.822300523889814e-01 0.000000000000000e+00
-7.361663457767062e-02 -1.744918529031378e-01 0.000000000000000e+00
2.174165723962608e-02 -1.814037688103177e-01 0.000000000000000e+00
3.275717960993597e-02 -2.379487194367612e-01 0.000000000000000e+00
-2.645639336156713e-02 -2.101554981202737e-01 0.000000000000000e+00
8.254811166721708e-02 -8.056838521336873e-02 0.000000000000000e+00
5.798001185977283e-02 -3.281061638358376e-02 0.000000000000000e+00
5.599874434382694e-03 -1.199269709595985e-02 0.000000000000000e+00
6.494507421126151e-02 2.259331155127093e-02 0.000000000000000e+00
-3.131279968956513e-01 -1.908735441218340e-01 0.000000000000000e+00
-2.889202114213305e-01 -1.357643353203796e-01 0.000000000000000e+00
2.932581231153664e-01 2.395237018953261e-02 0.000000000000000e+00
2.986264847531206e-01 8.525891918076747e-02 0.000000000000000e+00
2.311418799814770e-01 6.504446021867455e-02 0.000000000000000e+00
2.638637356559483e-01 1.308693489654437e-01 0.000000000000000e+00
1.878603744209749e-01 -2.403766903258361e-01 0.000000000000000e+00
1.741272181103888e-01 -3.081480340366711e-01 0.000000000000000e+00
1.089897633118538e-01 -2.536576981297483e-01 0.000000000000000e+00
1.521304168715908e-01 -1.730651698366294e-01 0.000000000000000e+00
2.938079324625028e-03 3.030128887387897e-01 0.000000000000000e+00
-8.368458614485749e-02 2.068175285732962e-01 0.000000000000000e+00
-3.927491787403194e-01 2.129212250903715e-01 0.000000000000000e+00
-4.599897218294121e-01 1.959833049300376e-01 0.000000000000000e+00
-1.998191793962653e-01 -2.185028275969592e-01 0.000000000000000e+00
7.745084297571146e-02 -1.851222153911659e-01 0.000000000000000e+00
-4.161840233128014e-01 -1.265443657567391e-01 0.000000000000000e+00
-4.326916506503184e-01 -1.815410877164254e-01 0.000000000000000e+00
2.275051744241867e-01 -1.221100884960302e-01 0.000000000000000e+00
2.210137116901537e-01 -1.901222562755179e-01 0.000000000000000e+00
2.462397641994120e-01 -2.340364955665396e-01 0.000000000000000e+00
-2.314826902372615e-01 -1.123930591927727e-01 0.000000000000000e+00
-1.695054246302947e-01 -1.268145820332869e-01 0.000000000000000e+00
-1.971076759696781e-01 -1.649518622523289e-01 0.000000000000000e+00
-5.386898394378605e-02 -4.414527541590168e-01 0.000000000000000e+00
-1.161215629107424e-01 -4.207562709154051e-01 0.000000000000000e+00
-1.773024435212679e-01 -4.675081213427074e-01 0.000000000000000e+00
-1.805361250901610e-01 -3.921161724330497e-01 0.000000000000000e+00
7.995928086495820e-02 4.302423050140635e-01 0.000000000000000e+00
1.391087319582264e-01 4.802590558156861e-01 0.000000000000000e+00
2.915325126841946e-01 1.828572255106771e-01 0.000000000000000e+00
3.382707647302424e-01 1.380715514716847e-01 0.000000000000000e+00
4.161259519114374e-01 1.116298548447592e-01 0.000000000000000e+00
4.935251313189564e-01 8.020564042888011e-02 0.000000000000000e+00
3.856344218102664e-01 -8.716684155679842e-02 0.000000000000000e+00
3.313150650835586e-01 -8.225653695269922e-02 0.000000000000000e+00
3.486775457322018e-01 -1.363394048103272e-01 0.000000000000000e+00
2.962336797466666e-01 -1.156527804695115e-01 0.000000000000000e+00
-1.605029708780634e-01 2.024813610491279e-01 0.000000000000000e+00
-1.279973319130532e-01 1.546328774678043e-01 0.000000000000000e+00
2.771408436007972e-01 -4.948883032023222e-02 0.000000000000000e+00
2.385573515678319e-01 3.903873412200712e-03 0.000000000000000e+00
2.014776928184125e-01 -4.398482924685326e-02 0.000000000000000e+00
1.878997869578379e-01 1.511820084836593e-02 0.000000000000000e+00
4.127168865280559e-01 -1.520839587617224e-01 0.000000000000000e+00
4.391202122490926e-01 -1.007278838999585e-01 0.000000000000000e+00
4.935251313189564e-01 -8.020564042888031e-02 0.000000000000000e+00
-2.959350608824071e-01 -3.183888008439821e-01 0.000000000000000e+00
-2.432614641306011e-01 -3.609408770817631e-01 0.000000000000000e+00
-3.162226877976889e-01 -3.873024809138271e-01 0.000000000000000e+00
-3.742553740855507e-01 -3.315613291203975e-01 0.000000000000000e+00
6.899229038488609e-02 3.243885935519545e-01 0.000000000000000e+00
2.475645123882394e-02 3.809310705968093e-01 0.000000000000000e+00
2.356439447902897e-01 -2.896517899240156e-01 0.000000000000000e+00
2.755756650101180e-01 2.452512549318809e-01 0.000000000000000e+00
2.316935677260309e-01 1.841720206077186e-01 0.000000000000000e+00
1.998691826948294e-01 2.412438627178345e-01 0.000000000000000e+00
-1.236978370359966e-01 3.730715614034265e-01 0.000000000000000e+00
-1.366572302383636e-01 4.291479101277897e-01 0.000000000000000e+00
-1.987550747185461e-01 3.813738707066787e-01 0.000000000000000e+00
-1.773024435212677e-01 4.675081213427074e-01 0.000000000000000e+00
6.252107977182284e-02 -3.762509948441301e-01 0.000000000000000e+00
4.837721119739773e-02 -3.076345117979390e-01 0.000000000000000e+00
1.131065096697325e-01 -3.361260887052427e-01 0.000000000000000e+00
-1.776835312659259e-01 -3.224655459394283e-01 0.000000000000000e+00
2.316402214685894e-01 3.032063977608025e-01 0.000000000000000e+00
6.026834012766116e-02 -4.963544370490270e-01 0.000000000000000e+00
1.103267037055968e-02 -4.236081808064632e-01 0.000000000000000e+00
7.988091832203814e-02 -4.365193317242861e-01 0.000000000000000e+00
1.300118193666333e-01 -4.088161121520521e-01 0.000000000000000e+00
4.952783863349526e-03 -3.543504980346481e-01 0.000000000000000e+00
6.026834012766161e-02 4.963544370490270e-01 0.000000000000000e+00
1.711073957764535e-01 -3.720159845177763e-01 0.000000000000000e+00
2.257719808858468e-01 -3.596291722807106e-01 0.000000000000000e+00
-2.040622049543479e-01 7.795319254895741e-02 0.000000000000000e+00
-1.759776488237332e-01 1.432273075223283e-02 0.000000000000000e+00
-1.339289181706628e-01 8.878525085737979e-02 0.000000000000000e+00
1.915778034429390e-01 1.257516257287958e-01 0.000000000000000e+00
1.513968258475453e-01 -9.519731863257229e-02 0.000000000000000e+00
1.032219353912725e-01 -1.337036211399705e-01 0.000000000000000e+00
1.269072261025921e-01 -2.038102564778920e-02 0.000000000000000e+00
-2.615204761878195e-01 -2.509504918888592e-01 0.000000000000000e+00
-2.047618707878322e-01 -2.710611044508333e-01 0.000000000000000e+00
-2.381180940475369e-01 -3.060519485911839e-01 0.000000000000000e+00
-1.680183841445217e-01 3.155115859895627e-01 0.000000000000000e+00
-1.102069015064009e-01 -2.720402673638148e-02 0.000000000000000e+00
-1.086627604236429e-01 3.221971569742985e-02 0.000000000000000e+00
1.394025348668175e-01 5.985411324073448e-02 0.000000000000000e+00
4.692298137929547e-02 -1.330201199113205e-01 0.000000000000000e+00
-2.925737800415898e-01 -7.905544637958992e-02 0.000000000000000e+00
-2.499766164592122e-01 -1.789118501540794e-01 0.000000000000000e+00
-1.734078468772917e-01 -6.586758896106679e-02 0.000000000000000e+00
4.427280128266048e-01 -2.323615860218846e-01 0.000000000000000e+00
-1.883711254962939e-01 1.376610092179550e-01 0.000000000000000e+00
5.000000000000000e-01 0.000000000000000e+00 0.000000000000000e+00
-2.499999999999999e-01 4.330127018922194e-01 0.000000000000000e+00
-2.500000000000002e-01 -4.330127018922192e-01 0.000000000000000e+00
-4.225950427718973e-01 2.672329130639006e-01 0.000000000000000e+00
-3.742553740855504e-01 3.315613291203977e-01 0.000000000000000e+00
4.427280128266050e-01 2.323615860218843e-01 0.000000000000000e+00
4.742682209735727e-01 1.583339969007362e-01 0.000000000000000e+00
-2.013297005470757e-02 -4.995944990857848e-01 0.000000000000000e+00
-1.000128468880223e-01 -4.898953260211338e-01 0.000000000000000e+00
2.143462807015269e-01 -4.517252173051912e-01 0.000000000000000e+00
-4.854709087130261e-01 -1.196578321437787e-01 0.000000000000000e+00
-4.599897218294121e-01 -1.959833049300375e-01 0.000000000000000e+00
4.742682209735727e-01 -1.583339969007365e-01 0.000000000000000e+00
-1.000128468880222e-01 4.898953260211338e-01 0.000000000000000e+00
-3.162226877976886e-01 3.873024809138273e-01 0.000000000000000e+00
1.391087319582260e-01 -4.802590558156862e-01 0.000000000000000e+00
1.697704863506350e-01 7.060617177312354e-01 0.000000000000000e+00
1.224595537649502e-01 6.008021738760109e-01 0.000000000000000e+00
5.496137982426181e-02 6.529876786643035e-01 0.000000000000000e+00
4.795192581788560e-02 7.579388776435196e-01 0.000000000000000e+00
2.049387002142066e-01 6.055203951765399e-01 0.000000000000000e+00
2.904844959342414e-01 6.730731668416468e-01 0.000000000000000e+00
6.496007282366512e-01 -1.077266394111826e-01 0.000000000000000e+00
7.435898622267211e-01 -1.797944379535226e-01 0.000000000000000e+00
6.182165702728761e-01 -1.969200849281579e-01 0.000000000000000e+00
6.669601721853181e-01 -2.763350457925429e-01 0.000000000000000e+00
-4.329577401138326e-02 5.437962822561041e-01 0.000000000000000e+00
-3.209575951694968e-02 6.080882224271748e-01 0.000000000000000e+00
3.661559397933298e-02 5.608663493858890e-01 0.000000000000000e+00
-1.021112182417307e-01 5.640242172757000e-01 0.000000000000000e+00
5.101972307896453e-01 -3.345127211196486e-01 0.000000000000000e+00
6.164600593746353e-01 -3.986777964669829e-01 0.000000000000000e+00
4.843015944304766e-01 -4.125308943868616e-01 0.000000000000000e+00
5.105446436501386e-01 -5.125685787921563e-01 0.000000000000000e+00
5.730214762403956e-01 -2.808206242406630e-01 0.000000000000000e+00
-5.468755738440990e-01 -5.407250919993835e-01 0.000000000000000e+00
-4.206125890784078e-01 -4.923160920267691e-01 0.000000000000000e+00
-4.167153003427728e-01 -5.928073236148057e-01 0.000000000000000e+00
-5.185480130499917e-01 -6.660430555324161e-01 0.000000000000000e+00
6.566079077842292e-01 -1.439228448180473e-02 0.000000000000000e+00
5.708608703424636e-01 -4.680957001538880e-02 0.000000000000000e+00
5.732090093576991e-01 3.545219221519887e-02 0.000000000000000e+00
6.599602424020725e-01 8.731702492610402e-02 0.000000000000000e+00
8.650263195965540e-01 -2.130579322390906e-01 0.000000000000000e+00
9.485364419471454e-01 -3.166679938014730e-01 0.000000000000000e+00
7.834186795539868e-01 -3.328736236255924e-01 0.000000000000000e+00
9.870502626379128e-01 -1.604112808577606e-01 0.000000000000000e+00
-3.890583729739754e-01 -6.955685458409252e-01 0.000000000000000e+00
-4.792906960620378e-01 -7.632533300509878e-01 0.000000000000000e+00
-5.000000000000004e-01 -8.660254037844385e-01 0.000000000000000e+00
-6.324453755953777e-01 -7.746049618276541e-01 0.000000000000000e+00
-2.688779138997920e-01 -7.206636511104600e-01 0.000000000000000e+00
-3.014718142294869e-01 -6.159986226203460e-01 0.000000000000000e+00
-6.931226687649451e-01 4.901841223090080e-01 0.000000000000000e+00
-5.882416444543892e-01 3.996613973860537e-01 0.000000000000000e+00
-6.782250427918548e-01 3.295988177563740e-01 0.000000000000000e+00
-7.957140627744498e-01 3.748482662562844e-01 0.000000000000000e+00
6.355499987128060e-01 -5.800412351466452e-01 0.000000000000000e+00
-8.992711818759097e-02 -6.345142802810293e-01 0.000000000000000e+00
3.358059522414739e-03 -6.127663025149451e-01 0.000000000000000e+00
-3.187709198408094e-02 -7.122807586823743e-01 0.000000000000000e+00
8.919506139980149e-02 -6.580314003504368e-01 0.000000000000000e+00
5.790723862833889e-02 -7.858050130790903e-01 0.000000000000000e+00
4.385994598575469e-01 3.716098440448152e-01 0.000000000000000e+00
5.363189491727458e-01 3.658384714909392e-01 0.000000000000000e+00
4.657099331583180e-01 3.099141391967308e-01 0.000000000000000e+00
5.111818622329417e-01 2.793896623070257e-01 0.000000000000000e+00
5.874813095308582e-01 2.664166922626556e-01 0.000000000000000e+00
6.620966970645611e-01 3.683430361271491e-01 0.000000000000000e+00
6.930287484641805e-01 2.630140539462374e-01 0.000000000000000e+00
6.369386622288182e-01 1.826099262260308e-01 0.000000000000000e+00
7.619359682770743e-01 1.720427545623925e-01 0.000000000000000e+00
7.603613617657493e-01 2.939080672448236e-02 0.000000000000000e+00
-7.135923505135486e-01 -1.830082162304059e-01 0.000000000000000e+00
-6.167594308745140e-01 -1.106589326569344e-01 0.000000000000000e+00
-5.896364052190302e-01 -2.292442955629595e-01 0.000000000000000e+00
-6.813512286895295e-01 -3.077564123491712e-01 0.000000000000000e+00
1.988800217731682e-01 -6.192240625782314e-01 0.000000000000000e+00
1.765851715072661e-01 -7.339964385136815e-01 0.000000000000000e+00
2.669381443599760e-01 -6.847248116003347e-01 0.000000000000000e+00
-5.109979434520424e-01 -2.782460294683141e-01 0.000000000000000e+00
-5.679626098095644e-01 -3.351114461954741e-01 0.000000000000000e+00
7.326192945763871e-01 -6.899548758869119e-02 0.000000000000000e+00
5.551986418115711e-01 -1.333237213709247e-01 0.000000000000000e+00
5.275012362033353e-01 -2.117152856763017e-01 0.000000000000000e+00
3.396846875273981e-01 4.499238778535082e-01 0.000000000000000e+00
2.770348427651336e-01 4.689874231249015e-01 0.000000000000000e+00
3.161858804614993e-01 5.214806662272442e-01 0.000000000000000e+00
1.036697260990457e-01 5.343864536891504e-01 0.000000000000000e+00
1.593350122100795e-01 5.476295439534667e-01 0.000000000000000e+00
-5.405655068892558e-01 -9.642492367162786e-02 0.000000000000000e+00
-5.332561469756713e-01 -1.639175479939673e-01 0.000000000000000e+00
-5.689623938159624e-01 -4.765702120509627e-02 0.000000000000000e+00
-1.522848817013694e-01 5.239946360184651e-01 0.000000000000000e+00
-3.250769271691563e-01 -5.295310765046540e-01 0.000000000000000e+00
-2.641519858956531e-01 -4.827811414208901e-01 0.000000000000000e+00
-2.371289192757411e-01 -5.420770425297163e-01 0.000000000000000e+00
1.711337911169341e-01 -5.395066235128924e-01 0.000000000000000e+00
1.363960447606511e-01 -5.934179280333217e-01 0.000000000000000e+00
8.897900400502892e-02 -5.598565938132907e-01 0.000000000000000e+00
2.490926635030035e-01 -5.325568835316329e-01 0.000000000000000e+00
5.656459711244881e-01 1.219327683765908e-01 0.000000000000000e+00
6.833905770381823e-01 5.939719003507162e-01 0.000000000000000e+00
5.951680622626623e-01 5.016817382107822e-01 0.000000000000000e+00
5.781222506337074e-01 6.612758102953091e-01 0.000000000000000e+00
7.994427634035012e-01 6.007422642379788e-01 0.000000000000000e+00
7.374787235454922e-01 4.760623872112564e-01 0.000000000000000e+00
-8.642654795342354e-01 2.737250693625707e-01 0.000000000000000e+00
-7.637043365321297e-01 2.375161819276264e-01 0.000000000000000e+00
-8.616119446888886e-01 1.392250568661326e-01 0.000000000000000e+00
-8.489185387574821e-01 -1.135117954332635e-01 0.000000000000000e+00
-9.020019305885599e-01 1.179346255873762e-02 0.000000000000000e+00
-7.834869442166795e-01 1.516344451476736e-02 0.000000000000000e+00
-9.967573081342099e-01 8.046656871672608e-02 0.000000000000000e+00
4.017168553646797e-01 4.308179714442906e-01 0.000000000000000e+00
4.743187682215344e-01 4.593493442962487e-01 0.000000000000000e+00
-5.035351262183407e-01 -2.260114840464493e-01 0.000000000000000e+00
2.263296355205290e-01 5.204654235375625e-01 0.000000000000000e+00
-3.639916493317675e-01 4.024446322917724e-01 0.000000000000000e+00
-4.268853973857010e-01 3.868397915827171e-01 0.000000000000000e+00
4.573684265346992e-01 -2.952669528488536e-01 0.000000000000000e+00
4.330582563589720e-01 -3.524681327424186e-01 0.000000000000000e+00
5.015744950949920e-01 -2.685317005954435e-01 0.000000000000000e+00
-2.173780514242313e-01 5.284349705365822e-01 0.000000000000000e+00
1.668076837358520e-02 -5.467243501959526e-01 0.000000000000000e+00
-5.000262276771066e-02 -5.614216703519512e-01 0.000000000000000e+00
-4.423449909595287e-01 3.211073569654190e-01 0.000000000000000e+00
-4.874440407130464e-01 2.682300147000305e-01 0.000000000000000e+00
-5.005450998414485e-01 3.516727363600491e-01 0.000000000000000e+00
4.141479517498216e-01 -4.758454491069065e-01 0.000000000000000e+00
3.434460857677448e-01 -4.410693291773303e-01 0.000000000000000e+00
4.024384184549737e-01 -4.084081458294302e-01 0.000000000000000e+00
-5.527598542751029e-01 6.001667235216471e-03 0.000000000000000e+00
-5.559436546320344e-01 6.682042621885570e-02 0.000000000000000e+00
-6.139425297934604e-01 1.120749208287722e-01 0.000000000000000e+00
-5.536070526148771e-01 1.161692055059372e-01 0.000000000000000e+00
-3.157467117629312e-01 4.466089285964525e-01 0.000000000000000e+00
5.143267932059574e-01 2.248359534109793e-01 0.000000000000000e+00
5.557321914127389e-01 1.908258674353986e-01 0.000000000000000e+00
-6.421359147933079e-01 1.084493116232258e-02 0.000000000000000e+00
-5.648677343147781e-01 1.704694170016320e-01 0.000000000000000e+00
-3.307499551748784e-01 -4.535846128380291e-01 0.000000000000000e+00
-3.983740782909037e-01 -3.487825456070522e-01 0.000000000000000e+00
-4.708081216209191e-01 -3.461341958324162e-01 0.000000000000000e+00
-5.142988855384006e-01 2.047167720977743e-01 0.000000000000000e+00
-5.706993311427500e-01 2.745863022899881e-01 0.000000000000000e+00
-1.641703693356953e-01 -5.355896727201167e-01 0.000000000000000e+00
-1.905999755031870e-01 -6.210536205695841e-01 0.000000000000000e+00
-1.190615707951505e-01 -5.673948714044936e-01 0.000000000000000e+00
3.335143364918264e-01 -5.148812176650815e-01 0.000000000000000e+00
2.838541672785423e-01 -4.717937218680702e-01 0.000000000000000e+00
3.039308674494554e-01 -6.011367617891415e-01 0.000000000000000e+00
3.965824731411048e-01 5.071478502445349e-01 0.000000000000000e+00
-4.853001650642468e-01 4.618816396684375e-01 0.000000000000000e+00
-2.525859332064809e-01 4.807440422497971e-01 0.000000000000000e+00
-2.388759253380457e-01 6.132118848403305e-01 0.000000000000000e+00
-1.658781790967561e-01 5.735977478313640e-01 0.000000000000000e+00
-5.071470079367374e-01 -4.257228508498931e-01 0.000000000000000e+00
2.772389573614150e-01 5.834478941154108e-01 0.000000000000000e+00
-4.079891651784622e-01 -4.116818091047198e-01 0.000000000000000e+00
3.653884901848109e-01 6.006631800890176e-01 0.000000000000000e+00
-5.808715050309103e-01 5.092393817610223e-01 0.000000000000000e+00
-3.342347119115567e-01 6.070401578162889e-01 0.000000000000000e+00
-3.029345453073812e-01 6.989077971808523e-01 0.000000000000000e+00
-4.062869654805588e-01 5.477881188892849e-01 0.000000000000000e+00
-4.094510215029047e-01 6.540735094635328e-01 0.000000000000000e+00
3.695426683360778e-01 -6.758371065461336e-01 0.000000000000000e+00
-1.513795075978315e-01 -7.321684581628272e-01 0.000000000000000e+00
-2.360428156710314e-01 -8.392911599971000e-01 0.000000000000000e+00
-1.190998682359032e-01 6.447730890999582e-01 0.000000000000000e+00
-2.334998769502755e-02 6.864150475549727e-01 0.000000000000000e+00
-1.968960980027129e-01 7.097503911251914e-01 0.000000000000000e+00
-8.776940399638729e-02 7.712540459064793e-01 0.000000000000000e+00
-6.530285835506862e-01 2.050099424988487e-01 0.000000000000000e+00
-7.187521454610168e-01 1.153107494414798e-01 0.000000000000000e+00
4.066142832023908e-01 -5.668851605174080e-01 0.000000000000000e+00
4.775268095304669e-01 5.790001903421300e-01 0.000000000000000e+00
1.579582632154441e-01 -8.648367236523764e-01 0.000000000000000e+00
-7.215812449395391e-01 -7.536251126791663e-02 0.000000000000000e+00
-3.868480756269662e-01 4.599106312454674e-01 0.000000000000000e+00
-6.286107958089070e-01 -4.244828713297348e-01 0.000000000000000e+00
-5.018482586714699e-01 5.839279298326555e-01 0.000000000000000e+00
8.792883856203165e-01 2.153062447391451e-01 0.000000000000000e+00
9.870502626379128e-01 1.604112808577602e-01 0.000000000000000e+00
8.774136959293170e-01 8.806368010337759e-02 0.000000000000000e+00
9.485364419471455e-01 3.166679938014725e-01 0.000000000000000e+00
8.854560256532099e-01 4.647231720437685e-01 0.000000000000000e+00
3.973239249691344e-02 -8.987978387664483e-01 0.000000000000000e+00
-4.026594010941514e-02 -9.991889981715696e-01 0.000000000000000e+00
-8.415036486531081e-02 -8.468869185092247e-01 0.000000000000000e+00
1.205366802553223e-01 -9.927088740980541e-01 0.000000000000000e+00
5.680647467311556e-01 -8.229838658936566e-01 0.000000000000000e+00
5.702879690647029e-01 -7.021277016085611e-01 0.000000000000000e+00
6.927243535095993e-01 -7.212024473438146e-01 0.000000000000000e+00
4.953593417627747e-01 -6.318462554207493e-01 0.000000000000000e+00
7.994427634035006e-01 -6.007422642379796e-01 0.000000000000000e+00
7.477488021157153e-01 -4.779480961590513e-01 0.000000000000000e+00
8.854560256532096e-01 -4.647231720437692e-01 0.000000000000000e+00
3.040577334006253e-01 -8.002883232155752e-01 0.000000000000000e+00
-6.305403671434504e-01 -6.347683857542159e-01 0.000000000000000e+00
-6.961826916113012e-01 -5.345002214926755e-01 0.000000000000000e+00
-6.151055925881159e-01 6.203525086347247e-01 0.000000000000000e+00
-8.185330303689063e-01 -2.711295656853484e-01 0.000000000000000e+00
-9.709418174260521e-01 -2.393156642875574e-01 0.000000000000000e+00
-7.685718095735701e-01 -4.081287498780368e-01 0.000000000000000e+00
-9.199794436588242e-01 -3.919666098600749e-01 0.000000000000000e+00
-3.713124476082288e-01 -8.033030555782210e-01 0.000000000000000e+00
7.993182158508362e-01 3.269122122971432e-01 0.000000000000000e+00
-8.451900855437950e-01 -5.344658261278007e-01 0.000000000000000e+00
-7.485107481711013e-01 -6.631226582407950e-01 0.000000000000000e+00
-3.546048870425359e-01 -9.350162426854147e-01 0.000000000000000e+00
4.294427036696543e-01 7.272890404036328e-01 0.000000000000000e+00
1.000000000000000e+00 0.000000000000000e+00 0.000000000000000e+00
-3.881431429339902e-01 7.811569729059480e-01 0.000000000000000e+00
-3.099835212505113e-01 5.243987726783327e-01 0.000000000000000e+00
-5.094948555773186e-01 7.126157379304809e-01 0.000000000000000e+00
-4.999999999999998e-01 8.660254037844387e-01 0.000000000000000e+00
8.529366128685847e-01 -7.245488282142833e-02 0.000000000000000e+00
-4.026594010941490e-02 9.991889981715697e-01 0.000000000000000e+00
-1.086727027683455e-01 8.950002288253069e-01 0.000000000000000e+00
-2.000256937760443e-01 9.797906520422677e-01 0.000000000000000e+00
-2.371033779805598e-01 8.254223472506957e-01 0.000000000000000e+00
4.286925614030538e-01 -9.034504346103824e-01 0.000000000000000e+00
4.568707962238437e-01 -7.590390490526148e-01 0.000000000000000e+00
-9.199794436588242e-01 3.919666098600751e-01 0.000000000000000e+00
-8.451900855437946e-01 5.344658261278012e-01 0.000000000000000e+00
-9.709418174260519e-01 2.393156642875581e-01 0.000000000000000e+00
1.676035224848954e-02 8.785503595632119e-01 0.000000000000000e+00
-9.967573081342100e-01 -8.046656871672539e-02 0.000000000000000e+00
-6.324453755953772e-01 7.746049618276546e-01 0.000000000000000e+00
2.923244065748966e-01 8.037928146098641e-01 0.000000000000000e+00
1.573387281753421e-01 8.523644164409153e-01 0.000000000000000e+00
-2.000256937760446e-01 -9.797906520422677e-01 0.000000000000000e+00
6.927243535095995e-01 7.212024473438144e-01 0.000000000000000e+00
-3.546048870425355e-01 9.350162426854148e-01 0.000000000000000e+00
5.680647467311559e-01 8.229838658936564e-01 0.000000000000000e+00
4.286925614030542e-01 9.034504346103822e-01 0.000000000000000e+00
2.782174639164527e-01 9.605181116313722e-01 0.000000000000000e+00
2.782174639164521e-01 -9.605181116313725e-01 0.000000000000000e+00
-7.485107481711009e-01 6.631226582407954e-01 0.000000000000000e+00
1.205366802553232e-01 9.927088740980540e-01 0.000000000000000e+00
1.405359358341820e+00 4.616158585678577e+00 0.000000000000000e+00
2.538270189850328e+00 5.174055806469667e+00 0.000000000000000e+00
2.142299095690453e+00 4.290729325145350e+00 0.000000000000000e+00
1.135933193334988e+00 5.720517316470962e+00 0.000000000000000e+00
2.805464025548789e+00 6.972728751957494e+00 0.000000000000000e+00
5.093110007432764e-01 7.486972165594249e+00 0.000000000000000e+00
3.336137914963900e-01 4.627749335412833e+00 0.000000000000000e+00
-6.192973972150355e-01 5.550274700605764e+00 0.000000000000000e+00
-1.261071815189113e+00 -1.773335512454350e-01 0.000000000000000e+00
-1.137089735404371e+00 -6.088622532463066e-02 0.000000000000000e+00
-1.104354333583163e+00 -2.148326085796713e-01 0.000000000000000e+00
-1.215240256039765e+00 -3.514272071717143e-01 0.000000000000000e+00
-4.104373646136484e-01 1.067844216009855e+00 0.000000000000000e+00
-4.978744048654893e-01 9.769253695956772e-01 0.000000000000000e+00
-5.640184147099635e-01 1.087654483841885e+00 0.000000000000000e+00
-6.507990287739679e-01 9.440621812870856e-01 0.000000000000000e+00
1.200924987820367e+00 5.969603203285753e-01 0.000000000000000e+00
1.307029402489083e+00 7.539399071592157e-01 0.000000000000000e+00
1.408577699836961e+00 5.943999051509627e-01 0.000000000000000e+00
1.039505119625317e+00 6.093905653941015e-01 0.000000000000000e+00
1.105013225058064e+00 7.914534944431392e-01 0.000000000000000e+00
-3.052818289927457e+00 -2.490853285873936e-01 0.000000000000000e+00
-3.630753827288904e+00 -4.695249114811672e-01 0.000000000000000e+00
-3.392756540913449e+00 3.514829082817962e-02 0.000000000000000e+00
-3.896591875879670e+00 1.273751503085053e-01 0.000000000000000e+00
-1.878902048297794e+00 -2.834970253154732e-01 0.000000000000000e+00
-2.222639680355055e+00 -2.911596326291844e-01 0.000000000000000e+00
-1.985274132962620e+00 -6.728293108293028e-02 0.000000000000000e+00
-2.230079478123848e+00 9.588705335294020e-02 0.000000000000000e+00
1.380077199453304e+00 2.426654198319624e-01 0.000000000000000e+00
1.597082661997610e+00 2.737375737401462e-01 0.000000000000000e+00
1.473753056241190e+00 7.139350843392524e-02 0.000000000000000e+00
1.702049446089620e+00 5.101830937701310e-02 0.000000000000000e+00
-8.382194797508558e-01 9.683795142218576e-01 0.000000000000000e+00
-7.369622235999660e-01 1.108627171235979e+00 0.000000000000000e+00
-6.249112351725143e-01 1.219305488101767e+00 0.000000000000000e+00
5.012062602685859e-01 -1.073627605283916e+00 0.000000000000000e+00
5.822007972811737e-01 -1.208560960300340e+00 0.000000000000000e+00
4.171042670875991e-01 -1.225704368863464e+00 0.000000000000000e+00
3.529206281777851e-01 -1.082758721730689e+00 0.000000000000000e+00
2.848123487673963e-01 -1.206229208682136e+00 0.000000000000000e+00
-9.629445192731124e-01 5.387821873242120e-01 0.000000000000000e+00
-1.044721960472433e+00 6.214067725314576e-01 0.000000000000000e+00
-9.130547188954364e-01 6.800057952436794e-01 0.000000000000000e+00
-1.287313753251846e+00 -1.626011660394655e-02 0.000000000000000e+00
9.138555318674825e-01 6.028390562629582e-01 0.000000000000000e+00
9.555121674190085e-01 7.285573737061445e-01 0.000000000000000e+00
8.274399089836426e-01 7.332430110807794e-01 0.000000000000000e+00
-7.887657625680925e-01 7.596894660008032e-01 0.000000000000000e+00
-7.662794616254996e-01 8.541305874226968e-01 0.000000000000000e+00
6.926241774851730e-01 1.359597057000650e+00 0.000000000000000e+00
5.557151050405664e-01 1.506267949422538e+00 0.000000000000000e+00
7.624223346318727e-01 1.626808461612324e+00 0.000000000000000e+00
6.401724600378679e-01 1.147708225949520e+00 0.000000000000000e+00
4.725744647476464e-01 1.304158238413062e+00 0.000000000000000e+00
-1.309046943125096e+00 7.798722030708642e-01 0.000000000000000e+00
-1.210436142590754e+00 9.282373023113764e-01 0.000000000000000e+00
-1.078407393859130e+00 7.751382727297611e-01 0.000000000000000e+00
-1.190323203742311e+00 1.150010908962595e+00 0.000000000000000e+00
-1.025293529334059e+00 9.633579734230785e-01 0.000000000000000e+00
1.489027930767405e+00 1.126035338844227e+00 0.000000000000000e+00
1.421609917431694e+00 1.392711155601983e+00 0.000000000000000e+00
1.762929232416446e+00 1.360783587056902e+00 0.000000000000000e+00
1.285615326035874e+00 9.478228496401231e-01 0.000000000000000e+00
1.240547282474227e+00 1.189536588840200e+00 0.000000000000000e+00
-1.983147995688743e-01 -2.691369674596729e+00 0.000000000000000e+00
-2.880225028055508e-02 -3.049422262859579e+00 0.000000000000000e+00
-4.914673509544906e-01 -3.185134841394588e+00 0.000000000000000e+00
5.456700369316264e-02 -2.361442791017273e+00 0.000000000000000e+00
2.120549716636921e-01 -2.728108603144324e+00 0.000000000000000e+00
-1.032869744180621e+00 -3.010957370431979e+00 0.000000000000000e+00
-6.308185797662897e-01 -2.633789872357655e+00 0.000000000000000e+00
-4.930479712745153e-01 -3.758411975859929e+00 0.000000000000000e+00
-1.067842237243856e+00 -3.680471980715176e+00 0.000000000000000e+00
-1.125008033420898e+00 3.706614752358897e+00 0.000000000000000e+00
-5.912251875743854e-01 3.611724444481423e+00 0.000000000000000e+00
-8.721740424856802e-01 3.180842596157166e+00 0.000000000000000e+00
3.545646078503840e-02 3.736916630202914e+00 0.000000000000000e+00
-3.529920923990570e-01 3.185459316493490e+00 0.000000000000000e+00
-5.829214215155991e-01 4.271473729083876e+00 0.000000000000000e+00
8.215535446073664e-01 3.970302008548466e+00 0.000000000000000e+00
-4.631086459735249e+00 2.472377584827317e-01 0.000000000000000e+00
-4.919670920247040e+00 -6.082268037238117e-01 0.000000000000000e+00
-5.789074425918558e+00 3.121307374178381e-01 0.000000000000000e+00
-4.980353579587597e+00 1.276276357365444e+00 0.000000000000000e+00
-3.105760057445638e+00 -7.573114040159280e-01 0.000000000000000e+00
-2.648660563540721e+00 -4.955057898131344e-01 0.000000000000000e+00
-2.666665886419024e+00 -9.209517824018559e-01 0.000000000000000e+00
-3.005531446135061e+00 -1.181706772977762e+00 0.000000000000000e+00
-1.476056549774479e+00 -1.075440944582856e+00 0.000000000000000e+00
-1.717926068663053e+00 -1.385328277769556e+00 0.000000000000000e+00
-1.721371354051267e+00 -1.012407928845209e+00 0.000000000000000e+00
-2.011067155400862e+00 -1.066604741500202e+00 0.000000000000000e+00
1.999237831189671e+00 1.130050728099546e+00 0.000000000000000e+00
1.844818530384290e+00 8.484272497640487e-01 0.000000000000000e+00
1.720028072941408e+00 1.056239803141059e+00 0.000000000000000e+00
1.473720228062248e+00 4.165853152321508e-01 0.000000000000000e+00
1.869350444135524e+00 2.946531167782450e-01 0.000000000000000e+00
1.969313670372774e+00 -4.625026105020922e-03 0.000000000000000e+00
1.305583118949240e+00 1.679381055661076e+00 0.000000000000000e+00
1.613383982524103e+00 1.606407496980624e+00 0.000000000000000e+00
-9.342268013255421e-01 1.134998007614815e+00 0.000000000000000e+00
-1.473013265820347e+00 9.877796146214183e-01 0.000000000000000e+00
-9.016700576721790e-01 8.334502681736461e-01 0.000000000000000e+00
-1.191396264043121e+00 6.240706739820316e-01 0.000000000000000e+00
6.086922775676904e-01 9.895595193632430e-01 0.000000000000000e+00
4.882877407208190e-01 1.106089070651957e+00 0.000000000000000e+00
4.916706125038493e-01 9.750468825876945e-01 0.000000000000000e+00
7.433609471146793e-01 1.006441513232968e+00 0.000000000000000e+00
8.497877389333214e-01 1.147362663526891e+00 0.000000000000000e+00
-1.046717627538067e+00 -4.044966212070171e-01 0.000000000000000e+00
2.032155993731977e-01 -1.100256167574039e+00 0.000000000000000e+00
3.724081567828083e-01 1.041231954726902e+00 0.000000000000000e+00
-2.607944757917951e+00 -5.538284270990974e-02 0.000000000000000e+00
-1.486380795541737e+00 -2.780449897584233e+00 0.000000000000000e+00
-1.495730885350639e+00 -3.292216493733982e+00 0.000000000000000e+00
-1.991690560249135e+00 -3.113317657065296e+00 0.000000000000000e+00
-1.979181008631791e+00 -3.889004517930854e+00 0.000000000000000e+00
-4.079352028048433e+00 8.212616506428303e-01 0.000000000000000e+00
-3.477462513020456e+00 1.150700262364128e+00 0.000000000000000e+00
-3.448746459658019e+00 5.296995916444563e-01 0.000000000000000e+00
-2.916007834661867e+00 1.477301868933026e+00 0.000000000000000e+00
-2.876108321290183e+00 8.017339532801969e-01 0.000000000000000e+00
-3.717483554515567e+00 2.284755199166827e+00 0.000000000000000e+00
-3.458213791376969e+00 1.722136885253858e+00 0.000000000000000e+00
-4.077206507392333e+00 1.600982073878117e+00 0.000000000000000e+00
-3.276090164580203e+00 -2.587915414606771e+00 0.000000000000000e+00
-2.857110521497460e+00 -2.168917007508920e+00 0.000000000000000e+00
-2.560332296130909e+00 -2.757447840697811e+00 0.000000000000000e+00
-3.575567780191615e+00 -2.022553551335427e+00 0.000000000000000e+00
-7.525092527549870e-01 -4.241924581568097e+00 0.000000000000000e+00
-1.381280953767899e+00 -4.407756019312176e+00 0.000000000000000e+00
-4.444261144958334e-02 -4.200534726767566e+00 0.000000000000000e+00
-7.759324900390818e-01 -5.162448205185639e+00 0.000000000000000e+00
-6.017683696058853e+00 -1.299426204605233e+00 0.000000000000000e+00
-7.561720640614153e+00 -1.355571192490942e-01 0.000000000000000e+00
-7.552263715053976e+00 -2.210953993106641e+00 0.000000000000000e+00
8.449727115230963e-01 -4.249513422411681e+00 0.000000000000000e+00
1.661042355041272e+00 -4.986403971163818e+00 0.000000000000000e+00
4.259836973201622e-01 -4.978425144930033e+00 0.000000000000000e+00
5.181430771500787e-01 -6.157114589285896e+00 0.000000000000000e+00
-2.256115051696067e+00 -5.092056066403895e+00 0.000000000000000e+00
1.027759231519028e+00 -3.702076550719286e+00 0.000000000000000e+00
1.551405164007688e+00 -3.959077955474728e+00 0.000000000000000e+00
-2.576785273252890e+00 -3.431913835445101e+00 0.000000000000000e+00
-2.523263056764705e+00 3.655883989744159e-01 0.000000000000000e+00
-2.358838788381483e+00 7.216480028984350e-01 0.000000000000000e+00
-2.483586785885963e+00 1.128925179560154e+00 0.000000000000000e+00
2.129957538641688e+00 9.002856313149605e-01 0.000000000000000e+00
2.430868176533203e+00 1.176223844006349e+00 0.000000000000000e+00
2.387489474914550e+00 7.049109958058436e-01 0.000000000000000e+00
2.836259835728195e+00 8.502417669495077e-01 0.000000000000000e+00
1.343147390868058e+00 2.041123464615661e+00 0.000000000000000e+00
1.787954415674289e+00 2.233789815980596e+00 0.000000000000000e+00
1.597154786236137e+00 1.868019819229355e+00 0.000000000000000e+00
-1.771148256176394e+00 8.053998436633361e-01 0.000000000000000e+00
-1.599864375925572e+00 5.654867115889912e-01 0.000000000000000e+00
-1.852794121989695e+00 4.922909700600998e-01 0.000000000000000e+00
-2.041016939497421e+00 6.752611158165471e-01 0.000000000000000e+00
-2.102197930490418e+00 9.672330339413747e-01 0.000000000000000e+00
-5.250631747149551e-01 -1.905045143334139e+00 0.000000000000000e+00
-2.088153720021660e-01 -1.893210461842478e+00 0.000000000000000e+00
-3.333044796584131e-01 -2.242253856522245e+00 0.000000000000000e+00
-7.390319669364701e-01 -2.207586654162583e+00 0.000000000000000e+00
-2.258052439360521e+00 -7.338935197913470e-01 0.000000000000000e+00
-2.330770200270508e+00 -1.088944478195718e+00 0.000000000000000e+00
1.473047222650518e+00 -1.123806635033004e+00 0.000000000000000e+00
1.529614544264351e+00 -8.333129753192876e-01 0.000000000000000e+00
1.801611283420043e+00 -1.018819975898149e+00 0.000000000000000e+00
1.665772676693720e+00 -1.377822431823321e+00 0.000000000000000e+00
1.030757162834336e+00 1.593048513921621e+00 0.000000000000000e+00
1.152638100010977e+00 1.411082400307470e+00 0.000000000000000e+00
-1.388340799770980e+00 6.056894272560966e-01 0.000000000000000e+00
-1.508282728163678e+00 7.488455600401412e-01 0.000000000000000e+00
1.305136823804450e+00 -2.691346102862225e-01 0.000000000000000e+00
1.323697361127044e+00 -4.977000466584200e-01 0.000000000000000e+00
1.150241080627080e+00 -4.075608999457659e-01 0.000000000000000e+00
1.470094620553069e+00 -3.910283858859254e-01 0.000000000000000e+00
1.532593810247590e+00 -1.689049389032653e-01 0.000000000000000e+00
1.258180191772011e+00 3.999235874359208e-01 0.000000000000000e+00
-1.077806906291364e+00 4.890369333776035e-01 0.000000000000000e+00
-1.257361813394476e+00 4.339587757157075e-01 0.000000000000000e+00
2.879699511524125e-01 -1.385657767799278e+00 0.000000000000000e+00
1.429618846315601e-01 -1.245591404926800e+00 0.000000000000000e+00
6.648610696856200e-02 -1.428527645316509e+00 0.000000000000000e+00
3.984459049067019e-02 -1.113730684375179e+00 0.000000000000000e+00
-3.454816959796590e-02 -1.255341463372531e+00 0.000000000000000e+00
-1.262850023802798e-01 -1.112804000451190e+00 0.000000000000000e+00
-2.246482295477198e-01 -1.241792804255077e+00 0.000000000000000e+00
1.088978226747637e+00 3.112733160668810e-01 0.000000000000000e+00
1.185785036606438e+00 2.171725933678239e-01 0.000000000000000e+00
1.085777507510187e+00 4.497529063739788e-01 0.000000000000000e+00
-6.095506148376906e-01 -9.434613039007723e-01 0.000000000000000e+00
-5.818225067105439e-01 -1.079403483356650e+00 0.000000000000000e+00
-7.452544019272852e-01 -1.034417622140824e+00 0.000000000000000e+00
-4.650396624683026e-01 -1.021658354544718e+00 0.000000000000000e+00
5.958565381930089e-01 -9.484949903348361e-01 0.000000000000000e+00
7.393446755445086e-01 -9.837744172132563e-01 0.000000000000000e+00
6.304627694688952e-01 -1.072796155863782e+00 0.000000000000000e+00
7.219481377006863e-01 -8.377626551973876e-01 0.000000000000000e+00
-8.263171111311886e-01 -1.213167085665846e+00 0.000000000000000e+00
-8.434524717814380e-01 -1.401569760679656e+00 0.000000000000000e+00
-1.058798318227564e+00 -1.306640027079794e+00 0.000000000000000e+00
-6.532480679932359e-01 -1.179140243380534e+00 0.000000000000000e+00
-6.534252685447918e-01 -1.342312595459848e+00 0.000000000000000e+00
-9.711419631700228e-01 -1.581389034704827e+00 0.000000000000000e+00
-6.689905601817621e-01 -1.589428273098353e+00 0.000000000000000e+00
-1.202566155102101e+00 -1.521377061211109e+00 0.000000000000000e+00
-1.914618318408019e+00 1.972078304210846e-01 0.000000000000000e+00
-1.623532357795262e+00 2.931513123462237e-01 0.000000000000000e+00
-1.693947498233008e+00 -2.428868693458205e-02 0.000000000000000e+00
1.969161667214048e+00 1.784227468497458e+00 0.000000000000000e+00
2.278229658849561e+00 -1.288173870427400e-01 0.000000000000000e+00
2.337773500950845e+00 -4.875503560246694e-01 0.000000000000000e+00
1.975225514497703e+00 -3.743596047201601e-01 0.000000000000000e+00
2.545893234198374e+00 6.366937924367935e-02 0.000000000000000e+00
2.631422126450063e+00 -2.564629439414599e-01 0.000000000000000e+00
1.982169393457642e+00 -1.330297984425588e+00 0.000000000000000e+00
1.895525678328452e+00 -1.680452513325448e+00 0.000000000000000e+00
2.191637301860435e+00 -1.076399375561174e+00 0.000000000000000e+00
2.349762702300204e+00 -1.531043983471975e+00 0.000000000000000e+00
-6.022439796411241e-01 2.056251758955327e+00 0.000000000000000e+00
-8.641615753427198e-01 1.790316313160400e+00 0.000000000000000e+00
-9.123345521570047e-01 2.111138703364845e+00 0.000000000000000e+00
-2.955882968812845e-01 1.954024308038850e+00 0.000000000000000e+00
-5.183626366233927e-01 1.710729414375590e+00 0.000000000000000e+00
-2.596837774266900e+00 -1.343093075472449e+00 0.000000000000000e+00
-2.466789642107705e+00 -1.766401605063900e+00 0.000000000000000e+00
-3.014935459210950e+00 -1.637107283776318e+00 0.000000000000000e+00
-2.178304836042722e+00 -1.410087280812105e+00 0.000000000000000e+00
7.543247846129948e-01 3.038708213540057e+00 0.000000000000000e+00
5.558383901596655e-01 3.455247895083530e+00 0.000000000000000e+00
1.087383310333083e+00 3.472785439826724e+00 0.000000000000000e+00
4.654848470052163e-01 2.622149391855106e+00 0.000000000000000e+00
1.881105958424357e-01 3.058374402943734e+00 0.000000000000000e+00
-1.792693930205315e+00 3.673812417262433e+00 0.000000000000000e+00
-1.460470430102490e+00 4.424259493619773e+00 0.000000000000000e+00
6.514391812954492e-01 -7.958854523321286e+00 0.000000000000000e+00
2.771440515792622e+00 -6.762880462375468e+00 0.000000000000000e+00
2.328926534890751e+00 -3.987318070143696e+00 0.000000000000000e+00
3.185948964029613e+00 -4.657109887044774e+00 0.000000000000000e+00
5.187142075817103e+00 -5.114801335127183e+00 0.000000000000000e+00
4.190311165034344e+00 1.701265884378755e+00 0.000000000000000e+00
5.340827402686651e+00 1.479576506536650e+00 0.000000000000000e+00
4.155828379244511e+00 1.088077281054715e+00 0.000000000000000e+00
4.570785795509856e+00 5.069328070411212e-01 0.000000000000000e+00
5.198177502363297e+00 -1.806698407775748e-01 0.000000000000000e+00
6.367609129443328e+00 -7.609147532617552e-02 0.000000000000000e+00
3.215524947050473e+00 4.014900930411650e+00 0.000000000000000e+00
2.660475938232881e+00 3.127989084037881e+00 0.000000000000000e+00
2.168539862544749e+00 3.662153285209286e+00 0.000000000000000e+00
1.283888831394561e+00 7.613234027966213e-02 0.000000000000000e+00
1.122786258754250e+00 7.909013966549902e-02 0.000000000000000e+00
8.915614186174228e-01 9.019932714132508e-01 0.000000000000000e+00
-1.091700352623372e+00 3.308939571656034e-01 0.000000000000000e+00
-1.218933177832108e+00 2.741699395828874e-01 0.000000000000000e+00
-1.114570978628130e+00 1.877855446085221e-01 0.000000000000000e+00
1.004126129770993e+00 -4.313120895113426e-01 0.000000000000000e+00
1.042653274551275e+00 -3.023781444932779e-01 0.000000000000000e+00
9.326385102336591e-01 -5.708656037394784e-01 0.000000000000000e+00
3.562671129872459e-01 1.176579461229096e+00 0.000000000000000e+00
1.121223826239721e+00 -2.188704056954929e-01 0.000000000000000e+00
1.072019255631954e+00 -1.132533034627736e-01 0.000000000000000e+00
1.179802933650182e+00 -7.373152729784098e-02 0.000000000000000e+00
-1.177233046360153e+00 -5.295567512798504e-01 0.000000000000000e+00
-9.456787102706734e-01 -5.214633742372620e-01 0.000000000000000e+00
-1.029343839350086e+00 -6.089114087896157e-01 0.000000000000000e+00
-2.816678523051772e-01 1.048104538979279e+00 0.000000000000000e+00
-1.519322415258071e-01 1.093666327969347e+00 0.000000000000000e+00
-7.996700620810789e-01 -7.812299565327049e-01 0.000000000000000e+00
-8.452804102647110e-01 -9.071529844720375e-01 0.000000000000000e+00
-9.733866617743100e-01 -8.037786782570371e-01 0.000000000000000e+00
-9.753491832162471e-01 -1.031680667679273e+00 0.000000000000000e+00
-1.159104493221083e+00 6.643385563594398e-02 0.000000000000000e+00
-1.267841972713408e+00 1.465660139669841e-01 0.000000000000000e+00
-1.155537514459144e+00 -7.262926139988503e-01 0.000000000000000e+00
-8.892741671521042e-01 -6.509571233720709e-01 0.000000000000000e+00
7.413436852882844e-01 -1.149723395761157e+00 0.000000000000000e+00
2.044060064483058e-02 1.118207754014336e+00 0.000000000000000e+00
8.714387707688122e-02 1.233998345856760e+00 0.000000000000000e+00
2.118106562076092e-01 1.116218936396698e+00 0.000000000000000e+00
6.275867159498551e-02 1.361638798315087e+00 0.000000000000000e+00
2.362545464773468e-01 1.315199105956861e+00 0.000000000000000e+00
1.008173068079870e+00 -6.808859951882031e-01 0.000000000000000e+00
1.054654687070991e+00 -5.378875292186920e-01 0.000000000000000e+00
1.165026344225725e+00 -6.085129759539984e-01 0.000000000000000e+00
8.439783874233914e-01 -7.096425722368840e-01 0.000000000000000e+00
-2.980665717412034e-01 -1.086979400490514e+00 0.000000000000000e+00
-4.518922286651150e-01 -1.228660019059808e+00 0.000000000000000e+00
-2.903121940964336e-01 1.170416250627821e+00 0.000000000000000e+00
-4.631262312341950e-01 1.209162476820947e+00 0.000000000000000e+00
-7.965403941924488e-01 1.315341056645943e+00 0.000000000000000e+00
-5.484789222896959e-01 1.401686194019047e+00 0.000000000000000e+00
-1.380233760039145e+00 2.794867551987386e-01 0.000000000000000e+00
-1.446895673308137e+00 8.778010537975918e-02 0.000000000000000e+00
1.126183329007068e+00 -8.109306094130014e-01 0.000000000000000e+00
8.675612378377555e-01 -1.049563508083658e+00 0.000000000000000e+00
1.052675945937816e+00 -1.019204010044040e+00 0.000000000000000e+00
9.316487885776994e-01 -1.241582924277014e+00 0.000000000000000e+00
9.068214968138585e-01 -8.632388597874671e-01 0.000000000000000e+00
-1.354797787925987e-01 -1.407824461548505e+00 0.000000000000000e+00
-8.040895641149887e-02 -1.627479426366523e+00 0.000000000000000e+00
-3.300600468641658e-01 1.330254902393909e+00 0.000000000000000e+00
-2.159173073425595e-01 1.453546808773114e+00 0.000000000000000e+00
-1.046494280356082e-01 1.273465041593589e+00 0.000000000000000e+00
-1.450682927154858e+00 4.380707886836898e-01 0.000000000000000e+00
-1.387652537204077e+00 -3.184028438798745e-01 0.000000000000000e+00
-1.319491552613112e+00 -4.695897788762092e-01 0.000000000000000e+00
-1.487172117325956e+00 -5.052633123258957e-01 0.000000000000000e+00
-3.062367038785616e-01 -1.366407296806436e+00 0.000000000000000e+00
-4.522516911481444e-01 -1.450689050407357e+00 0.000000000000000e+00
7.219739420873651e-01 8.625706047212853e-01 0.000000000000000e+00
3.543906593473650e-01 1.509464495625220e+00 0.000000000000000e+00
9.149957421890529e-01 1.393119951807826e+00 0.000000000000000e+00
1.358073410360047e+00 -7.791723205716432e-02 0.000000000000000e+00
-1.305200974567312e+00 -8.568300384360920e-01 0.000000000000000e+00
-1.556310240732846e+00 -7.640309298980713e-01 0.000000000000000e+00
-1.119702305640518e+00 -8.999846174041009e-01 0.000000000000000e+00
-6.101435599211374e-02 1.485522493956709e+00 0.000000000000000e+00
3.522929414650105e-03 1.662144609018986e+00 0.000000000000000e+00
1.410028855182465e-01 1.515408597070911e+00 0.000000000000000e+00
-1.451008420838555e+00 -1.284116899605609e-01 0.000000000000000e+00
1.038466907558167e+00 1.231545658834116e+00 0.000000000000000e+00
1.068498649779513e+00 1.034952421116287e+00 0.000000000000000e+00
-1.731148931263978e+00 -5.201207110441093e-01 0.000000000000000e+00
-1.330159806135607e+00 -6.432987797237113e-01 0.000000000000000e+00
5.075178969472072e-01 -1.392622477867225e+00 0.000000000000000e+00
2.048913929474184e-01 -1.623369460747595e+00 0.000000000000000e+00
4.224186832949781e-01 -1.570226540448532e+00 0.000000000000000e+00
1.535015773694151e+00 8.390629662332778e-01 0.000000000000000e+00
-3.689652725002859e-01 1.513228393375041e+00 0.000000000000000e+00
-2.148974333206237e-01 1.665263212546325e+00 0.000000000000000e+00
-1.217299749021292e+00 -1.082101064466821e+00 0.000000000000000e+00
-2.669115912392298e-01 -1.503070148761433e+00 0.000000000000000e+00
8.838262449186295e-02 -1.866587217701390e+00 0.000000000000000e+00
1.196296871653552e+00 -1.194992742183657e+00 0.000000000000000e+00
1.287543951736961e+00 -9.549154165194441e-01 0.000000000000000e+00
8.829098903073590e-01 -1.509074451199492e+00 0.000000000000000e+00
7.101498265853021e-01 -1.340316950215859e+00 0.000000000000000e+00
6.334147880471048e-01 -1.575079437466392e+00 0.000000000000000e+00
-1.877394928894724e+00 -7.630018290340952e-01 0.000000000000000e+00
-7.368858611189780e-01 1.548608033047509e+00 0.000000000000000e+00
1.768029235990519e+00 -1.794487732083395e-01 0.000000000000000e+00
-8.598041376654308e-01 -1.869757469090644e+00 0.000000000000000e+00
1.671597659527374e+00 -3.925212357021243e-01 0.000000000000000e+00
1.766808429129604e+00 -6.539855619387980e-01 0.000000000000000e+00
1.516834346745761e+00 -5.874001495562575e-01 0.000000000000000e+00
-3.408353239057035e-02 1.867606016233281e+00 0.000000000000000e+00
2.122501952518377e-01 1.757321912301621e+00 0.000000000000000e+00
1.693686398706326e-01 2.056306030993118e+00 0.000000000000000e+00
-1.354302363655210e+00 -1.328376794782275e+00 0.000000000000000e+00
-3.671309501810359e-01 -1.657453714134870e+00 0.000000000000000e+00
1.327208539442300e+00 -7.161127752999086e-01 0.000000000000000e+00
-1.018021977333612e+00 1.304271421199434e+00 0.000000000000000e+00
-9.589460473365133e-01 1.515649645565884e+00 0.000000000000000e+00
-1.201548801921865e+00 1.426273648614833e+00 0.000000000000000e+00
-1.786095998621912e+00 1.163235473006800e+00 0.000000000000000e+00
7.823082124943661e-01 -1.786425118212053e+00 0.000000000000000e+00
4.444999481881939e-01 -1.861738166853340e+00 0.000000000000000e+00
1.118282865431262e+00 -1.692063805121413e+00 0.000000000000000e+00
1.096917534350360e+00 -1.412838783128340e+00 0.000000000000000e+00
-1.412690408573928e+00 -1.581103843302324e+00 0.000000000000000e+00
1.688376580816877e+00 5.572718637843382e-01 0.000000000000000e+00
-2.153435117194195e+00 4.246472285872538e-01 0.000000000000000e+00
-1.598763528919879e+00 -2.919759292707633e-01 0.000000000000000e+00
2.074066146171352e+00 -7.340482905535347e-01 0.000000000000000e+00
5.027335696110452e-01 1.718073021880298e+00 0.000000000000000e+00
1.341607061324485e+00 -1.409434628635887e+00 0.000000000000000e+00
1.500675420981181e+00 -1.704122853621851e+00 0.000000000000000e+00
6.716309115712323e-01 -2.011406567266860e+00 0.000000000000000e+00
9.293773052525510e-01 -2.092598753809179e+00 0.000000000000000e+00
5.063552415850889e-01 -2.305060774496537e+00 0.000000000000000e+00
2.021120724991055e+00 6.078392658512203e-01 0.000000000000000e+00
2.238159580545211e+00 2.826767140217731e-01 0.000000000000000e+00
2.057117170425220e-01 -2.098924270788770e+00 0.000000000000000e+00
6.910719423671345e-01 1.977539577046527e+00 0.000000000000000e+00
3.976609944327413e-01 1.943492540885333e+00 0.000000000000000e+00
4.206830611491358e-01 2.218412547599881e+00 0.000000000000000e+00
-4.025594041614736e-02 -2.088758498290277e+00 0.000000000000000e+00
1.296115740997250e+00 -1.987060572046421e+00 0.000000000000000e+00
-1.475621672586850e+00 1.322874879067786e+00 0.000000000000000e+00
7.881758385181181e-02 2.389163090154974e+00 0.000000000000000e+00
-7.915722867863438e-02 2.110576024500787e+00 0.000000000000000e+00
1.018146518390539e+00 1.854850700219410e+00 0.000000000000000e+00
1.014975492213702e+00 2.200420470225241e+00 0.000000000000000e+00
-1.124562245870776e+00 1.664556648471531e+00 0.000000000000000e+00
-1.195795704651250e+00 1.925279988342115e+00 0.000000000000000e+00
-2.001878560085886e+00 -5.147712986189774e-01 0.000000000000000e+00
-7.252129193373792e-01 -8.869175865306551e-01 0.000000000000000e+00
2.674689218052809e+00 3.971147963011605e-01 0.000000000000000e+00
1.362898494722137e+00 2.464311468647371e+00 0.000000000000000e+00
2.577000107101852e+00 -1.091998956800555e+00 0.000000000000000e+00
2.381497141304187e+00 -8.124088245895918e-01 0.000000000000000e+00
2.727008650436453e+00 -6.720471440080257e-01 0.000000000000000e+00
-1.999250705549084e+00 -1.786004803950396e+00 0.000000000000000e+00
-1.590365176256870e+00 -1.822599884381083e+00 0.000000000000000e+00
-1.047880390949094e+00 -2.117786288326033e+00 0.000000000000000e+00
-1.206716770040281e+00 -1.817309420917930e+00 0.000000000000000e+00
-1.050797672843079e+00 -2.494635099193306e+00 0.000000000000000e+00
-1.432123988720297e+00 -2.238227551975982e+00 0.000000000000000e+00
-7.090254736989902e-01 2.427934012906926e+00 0.000000000000000e+00
-1.188973912157840e+00 2.288858391269690e+00 0.000000000000000e+00
-3.088896545299956e-01 2.276045623017990e+00 0.000000000000000e+00
2.135833011974215e+00 1.439906259585950e+00 0.000000000000000e+00
2.539788819524004e+00 1.735400186527897e+00 0.000000000000000e+00
-1.405468396560512e+00 1.649994820422086e+00 0.000000000000000e+00
9.759472980767921e-01 4.867802412498135e-01 0.000000000000000e+00
7.216943593672783e-01 2.321824654664227e+00 0.000000000000000e+00
2.183545968133775e+00 -2.057936522631473e+00 0.000000000000000e+00
1.670321730520139e+00 -2.131735433318963e+00 0.000000000000000e+00
-2.451829798842317e+00 1.522921428508649e+00 0.000000000000000e+00
-2.123600337177605e+00 1.351783755738831e+00 0.000000000000000e+00
-2.386505517437728e-01 2.686763009758643e+00 0.000000000000000e+00
-1.820550372633334e+00 -2.120719699012843e+00 0.000000000000000e+00
-2.253384849195879e+00 -2.194666275056829e+00 0.000000000000000e+00
-1.915071921906652e+00 -2.533345213104852e+00 0.000000000000000e+00
8.863057493267257e-01 -2.479192498094615e+00 0.000000000000000e+00
-1.770994529479861e+00 1.544341711008055e+00 0.000000000000000e+00
2.895760459774600e+00 2.415393952723773e-02 0.000000000000000e+00
3.481926552725129e-01 -3.172703348260435e+00 0.000000000000000e+00
1.248684161051250e+00 -2.361584480255675e+00 0.000000000000000e+00
2.988879741048472e+00 -3.439288433033991e-01 0.000000000000000e+00
3.226846760743976e+00 -7.138093490249339e-01 0.000000000000000e+00
-2.120611140370865e+00 1.768432610637027e+00 0.000000000000000e+00
-2.130475961715473e+00 2.295865530100701e+00 0.000000000000000e+00
-1.635950380880121e+00 1.995737926389544e+00 0.000000000000000e+00
1.160911591218526e-01 2.695954267928676e+00 0.000000000000000e+00
3.104263692102378e+00 1.830065202219449e+00 0.000000000000000e+00
2.983814374051462e+00 1.343552196693280e+00 0.000000000000000e+00
2.284606306809133e+00 2.174855847235533e+00 0.000000000000000e+00
2.858264266456764e+00 2.377613201166136e+00 0.000000000000000e+00
3.361788108092424e+00 -1.260106975750745e+00 0.000000000000000e+00
2.956575511920230e+00 -1.036103949335790e+00 0.000000000000000e+00
-1.909471055022631e+00 2.763785884593808e+00 0.000000000000000e+00
-1.990760618638935e+00 3.153221961022162e+00 0.000000000000000e+00
-1.460351737004698e+00 3.108014324802510e+00 0.000000000000000e+00
-2.364382041774449e+00 2.822328087482286e+00 0.000000000000000e+00
-2.970207478795921e+00 2.419782424428980e-01 0.000000000000000e+00
-1.577929783916683e+00 2.525651426207904e+00 0.000000000000000e+00
1.734253797843520e+00 2.703243304717690e+00 0.000000000000000e+00
2.215457688114698e+00 2.639007491142637e+00 0.000000000000000e+00
6.466943259426314e-01 -2.807074544997936e+00 0.000000000000000e+00
1.108909477479995e+00 -2.813597026643879e+00 0.000000000000000e+00
-4.370064436352947e-02 -3.502259150367030e+00 0.000000000000000e+00
-6.394698292179776e-01 2.838134815417060e+00 0.000000000000000e+00
-1.072615836445217e+00 2.738345788564928e+00 0.000000000000000e+00
9.556109389909586e-01 2.603479791927996e+00 0.000000000000000e+00
1.351206365398421e+00 2.973017026077430e+00 0.000000000000000e+00
1.998064273559635e+00 -2.940604546815944e+00 0.000000000000000e+00
1.589890896157912e+00 -2.663577222211871e+00 0.000000000000000e+00
1.977814247991151e+00 -2.467413869140004e+00 0.000000000000000e+00
-2.639662807633349e+00 2.381228171945421e+00 0.000000000000000e+00
-3.078516161649194e+00 2.106083381711400e+00 0.000000000000000e+00
-3.060256807969473e+00 2.878722340146186e+00 0.000000000000000e+00
8.434071299869460e-01 -3.244503237319116e+00 0.000000000000000e+00
4.786936233602553e-01 -3.688271899356442e+00 0.000000000000000e+00
2.888802463133587e+00 -1.466008431964859e+00 0.000000000000000e+00
3.411559267911279e+00 9.468119084238913e-01 0.000000000000000e+00
3.181997522955508e+00 4.095628314943159e-01 0.000000000000000e+00
3.830915991883538e+00 4.112634600234292e-01 0.000000000000000e+00
1.539550731181650e+00 3.907029657913107e+00 0.000000000000000e+00
-2.567394800739057e+00 1.919267064550495e+00 0.000000000000000e+00
3.442800364382628e+00 -1.722088822593308e-01 0.000000000000000e+00
1.951804015713821e+00 3.098541660811933e+00 0.000000000000000e+00
-3.591949437633684e+00 -1.241584076705467e+00 0.000000000000000e+00
2.437358923677874e+00 -2.563999525309987e+00 0.000000000000000e+00
2.521537499724360e+00 -3.222449884731426e+00 0.000000000000000e+00
3.565905224443632e+00 1.499697687465216e+00 0.000000000000000e+00
1.612169215572430e+00 3.430049303070241e+00 0.000000000000000e+00
3.594028677730632e+00 2.128676271768470e+00 0.000000000000000e+00
3.328965853468878e+00 -1.899056456294121e+00 0.000000000000000e+00
3.842527089928881e+00 -2.345694904392800e+00 0.000000000000000e+00
3.163835196886051e+00 -2.717729494797865e+00 0.000000000000000e+00
3.947803072921801e+00 -1.625571581839071e+00 0.000000000000000e+00
2.725378517933395e+00 -2.039295735745047e+00 0.000000000000000e+00
1.980584314014918e+00 -3.494063349065199e+00 0.000000000000000e+00
-4.257707035076545e+00 -3.182355483776877e-01 0.000000000000000e+00
-4.210432092231861e+00 -8.880389354746967e-01 0.000000000000000e+00
3.812066181423545e+00 -8.576806817103932e-01 0.000000000000000e+00
1.450193466347253e+00 -3.283296053936721e+00 0.000000000000000e+00
-2.455664999666831e+00 3.461144637085437e+00 0.000000000000000e+00
-4.665372850551961e+00 2.366192046837740e+00 0.000000000000000e+00
-3.903105154290561e+00 3.039915479190665e+00 0.000000000000000e+00
-3.261815294029019e+00 -3.240798790791145e+00 0.000000000000000e+00
3.565098167851131e+00 2.901205354969447e+00 0.000000000000000e+00
4.646952856291182e+00 -1.147019087031813e+00 0.000000000000000e+00
4.246205926109261e+00 -2.273682143564654e-01 0.000000000000000e+00
3.073040912526654e+00 -3.604803373382231e+00 0.000000000000000e+00
-3.315955624719467e+00 4.046573916046571e+00 0.000000000000000e+00
-4.837884098970834e+00 3.720444767822051e+00 0.000000000000000e+00
-2.263907762398038e+00 4.189619334685822e+00 0.000000000000000e+00
-4.084872187732420e+00 -2.740663767208183e+00 0.000000000000000e+00
-4.600665400931757e+00 -1.734845677876969e+00 0.000000000000000e+00
-3.090907207223594e+00 -4.159000370740399e+00 0.000000000000000e+00
-2.311690778531931e+00 5.185602046057968e+00 0.000000000000000e+00
4.294966141066292e+00 2.310301675068725e+00 0.000000000000000e+00
4.081477066387925e+00 -3.400334487210127e+00 0.000000000000000e+00
-4.108815045692226e+00 -3.772601494858568e+00 0.000000000000000e+00
-4.557981985869625e+00 -5.627409330961675e+00 0.000000000000000e+00
5.843842820268184e+00 -1.629065822620574e+00 0.000000000000000e+00
4.641880882321528e+00 -2.214875330779020e+00 0.000000000000000e+00
5.348695022035591e+00 -3.175043711697670e+00 0.000000000000000e+00
4.676761439570988e+00 3.280335146594716e+00 0.000000000000000e+00
-5.681674629597031e+00 -3.188556714456912e+00 0.000000000000000e+00
-6.623931259268455e+00 2.392480436236991e+00 0.000000000000000e+00
4.755811072049360e+00 5.342891020338760e+00 0.000000000000000e+00
-1.932795706717132e+00 7.158112187231002e+00 0.000000000000000e+00
-1.625114796509952e+00 -7.093675228739129e+00 0.000000000000000e+00
6.693770227136739e+00 3.444424597415827e+00 0.000000000000000e+00
-4.245874449562105e+00 5.929442521946001e+00 0.000000000000000e+00
-6.267849488425538e+00 4.783467523239501e+00 0.000000000000000e+00
6.951545221283701e+00 -3.411858792197406e+00 0.000000000000000e+00
7.752039128138657e+00 -1.197902520534360e+00 0.000000000000000e+00
7.616420118904638e+00 1.151682748093120e+00 0.000000000000000e+00
1921
20 21 22 0
21 23 22 0
24 25 26 0
24 27 25 0
28 29 30 0
28 31 32 0
33 34 35 0
33 36 34 0
37 38 39 0
38 40 39 0
41 42 43 0
41 44 42 0
45 46 47 0
48 49 50 0
48 51 52 0
23 21 53 0
53 54 46 0
55 56 57 0
55 58 59 0
60 32 61 0
60 62 63 0
64 65 66 0
64 67 68 0
69 70 71 0
71 72 73 0
74 75 76 0
74 77 78 0
79 80 81 0
81 82 79 0
83 84 85 0
83 31 86 0
87 88 89 0
88 90 89 0
26 91 92 0
92 93 94 0
95 96 97 0
97 98 99 0
100 101 37 0
36 102 103 0
103 104 105 0
106 107 108 0
106 109 110 0
111 112 35 0
111 66 65 0
49 48 113 0
49 114 115 0
116 117 118 0
118 73 116 0
119 72 120 0
120 121 122 0
29 28 121 0
121 70 29 0
123 90 88 0
123 101 124 0
98 125 126 0
126 127 128 0
129 130 131 0
131 132 129 0
24 133 84 0
84 134 24 0
135 67 34 0
135 36 136 0
114 69 115 0
114 113 137 0
117 50 118 0
117 116 138 0
139 37 101 0
139 88 140 0
132 141 142 0
142 22 143 0
144 145 146 0
146 114 137 0
51 147 148 0
148 149 150 0
41 151 152 0
152 56 41 0
153 76 154 0
154 128 153 0
107 39 102 0
154 75 155 0
155 156 99 0
96 157 158 0
158 159 160 0
65 27 161 0
161 134 162 0
62 60 61 0
62 85 82 0
108 102 33 0
125 163 164 0
164 165 166 0
167 157 168 0
168 95 169 0
170 171 172 0
170 173 90 0
151 41 43 0
43 174 175 0
23 176 143 0
177 178 179 0
179 81 80 0
91 180 181 0
181 182 183 0
39 40 104 0
39 103 102 0
184 185 186 0
186 131 130 0
77 74 76 0
77 177 59 0
187 48 52 0
187 150 171 0
188 179 80 0
80 44 188 0
189 190 191 0
191 184 192 0
193 50 185 0
185 184 193 0
93 92 91 0
94 194 151 0
195 186 130 0
130 196 195 0
109 112 197 0
109 198 110 0
86 31 30 0
86 199 162 0
63 178 200 0
200 128 127 0
201 132 202 0
201 203 165 0
204 205 206 0
204 170 90 0
182 64 68 0
182 180 207 0
208 209 29 0
121 72 70 0
203 120 122 0
203 210 166 0
42 44 80 0
209 198 199 0
199 30 209 0
96 163 125 0
125 98 96 0
211 119 202 0
211 116 73 0
31 28 30 0
32 210 122 0
137 113 205 0
206 187 171 0
212 101 100 0
212 106 110 0
133 82 84 0
133 26 175 0
176 23 45 0
176 196 130 0
22 23 143 0
66 34 67 0
67 64 66 0
144 213 124 0
101 123 88 0
85 61 31 0
84 83 134 0
178 177 153 0
127 126 125 0
214 110 198 0
198 208 214 0
81 62 82 0
80 79 42 0
51 48 50 0
52 148 150 0
175 92 94 0
154 126 128 0
98 155 99 0
167 215 20 0
159 22 160 0
138 132 131 0
130 129 176 0
199 86 30 0
199 216 162 0
210 203 122 0
210 127 166 0
112 216 197 0
197 199 198 0
72 71 70 0
73 115 69 0
178 153 128 0
177 188 59 0
190 51 193 0
192 186 195 0
200 210 60 0
61 32 31 0
132 201 141 0
132 138 202 0
163 96 158 0
163 141 165 0
161 216 111 0
207 180 25 0
27 24 134 0
118 49 115 0
50 193 51 0
108 107 102 0
101 212 124 0
134 83 86 0
131 185 117 0
118 50 49 0
119 201 202 0
141 163 160 0
208 29 70 0
83 85 31 0
204 137 205 0
213 144 146 0
138 211 202 0
69 208 70 0
60 210 32 0
165 203 166 0
69 145 214 0
213 146 137 0
198 109 197 0
107 106 100 0
199 197 216 0
198 209 208 0
141 160 22 0
45 53 46 0
69 214 208 0
187 113 48 0
24 26 133 0
42 174 43 0
161 27 134 0
106 108 109 0
164 163 165 0
200 60 63 0
85 62 61 0
179 63 81 0
211 72 119 0
186 185 131 0
212 100 106 0
107 100 37 0
108 33 112 0
174 42 79 0
174 133 175 0
143 176 129 0
22 142 141 0
34 66 35 0
112 111 216 0
150 187 52 0
204 213 137 0
182 207 64 0
207 25 27 0
98 97 96 0
163 158 160 0
36 135 34 0
33 35 112 0
95 99 217 0
182 68 218 0
171 150 219 0
67 135 220 0
220 221 67 0
75 74 222 0
222 223 75 0
147 190 224 0
224 225 147 0
175 26 92 0
25 180 26 0
20 159 167 0
158 157 159 0
173 87 89 0
204 123 213 0
226 192 195 0
55 59 188 0
44 41 56 0
194 94 93 0
21 215 54 0
227 38 139 0
139 101 88 0
37 139 38 0
227 140 228 0
189 224 190 0
193 184 190 0
222 74 78 0
153 177 76 0
220 135 136 0
77 76 177 0
188 44 55 0
191 190 184 0
226 195 196 0
152 151 194 0
54 53 21 0
176 45 196 0
33 102 36 0
95 157 96 0
113 187 205 0
170 206 171 0
90 123 204 0
181 180 182 0
180 91 26 0
157 167 159 0
215 167 229 0
93 91 230 0
173 89 90 0
87 228 140 0
203 201 119 0
72 211 73 0
114 145 69 0
110 214 144 0
134 86 162 0
81 63 62 0
169 95 217 0
183 182 218 0
27 65 207 0
95 97 99 0
75 154 76 0
206 205 187 0
147 51 190 0
172 171 219 0
37 39 107 0
226 196 47 0
131 117 138 0
56 55 44 0
179 178 63 0
174 79 82 0
142 143 129 0
144 212 110 0
161 162 216 0
133 174 82 0
164 166 127 0
129 132 142 0
114 49 113 0
144 124 212 0
122 28 32 0
145 144 214 0
203 119 120 0
82 85 84 0
29 209 30 0
141 201 165 0
109 108 112 0
36 103 105 0
50 117 185 0
73 118 115 0
200 178 128 0
200 127 210 0
161 111 65 0
230 91 181 0
127 125 164 0
229 167 168 0
140 88 87 0
146 145 114 0
68 67 221 0
122 121 28 0
154 98 126 0
223 155 75 0
120 72 121 0
211 138 116 0
148 225 149 0
69 71 73 0
111 35 66 0
139 140 227 0
98 154 155 0
68 231 218 0
221 231 68 0
65 64 207 0
105 136 36 0
175 94 151 0
104 103 39 0
151 43 175 0
181 183 230 0
77 59 58 0
188 177 179 0
58 55 57 0
58 78 77 0
21 20 215 0
155 223 156 0
99 156 217 0
20 22 159 0
95 168 157 0
168 169 229 0
40 38 227 0
45 23 53 0
196 45 47 0
191 192 232 0
186 192 184 0
170 172 173 0
213 123 124 0
232 192 226 0
204 206 170 0
150 149 219 0
52 51 148 0
232 189 191 0
225 148 147 0
233 234 235 0
233 235 236 0
237 233 238 0
239 240 241 0
241 240 242 0
243 244 245 0
244 243 246 0
247 248 249 0
249 248 250 0
248 251 242 0
252 253 254 0
252 254 255 0
251 241 242 0
256 257 258 0
256 258 259 0
244 235 245 0
245 235 234 0
260 261 262 0
261 260 263 0
264 265 255 0
265 266 267 0
268 264 269 0
269 264 254 0
254 264 255 0
270 271 272 0
270 272 273 0
250 248 274 0
275 276 277 0
277 276 278 0
277 278 279 0
280 281 282 0
282 281 283 0
283 281 284 0
284 281 285 0
284 285 286 0
287 288 259 0
259 288 289 0
290 291 292 0
290 292 293 0
278 294 295 0
295 294 296 0
292 297 298 0
292 298 293 0
299 239 256 0
279 278 295 0
300 239 241 0
300 241 301 0
302 303 304 0
301 229 300 0
194 305 152 0
305 234 306 0
307 227 308 0
307 309 40 0
246 230 310 0
230 243 93 0
311 312 313 0
312 219 149 0
314 315 316 0
314 317 294 0
256 239 257 0
258 318 259 0
319 320 321 0
319 322 323 0
324 325 326 0
325 324 273 0
327 328 329 0
328 330 326 0
331 332 280 0
332 281 280 0
333 308 228 0
303 334 304 0
334 303 56 0
335 221 336 0
221 335 231 0
337 247 338 0
247 337 339 0
300 169 257 0
245 93 243 0
93 245 194 0
282 283 222 0
310 183 340 0
183 310 230 0
341 276 342 0
276 341 316 0
343 336 221 0
343 344 345 0
346 347 348 0
347 47 46 0
302 58 57 0
58 302 331 0
217 257 169 0
349 350 104 0
350 351 352 0
353 231 335 0
231 353 218 0
223 354 355 0
354 283 284 0
40 309 349 0
309 291 356 0
105 104 350 0
105 352 357 0
358 311 253 0
358 172 219 0
359 173 172 0
359 360 87 0
361 362 344 0
362 361 357 0
363 364 313 0
364 363 365 0
345 336 343 0
345 344 362 0
366 367 347 0
366 368 317 0
338 54 337 0
338 249 348 0
156 258 217 0
318 287 259 0
215 301 339 0
368 294 317 0
226 314 232 0
280 78 58 0
369 331 302 0
292 308 333 0
346 348 249 0
46 54 338 0
342 365 225 0
370 336 345 0
221 220 343 0
371 340 183 0
340 372 373 0
297 360 298 0
252 374 253 0
253 311 254 0
284 355 354 0
251 247 339 0
222 283 354 0
355 287 318 0
237 375 334 0
237 234 233 0
225 224 342 0
225 363 149 0
374 360 376 0
360 374 298 0
269 254 311 0
269 364 268 0
375 377 304 0
377 375 238 0
378 271 270 0
271 345 362 0
379 380 372 0
379 381 382 0
366 317 367 0
368 383 296 0
268 384 385 0
384 275 277 0
386 387 244 0
386 388 389 0
387 389 236 0
390 325 272 0
325 390 391 0
250 392 346 0
393 369 377 0
302 304 369 0
295 394 279 0
247 251 248 0
356 395 329 0
356 351 350 0
370 381 396 0
382 380 379 0
298 397 293 0
370 345 271 0
370 378 398 0
399 400 401 0
400 399 402 0
403 323 322 0
323 285 320 0
404 405 406 0
405 404 407 0
408 409 410 0
409 411 274 0
412 413 414 0
413 248 262 0
383 392 411 0
346 249 250 0
415 296 383 0
296 294 368 0
406 385 384 0
252 416 417 0
418 398 378 0
299 256 289 0
419 420 327 0
419 421 422 0
316 278 276 0
251 301 241 0
268 385 423 0
364 275 384 0
281 332 320 0
424 285 323 0
424 288 286 0
417 425 421 0
417 416 426 0
423 427 266 0
393 321 320 0
393 377 428 0
274 411 250 0
429 401 400 0
401 289 288 0
430 380 382 0
372 431 379 0
432 382 398 0
432 433 430 0
272 325 273 0
362 357 390 0
263 434 429 0
434 299 289 0
435 436 437 0
436 389 438 0
388 372 380 0
389 387 386 0
439 440 408 0
440 383 411 0
273 441 442 0
441 324 443 0
444 236 389 0
387 235 244 0
329 391 356 0
395 290 327 0
327 329 395 0
445 330 328 0
292 333 297 0
418 446 432 0
447 233 448 0
237 334 306 0
356 349 309 0
351 390 357 0
259 289 256 0
287 286 288 0
318 156 223 0
424 286 285 0
419 293 421 0
293 397 421 0
269 311 313 0
358 253 376 0
279 406 277 0
364 384 268 0
234 237 306 0
304 334 375 0
428 238 447 0
238 428 377 0
428 321 393 0
271 362 272 0
370 271 378 0
418 378 270 0
381 398 382 0
431 381 379 0
431 396 381 0
398 381 370 0
380 430 438 0
262 248 242 0
242 240 262 0
275 342 276 0
415 295 296 0
287 284 286 0
392 383 368 0
366 392 368 0
268 423 264 0
239 299 240 0
438 388 380 0
438 389 388 0
372 386 373 0
326 391 329 0
391 326 325 0
391 351 356 0
387 236 235 0
448 236 444 0
386 244 246 0
441 273 324 0
445 328 327 0
327 290 419 0
362 390 272 0
415 440 439 0
440 415 383 0
423 266 265 0
427 385 449 0
295 415 394 0
392 366 346 0
444 436 435 0
436 444 389 0
434 263 260 0
434 240 299 0
319 323 320 0
424 323 403 0
430 382 432 0
446 433 432 0
238 375 237 0
399 424 402 0
424 403 402 0
397 374 252 0
374 376 253 0
332 369 393 0
377 369 304 0
356 291 395 0
278 315 294 0
313 364 269 0
372 388 386 0
356 350 349 0
291 308 292 0
307 40 227 0
310 340 373 0
87 333 228 0
189 341 224 0
315 278 316 0
215 337 54 0
313 149 363 0
284 287 355 0
371 218 353 0
431 340 371 0
105 361 136 0
136 344 220 0
215 339 337 0
189 316 341 0
306 152 305 0
226 317 314 0
275 364 365 0
363 225 365 0
351 391 390 0
350 352 105 0
335 336 396 0
361 344 136 0
376 360 359 0
172 376 359 0
333 87 297 0
331 369 332 0
46 348 347 0
47 367 226 0
291 309 307 0
246 310 373 0
243 230 246 0
340 431 372 0
353 335 396 0
78 280 282 0
258 156 318 0
386 246 373 0
358 312 311 0
58 331 280 0
367 47 347 0
251 339 301 0
316 232 314 0
245 305 194 0
361 105 357 0
220 344 343 0
376 172 358 0
319 321 450 0
438 430 451 0
399 401 288 0
452 428 453 0
274 410 409 0
410 274 412 0
233 236 448 0
448 454 447 0
407 394 455 0
406 449 385 0
449 406 405 0
414 262 261 0
422 420 419 0
421 397 417 0
252 255 416 0
397 298 374 0
222 354 223 0
371 353 431 0
393 320 332 0
433 451 430 0
424 399 288 0
447 453 428 0
233 447 238 0
404 406 279 0
250 411 392 0
274 413 412 0
456 418 270 0
317 226 367 0
341 342 224 0
257 239 300 0
434 401 429 0
255 267 416 0
423 265 264 0
260 262 240 0
401 434 289 0
438 451 437 0
440 409 408 0
415 455 394 0
409 440 411 0
321 452 450 0
326 443 324 0
427 423 385 0
444 457 448 0
420 445 327 0
301 215 229 0
394 404 279 0
347 346 366 0
439 455 415 0
446 418 456 0
456 270 442 0
152 334 56 0
321 428 452 0
281 320 285 0
425 422 421 0
417 426 425 0
351 357 352 0
308 227 228 0
293 419 290 0
232 316 189 0
416 267 426 0
267 255 265 0
457 454 448 0
305 245 234 0
371 183 218 0
223 355 318 0
274 248 413 0
434 260 240 0
290 395 291 0
358 219 312 0
252 417 397 0
87 173 359 0
326 329 328 0
308 291 307 0
326 330 443 0
312 149 313 0
104 40 349 0
270 273 442 0
342 275 365 0
384 277 406 0
294 315 314 0
394 407 404 0
46 338 348 0
432 398 418 0
396 336 370 0
396 431 353 0
438 437 436 0
435 457 444 0
454 453 447 0
334 152 306 0
57 303 302 0
450 322 319 0
57 56 303 0
282 222 78 0
247 249 338 0
229 169 300 0
262 414 413 0
257 217 258 0
87 360 297 0
458 459 460 0
459 461 462 0
462 461 463 0
458 464 461 0
461 464 465 0
466 467 468 0
466 468 469 0
470 471 472 0
471 433 473 0
474 475 476 0
474 477 478 0
479 480 481 0
481 480 482 0
483 484 485 0
485 484 486 0
487 488 489 0
489 488 490 0
473 491 492 0
473 492 472 0
472 492 493 0
494 495 496 0
494 496 497 0
497 496 498 0
441 499 442 0
499 500 501 0
466 502 467 0
467 445 468 0
503 504 477 0
503 322 505 0
506 456 501 0
506 507 446 0
508 509 510 0
508 511 512 0
513 514 515 0
514 516 517 0
518 519 520 0
518 521 522 0
523 524 525 0
523 526 527 0
525 528 529 0
525 530 531 0
532 533 534 0
533 535 536 0
464 537 465 0
463 461 465 0
458 461 459 0
458 538 464 0
539 540 541 0
539 541 542 0
543 479 544 0
543 544 545 0
543 545 546 0
547 548 549 0
549 548 550 0
551 552 553 0
551 553 520 0
487 554 488 0
490 488 555 0
490 555 556 0
519 557 558 0
517 516 559 0
560 514 513 0
515 561 501 0
515 501 500 0
515 500 562 0
511 563 564 0
564 563 565 0
566 511 567 0
420 568 468 0
468 568 469 0
455 497 569 0
565 453 570 0
565 563 452 0
544 479 571 0
572 573 574 0
573 531 575 0
576 577 578 0
577 579 580 0
581 582 583 0
582 579 577 0
584 585 586 0
585 584 587 0
531 588 589 0
588 590 591 0
541 540 592 0
541 592 593 0
593 592 594 0
595 596 597 0
597 596 598 0
599 575 589 0
599 589 591 0
595 600 601 0
595 601 596 0
586 574 602 0
603 580 604 0
604 580 605 0
606 607 608 0
608 607 609 0
610 611 612 0
613 614 615 0
613 615 616 0
613 616 617 0
618 619 620 0
618 620 621 0
622 550 623 0
624 625 626 0
624 626 627 0
628 557 629 0
513 515 562 0
513 562 630 0
513 630 631 0
632 633 634 0
635 632 636 0
474 476 637 0
637 476 554 0
562 500 638 0
562 638 639 0
498 640 641 0
641 640 642 0
643 644 645 0
645 644 646 0
501 442 499 0
501 561 506 0
647 648 400 0
647 649 637 0
650 651 652 0
650 266 653 0
654 655 656 0
654 408 657 0
473 433 446 0
508 567 511 0
512 509 508 0
658 659 660 0
658 661 662 0
663 659 664 0
663 665 660 0
519 629 557 0
519 522 629 0
666 485 486 0
666 667 668 0
520 553 518 0
558 612 669 0
670 671 672 0
670 673 674 0
627 675 676 0
675 677 678 0
679 680 681 0
679 682 683 0
684 685 686 0
684 623 687 0
688 689 690 0
688 691 692 0
537 535 533 0
532 693 694 0
6 695 5 0
695 598 696 0
596 601 697 0
596 697 698 0
596 698 696 0
696 698 699 0
700 701 702 0
702 701 703 0
703 701 704 0
704 701 705 0
706 707 708 0
706 708 460 0
706 460 459 0
648 637 487 0
648 487 709 0
648 709 710 0
505 504 503 0
504 505 711 0
402 649 647 0
712 713 639 0
712 443 714 0
634 715 716 0
715 717 414 0
570 564 565 0
564 570 718 0
719 720 721 0
719 716 263 0
469 568 722 0
568 723 724 0
725 451 470 0
725 726 437 0
727 728 729 0
728 652 730 0
566 567 711 0
566 563 511 0
471 473 472 0
714 731 732 0
714 443 330 0
641 569 498 0
722 724 733 0
724 734 729 0
495 656 735 0
735 656 655 0
736 737 738 0
737 739 740 0
491 517 559 0
741 742 743 0
741 744 717 0
653 745 746 0
745 645 646 0
470 747 725 0
470 472 748 0
721 720 429 0
721 632 719 0
472 493 748 0
493 749 750 0
713 732 751 0
732 502 752 0
743 742 634 0
743 753 741 0
754 755 756 0
755 754 757 0
758 642 759 0
642 758 644 0
740 718 738 0
738 570 454 0
651 661 652 0
651 653 746 0
649 474 637 0
478 475 474 0
751 639 713 0
748 760 747 0
760 761 762 0
517 515 514 0
649 477 474 0
632 635 633 0
634 716 719 0
630 763 614 0
764 765 766 0
764 466 469 0
646 644 758 0
767 768 746 0
564 512 511 0
711 769 566 0
769 505 450 0
559 492 491 0
770 509 512 0
510 771 508 0
636 772 489 0
489 772 709 0
632 772 636 0
773 547 774 0
773 733 775 0
776 739 762 0
776 777 778 0
779 752 502 0
752 779 668 0
780 567 771 0
780 522 781 0
727 729 734 0
729 775 733 0
782 766 774 0
766 765 783 0
496 495 784 0
778 739 776 0
778 770 740 0
642 640 785 0
640 784 786 0
787 476 475 0
518 787 521 0
522 519 518 0
510 628 771 0
771 628 629 0
762 747 760 0
762 739 737 0
330 467 731 0
752 751 732 0
498 569 497 0
642 644 641 0
652 658 730 0
658 662 659 0
683 788 750 0
788 789 761 0
749 492 559 0
790 775 730 0
790 547 773 0
643 641 644 0
767 758 791 0
469 722 765 0
722 733 783 0
655 754 735 0
755 757 753 0
614 631 630 0
478 781 521 0
478 504 711 0
619 759 792 0
759 791 758 0
793 755 794 0
755 793 756 0
795 796 756 0
796 795 797 0
748 747 470 0
788 760 750 0
730 775 729 0
658 660 730 0
782 774 798 0
774 783 773 0
799 750 749 0
750 799 683 0
751 752 667 0
731 502 732 0
796 735 756 0
655 757 754 0
490 800 636 0
512 564 718 0
740 739 778 0
801 664 618 0
664 662 768 0
802 635 636 0
802 803 804 0
805 806 777 0
806 805 807 0
746 662 661 0
746 646 767 0
547 808 548 0
549 798 774 0
724 729 733 0
783 765 722 0
809 618 664 0
809 768 791 0
804 810 633 0
810 804 625 0
811 812 749 0
811 516 813 0
796 495 735 0
786 785 640 0
794 755 753 0
794 624 793 0
567 781 711 0
512 718 740 0
633 635 804 0
715 742 717 0
753 810 794 0
810 743 633 0
560 613 814 0
560 513 631 0
554 487 637 0
797 815 816 0
817 795 818 0
496 640 498 0
785 792 759 0
808 819 548 0
808 660 665 0
488 820 555 0
820 488 554 0
667 763 751 0
615 666 821 0
483 822 782 0
803 672 823 0
823 672 671 0
824 770 806 0
824 510 509 0
517 561 515 0
825 818 793 0
825 826 817 0
467 502 731 0
822 668 779 0
820 787 552 0
787 475 521 0
683 680 679 0
680 799 812 0
815 827 816 0
827 828 829 0
552 830 820 0
830 608 831 0
660 659 663 0
665 819 808 0
781 567 780 0
521 475 478 0
832 829 526 0
829 832 816 0
756 818 795 0
793 624 825 0
617 616 604 0
616 615 821 0
833 834 835 0
834 806 807 0
668 822 483 0
779 466 764 0
836 619 792 0
809 791 759 0
815 797 795 0
817 837 828 0
721 772 632 0
556 800 490 0
814 613 617 0
814 838 560 0
813 812 811 0
839 807 840 0
805 789 682 0
841 833 842 0
777 789 805 0
789 776 761 0
750 748 493 0
749 812 799 0
813 843 812 0
843 844 680 0
789 777 776 0
750 760 748 0
783 774 766 0
724 723 734 0
845 782 798 0
764 766 822 0
808 790 660 0
846 728 727 0
652 846 650 0
790 730 660 0
801 618 621 0
646 758 767 0
768 662 746 0
606 608 830 0
628 510 841 0
824 509 770 0
622 484 845 0
630 562 639 0
631 613 560 0
831 555 830 0
831 847 673 0
557 612 558 0
628 841 557 0
485 668 483 0
803 823 626 0
672 802 800 0
610 842 848 0
610 557 841 0
677 626 823 0
849 850 851 0
850 823 671 0
852 548 853 0
854 855 801 0
854 856 857 0
571 486 484 0
486 571 603 0
681 858 679 0
681 844 859 0
860 679 858 0
683 789 788 0
551 861 607 0
861 669 862 0
816 792 785 0
792 832 836 0
863 813 838 0
863 844 843 0
820 476 787 0
781 522 521 0
477 864 503 0
752 668 667 0
639 751 763 0
865 835 691 0
865 842 833 0
804 635 802 0
790 808 547 0
773 775 790 0
670 672 556 0
556 555 831 0
806 778 777 0
567 508 771 0
550 687 623 0
816 785 786 0
641 643 569 0
627 676 826 0
676 866 867 0
618 809 619 0
620 836 526 0
868 605 579 0
605 868 869 0
627 826 825 0
794 810 625 0
819 853 548 0
617 869 814 0
617 604 605 0
860 840 682 0
860 870 839 0
606 552 551 0
871 872 852 0
871 857 873 0
828 815 817 0
828 874 829 0
838 875 863 0
875 814 869 0
821 604 616 0
821 486 603 0
876 674 673 0
674 851 671 0
784 797 786 0
756 735 754 0
833 824 834 0
610 841 842 0
811 749 559 0
680 683 799 0
853 855 857 0
801 621 854 0
638 499 441 0
855 663 801 0
809 664 768 0
623 545 622 0
545 623 684 0
527 526 829 0
527 877 524 0
672 803 802 0
670 674 671 0
817 818 825 0
837 867 878 0
549 550 798 0
547 549 774 0
678 677 849 0
678 866 676 0
544 571 484 0
798 622 845 0
879 851 674 0
851 879 880 0
881 869 868 0
881 882 883 0
839 884 691 0
839 840 860 0
852 853 871 0
687 550 548 0
780 771 629 0
519 558 520 0
692 884 870 0
692 689 688 0
862 885 886 0
862 887 888 0
840 807 805 0
789 683 682 0
529 856 621 0
523 525 529 0
889 890 880 0
890 849 851 0
672 800 556 0
636 489 490 0
891 892 893 0
892 891 894 0
859 844 883 0
859 858 681 0
895 571 479 0
603 604 821 0
883 896 859 0
883 875 881 0
669 611 887 0
611 897 898 0
664 801 663 0
857 855 854 0
520 669 861 0
829 874 899 0
874 878 900 0
530 901 590 0
901 525 524 0
772 721 709 0
802 636 800 0
815 828 827 0
797 784 796 0
803 626 625 0
627 825 624 0
534 902 903 0
902 870 858 0
848 897 611 0
848 904 905 0
847 608 609 0
831 673 670 0
906 907 908 0
907 878 867 0
481 895 479 0
904 842 865 0
685 872 585 0
685 687 852 0
614 667 615 0
486 821 666 0
822 766 782 0
779 502 466 0
904 688 905 0
691 884 692 0
528 572 856 0
572 574 873 0
909 894 882 0
909 910 911 0
826 837 817 0
624 794 625 0
900 912 899 0
912 600 913 0
677 823 850 0
849 914 678 0
915 916 609 0
916 915 917 0
792 816 832 0
620 523 529 0
855 819 665 0
659 662 664 0
863 843 813 0
860 682 679 0
620 619 836 0
267 650 846 0
544 622 545 0
684 687 685 0
675 626 677 0
677 850 849 0
668 485 666 0
609 886 915 0
835 807 839 0
776 762 761 0
873 872 871 0
857 856 572 0
680 812 843 0
883 863 875 0
690 538 918 0
690 905 688 0
606 830 552 0
831 670 556 0
523 527 524 0
524 877 901 0
867 908 907 0
867 826 676 0
875 838 814 0
881 868 919 0
858 903 902 0
870 884 839 0
876 673 847 0
920 880 879 0
898 897 921 0
898 887 611 0
578 580 895 0
686 587 922 0
587 686 585 0
669 887 862 0
923 908 866 0
923 924 906 0
693 893 892 0
893 903 896 0
787 518 553 0
610 612 557 0
702 917 915 0
702 925 700 0
576 539 542 0
576 578 482 0
922 543 546 0
853 857 871 0
585 686 685 0
921 707 898 0
921 926 708 0
787 553 552 0
816 786 797 0
899 877 527 0
691 904 865 0
535 692 536 0
862 607 861 0
885 927 925 0
798 550 622 0
548 852 687 0
928 929 930 0
929 928 931 0
932 678 914 0
866 908 867 0
905 926 921 0
689 538 690 0
906 924 933 0
906 908 923 0
480 934 482 0
934 480 935 0
880 920 936 0
920 879 876 0
907 906 937 0
900 899 874 0
528 856 529 0
528 573 572 0
882 891 896 0
894 911 938 0
911 894 909 0
868 579 919 0
877 912 913 0
535 538 689 0
538 535 464 0
526 836 832 0
581 939 940 0
939 581 583 0
917 702 703 0
925 915 886 0
903 858 859 0
882 894 891 0
586 873 574 0
586 941 584 0
577 576 583 0
579 605 580 0
873 857 572 0
574 575 602 0
850 671 851 0
876 847 916 0
536 870 902 0
535 537 464 0
622 544 484 0
708 926 918 0
829 816 827 0
826 867 837 0
605 869 617 0
895 580 603 0
914 889 928 0
890 851 880 0
684 686 546 0
918 460 708 0
460 918 458 0
903 859 896 0
805 682 840 0
514 560 516 0
882 896 883 0
865 833 835 0
611 669 612 0
888 927 885 0
927 888 942 0
743 810 753 0
936 943 931 0
943 936 944 0
697 933 924 0
933 937 906 0
590 901 913 0
877 899 912 0
578 481 482 0
578 895 481 0
482 934 539 0
858 870 860 0
806 834 824 0
530 588 531 0
944 703 704 0
551 607 606 0
607 886 609 0
930 932 928 0
930 945 924 0
911 940 946 0
940 939 947 0
595 913 600 0
595 590 913 0
948 938 946 0
946 938 911 0
587 949 950 0
949 584 941 0
949 587 584 0
941 602 951 0
952 694 948 0
931 889 936 0
928 932 914 0
879 674 876 0
702 915 925 0
621 856 854 0
783 733 773 0
953 700 927 0
925 886 885 0
693 948 694 0
693 892 938 0
934 935 540 0
907 937 900 0
930 923 932 0
888 898 707 0
848 905 897 0
793 818 756 0
809 759 619 0
692 535 689 0
839 691 835 0
924 945 697 0
945 954 698 0
575 531 589 0
804 803 625 0
890 914 849 0
537 694 465 0
533 536 534 0
576 482 539 0
583 582 577 0
913 901 877 0
912 937 600 0
895 603 571 0
480 543 922 0
621 620 529 0
855 853 819 0
601 600 937 0
955 949 941 0
951 599 956 0
539 934 540 0
582 910 579 0
917 703 944 0
936 889 880 0
919 910 909 0
631 614 613 0
950 922 587 0
950 592 540 0
909 882 919 0
938 948 693 0
942 707 706 0
888 887 898 0
837 878 828 0
889 931 928 0
692 870 536 0
893 693 532 0
881 875 869 0
910 582 581 0
685 852 872 0
922 546 686 0
957 958 943 0
958 959 954 0
538 458 918 0
918 926 690 0
531 528 525 0
601 937 933 0
927 700 925 0
888 885 862 0
601 933 697 0
937 912 900 0
580 578 577 0
922 935 480 0
954 959 699 0
954 929 958 0
950 935 922 0
954 930 929 0
958 931 943 0
537 533 532 0
536 902 534 0
886 607 862 0
707 942 888 0
573 528 531 0
530 590 588 0
586 585 872 0
525 901 530 0
701 953 960 0
953 927 942 0
597 590 595 0
893 532 534 0
591 589 588 0
579 910 919 0
947 946 940 0
957 959 958 0
957 943 704 0
951 602 575 0
955 961 949 0
917 944 920 0
911 581 940 0
534 903 893 0
667 614 763 0
848 611 610 0
942 706 960 0
545 684 546 0
807 835 834 0
592 961 594 0
961 592 950 0
541 593 962 0
878 874 828 0
590 597 591 0
602 941 586 0
954 945 930 0
626 675 627 0
706 459 963 0
931 958 929 0
698 697 945 0
462 963 459 0
694 537 532 0
465 964 463 0
704 705 957 0
700 953 701 0
599 591 965 0
591 597 598 0
701 960 966 0
960 706 963 0
894 938 892 0
946 947 967 0
967 947 968 0
939 962 947 0
688 904 691 0
542 583 576 0
699 959 969 0
923 930 924 0
941 951 955 0
542 939 583 0
465 694 952 0
900 878 907 0
598 965 591 0
957 969 959 0
957 705 970 0
2 970 1 0
970 705 971 0
971 1 970 0
1 971 19 0
964 952 967 0
948 946 952 0
968 12 13 0
12 968 962 0
960 953 942 0
847 609 916 0
956 961 955 0
402 864 649 0
400 648 710 0
710 709 721 0
721 429 710 0
581 911 910 0
653 651 650 0
746 661 651 0
420 422 568 0
422 723 568 0
734 426 727 0
425 734 723 0
769 711 505 0
575 574 573 0
586 872 873 0
956 955 951 0
965 956 599 0
967 14 964 0
891 893 896 0
952 964 465 0
905 921 897 0
961 9 594 0
9 956 8 0
410 744 657 0
741 757 744 0
744 757 657 0
561 507 506 0
561 517 491 0
561 491 507 0
645 405 643 0
263 720 719 0
634 719 632 0
435 726 736 0
736 726 762 0
453 454 570 0
738 718 570 0
764 469 765 0
599 951 575 0
967 952 946 0
923 866 932 0
678 932 866 0
543 480 479 0
961 950 949 0
669 520 558 0
921 708 707 0
848 842 904 0
926 905 690 0
855 665 663 0
523 620 526 0
642 785 759 0
724 722 568 0
779 764 822 0
838 813 516 0
657 757 655 0
675 678 676 0
476 820 554 0
830 555 820 0
796 784 495 0
795 817 815 0
640 496 784 0
730 729 728 0
658 652 661 0
770 512 740 0
737 740 738 0
732 713 714 0
763 630 639 0
478 711 781 0
864 477 649 0
757 741 753 0
726 747 762 0
788 761 760 0
778 806 770 0
646 746 745 0
791 768 767 0
427 745 653 0
487 489 709 0
629 522 780 0
762 737 736 0
493 492 749 0
494 656 495 0
846 652 728 0
717 412 414 0
267 266 650 0
267 846 727 0
494 497 439 0
634 633 743 0
716 261 263 0
643 405 407 0
717 744 412 0
742 715 634 0
437 451 725 0
712 639 638 0
712 714 713 0
471 451 433 0
741 717 742 0
647 637 648 0
563 769 452 0
445 420 468 0
738 454 457 0
503 403 322 0
638 500 499 0
451 471 470 0
408 410 657 0
563 566 769 0
452 453 565 0
403 503 864 0
426 267 727 0
400 402 647 0
645 449 405 0
457 435 736 0
450 452 769 0
745 449 645 0
715 414 261 0
429 400 710 0
427 653 266 0
507 491 473 0
441 712 638 0
422 425 723 0
504 478 477 0
569 407 455 0
736 738 457 0
527 829 899 0
680 844 681 0
615 667 666 0
410 412 744 0
712 441 443 0
734 425 426 0
473 446 507 0
833 510 824 0
510 833 841 0
608 847 831 0
261 716 715 0
330 731 714 0
516 560 838 0
446 456 506 0
863 883 844 0
437 726 435 0
916 920 876 0
643 407 569 0
656 494 654 0
439 654 494 0
936 920 944 0
720 263 429 0
505 322 450 0
914 890 889 0
969 3 699 0
3 969 2 0
966 19 971 0
696 5 695 0
5 696 4 0
462 17 963 0
964 15 463 0
965 7 956 0
7 965 6 0
593 11 962 0
11 593 10 0
845 484 483 0
919 882 881 0
520 861 551 0
956 7 8 0
594 9 10 0
9 961 956 0
962 939 542 0
541 962 542 0
965 695 6 0
696 598 596 0
463 16 462 0
963 18 966 0
699 3 4 0
699 698 954 0
969 970 2 0
971 701 966 0
18 19 966 0
16 17 462 0
657 655 654 0
14 15 964 0
439 497 455 0
13 967 968 0
11 12 962 0
950 540 935 0
330 445 467 0
456 442 501 0
947 962 968 0
15 16 463 0
559 516 811 0
747 726 725 0
967 13 14 0
483 782 845 0
594 10 593 0
17 18 963 0
963 966 960 0
449 745 427 0
971 705 701 0
695 965 598 0
654 439 408 0
699 4 696 0
920 916 917 0
704 943 944 0
970 969 957 0
403 864 402 0
