572
1.000000000000000e+00 0.000000000000000e+00 0.000000000000000e+00
9.870502626379128e-01 1.604112808577602e-01 0.000000000000000e+00
9.485364419471455e-01 3.166679938014725e-01 0.000000000000000e+00
8.854560256532099e-01 4.647231720437685e-01 0.000000000000000e+00
7.994427634035012e-01 6.007422642379788e-01 0.000000000000000e+00
6.927243535095995e-01 7.212024473438144e-01 0.000000000000000e+00
5.680647467311559e-01 8.229838658936564e-01 0.000000000000000e+00
4.286925614030542e-01 9.034504346103822e-01 0.000000000000000e+00
2.782174639164527e-01 9.605181116313722e-01 0.000000000000000e+00
1.205366802553232e-01 9.927088740980540e-01 0.000000000000000e+00
-4.026594010941490e-02 9.991889981715697e-01 0.000000000000000e+00
-2.000256937760443e-01 9.797906520422677e-01 0.000000000000000e+00
-3.546048870425355e-01 9.350162426854148e-01 0.000000000000000e+00
-4.999999999999998e-01 8.660254037844387e-01 0.000000000000000e+00
-6.324453755953772e-01 7.746049618276546e-01 0.000000000000000e+00
-7.485107481711009e-01 6.631226582407954e-01 0.000000000000000e+00
-8.451900855437946e-01 5.344658261278012e-01 0.000000000000000e+00
-9.199794436588242e-01 3.919666098600751e-01 0.000000000000000e+00
-9.709418174260519e-01 2.393156642875581e-01 0.000000000000000e+00
-9.967573081342099e-01 8.046656871672608e-02 0.000000000000000e+00
-9.967573081342100e-01 -8.046656871672539e-02 0.000000000000000e+00
-9.709418174260521e-01 -2.393156642875574e-01 0.000000000000000e+00
-9.199794436588242e-01 -3.919666098600749e-01 0.000000000000000e+00
-8.451900855437950e-01 -5.344658261278007e-01 0.000000000000000e+00
-7.485107481711013e-01 -6.631226582407950e-01 0.000000000000000e+00
-6.324453755953777e-01 -7.746049618276541e-01 0.000000000000000e+00
-5.000000000000004e-01 -8.660254037844385e-01 0.000000000000000e+00
-3.546048870425359e-01 -9.350162426854147e-01 0.000000000000000e+00
-2.000256937760446e-01 -9.797906520422677e-01 0.000000000000000e+00
-4.026594010941514e-02 -9.991889981715696e-01 0.000000000000000e+00
1.205366802553223e-01 -9.927088740980541e-01 0.000000000000000e+00
2.782174639164521e-01 -9.605181116313725e-01 0.000000000000000e+00
4.286925614030538e-01 -9.034504346103824e-01 0.000000000000000e+00
5.680647467311556e-01 -8.229838658936566e-01 0.000000000000000e+00
6.927243535095993e-01 -7.212024473438146e-01 0.000000000000000e+00
7.994427634035006e-01 -6.007422642379796e-01 0.000000000000000e+00
8.854560256532096e-01 -4.647231720437692e-01 0.000000000000000e+00
9.485364419471454e-01 -3.166679938014730e-01 0.000000000000000e+00
9.870502626379128e-01 -1.604112808577606e-01 0.000000000000000e+00
1.000000000000000e+01 0.000000000000000e+00 0.000000000000000e+00
9.458172417006347e+00 -3.246994692046838e+00 0.000000000000000e+00
7.891405093963933e+00 -6.142127126896680e+00 0.000000000000000e+00
5.469481581224266e+00 -8.371664782625288e+00 0.000000000000000e+00
2.454854871407988e+00 -9.694002659393306e+00 0.000000000000000e+00
-8.257934547233186e-01 -9.965844930066698e+00 0.000000000000000e+00
-4.016954246529699e+00 -9.157733266550572e+00 0.000000000000000e+00
-6.772815716257414e+00 -7.357239106731313e+00 0.000000000000000e+00
-8.794737512064886e+00 -4.759473930370743e+00 0.000000000000000e+00
-9.863613034027223e+00 -1.645945902807342e+00 0.000000000000000e+00
-9.863613034027223e+00 1.645945902807340e+00 0.000000000000000e+00
-8.794737512064890e+00 4.759473930370737e+00 0.000000000000000e+00
-6.772815716257412e+00 7.357239106731315e+00 0.000000000000000e+00
-4.016954246529693e+00 9.157733266550576e+00 0.000000000000000e+00
-8.257934547233249e-01 9.965844930066698e+00 0.000000000000000e+00
2.454854871407993e+00 9.694002659393304e+00 0.000000000000000e+00
5.469481581224269e+00 8.371664782625285e+00 0.000000000000000e+00
7.891405093963936e+00 6.142127126896678e+00 0.000000000000000e+00
9.458172417006347e+00 3.246994692046834e+00 0.000000000000000e+00
9.759472980767921e-01 4.867802412498135e-01 0.000000000000000e+00
7.752039128138657e+00 -1.197902520534360e+00 0.000000000000000e+00
6.951545221283701e+00 -3.411858792197406e+00 0.000000000000000e+00
5.843842820268184e+00 -1.629065822620574e+00 0.000000000000000e+00
5.198177502363297e+00 -1.806698407775748e-01 0.000000000000000e+00
4.646952856291182e+00 -1.147019087031813e+00 0.000000000000000e+00
4.246205926109261e+00 -2.273682143564654e-01 0.000000000000000e+00
3.442800364382628e+00 -1.722088822593308e-01 0.000000000000000e+00
3.181997522955508e+00 4.095628314943159e-01 0.000000000000000e+00
3.830915991883538e+00 4.112634600234292e-01 0.000000000000000e+00
5.187142075817103e+00 -5.114801335127183e+00 0.000000000000000e+00
2.771440515792622e+00 -6.762880462375468e+00 0.000000000000000e+00
5.958565381930089e-01 -9.484949903348361e-01 0.000000000000000e+00
6.514391812954492e-01 -7.958854523321286e+00 0.000000000000000e+00
-1.625114796509952e+00 -7.093675228739129e+00 0.000000000000000e+00
5.181430771500787e-01 -6.157114589285896e+00 0.000000000000000e+00
7.616420118904638e+00 1.151682748093120e+00 0.000000000000000e+00
6.367609129443328e+00 -7.609147532617552e-02 0.000000000000000e+00
5.340827402686651e+00 1.479576506536650e+00 0.000000000000000e+00
-2.980665717412034e-01 -1.086979400490514e+00 0.000000000000000e+00
4.755811072049360e+00 5.342891020338760e+00 0.000000000000000e+00
6.693770227136739e+00 3.444424597415827e+00 0.000000000000000e+00
4.676761439570988e+00 3.280335146594716e+00 0.000000000000000e+00
-7.552263715053976e+00 -2.210953993106641e+00 0.000000000000000e+00
-7.561720640614153e+00 -1.355571192490942e-01 0.000000000000000e+00
-1.878902048297794e+00 -2.834970253154732e-01 0.000000000000000e+00
-1.731148931263978e+00 -5.201207110441093e-01 0.000000000000000e+00
-2.001878560085886e+00 -5.147712986189774e-01 0.000000000000000e+00
-4.245874449562105e+00 5.929442521946001e+00 0.000000000000000e+00
-2.903121940964336e-01 1.170416250627821e+00 0.000000000000000e+00
-1.519322415258071e-01 1.093666327969347e+00 0.000000000000000e+00
-2.816678523051772e-01 1.048104538979279e+00 0.000000000000000e+00
-9.342268013255421e-01 1.134998007614815e+00 0.000000000000000e+00
-1.190323203742311e+00 1.150010908962595e+00 0.000000000000000e+00
-1.018021977333612e+00 1.304271421199434e+00 0.000000000000000e+00
5.093110007432764e-01 7.486972165594249e+00 0.000000000000000e+00
-4.837884098970834e+00 3.720444767822051e+00 0.000000000000000e+00
-6.623931259268455e+00 2.392480436236991e+00 0.000000000000000e+00
-6.267849488425538e+00 4.783467523239501e+00 0.000000000000000e+00
-9.130547188954364e-01 6.800057952436794e-01 0.000000000000000e+00
-1.137089735404371e+00 -6.088622532463066e-02 0.000000000000000e+00
-4.600665400931757e+00 -1.734845677876969e+00 0.000000000000000e+00
-4.919670920247040e+00 -6.082268037238117e-01 0.000000000000000e+00
-4.210432092231861e+00 -8.880389354746967e-01 0.000000000000000e+00
3.529206281777851e-01 -1.082758721730689e+00 0.000000000000000e+00
-1.932795706717132e+00 7.158112187231002e+00 0.000000000000000e+00
7.219481377006863e-01 -8.377626551973876e-01 0.000000000000000e+00
7.393446755445086e-01 -9.837744172132563e-01 0.000000000000000e+00
2.805464025548789e+00 6.972728751957494e+00 0.000000000000000e+00
3.185948964029613e+00 -4.657109887044774e+00 0.000000000000000e+00
4.081477066387925e+00 -3.400334487210127e+00 0.000000000000000e+00
1.661042355041272e+00 -4.986403971163818e+00 0.000000000000000e+00
-5.789074425918558e+00 3.121307374178381e-01 0.000000000000000e+00
-4.980353579587597e+00 1.276276357365444e+00 0.000000000000000e+00
-4.665372850551961e+00 2.366192046837740e+00 0.000000000000000e+00
-5.681674629597031e+00 -3.188556714456912e+00 0.000000000000000e+00
-4.557981985869625e+00 -5.627409330961675e+00 0.000000000000000e+00
1.762929232416446e+00 1.360783587056902e+00 0.000000000000000e+00
2.135833011974215e+00 1.439906259585950e+00 0.000000000000000e+00
1.999237831189671e+00 1.130050728099546e+00 0.000000000000000e+00
-2.567394800739057e+00 1.919267064550495e+00 0.000000000000000e+00
-2.130475961715473e+00 2.295865530100701e+00 0.000000000000000e+00
-2.120611140370865e+00 1.768432610637027e+00 0.000000000000000e+00
-2.222639680355055e+00 -2.911596326291844e-01 0.000000000000000e+00
2.888802463133587e+00 -1.466008431964859e+00 0.000000000000000e+00
2.956575511920230e+00 -1.036103949335790e+00 0.000000000000000e+00
3.361788108092424e+00 -1.260106975750745e+00 0.000000000000000e+00
8.274399089836426e-01 7.332430110807794e-01 0.000000000000000e+00
1.072019255631954e+00 -1.132533034627736e-01 0.000000000000000e+00
3.812066181423545e+00 -8.576806817103932e-01 0.000000000000000e+00
5.012062602685859e-01 -1.073627605283916e+00 0.000000000000000e+00
6.304627694688952e-01 -1.072796155863782e+00 0.000000000000000e+00
3.984459049067019e-02 -1.113730684375179e+00 0.000000000000000e+00
2.032155993731977e-01 -1.100256167574039e+00 0.000000000000000e+00
2.895760459774600e+00 2.415393952723773e-02 0.000000000000000e+00
-1.405468396560512e+00 1.649994820422086e+00 0.000000000000000e+00
-1.635950380880121e+00 1.995737926389544e+00 0.000000000000000e+00
-1.195795704651250e+00 1.925279988342115e+00 0.000000000000000e+00
-7.887657625680925e-01 7.596894660008032e-01 0.000000000000000e+00
-1.473013265820347e+00 9.877796146214183e-01 0.000000000000000e+00
-1.475621672586850e+00 1.322874879067786e+00 0.000000000000000e+00
-1.159104493221083e+00 6.643385563594398e-02 0.000000000000000e+00
-1.114570978628130e+00 1.877855446085221e-01 0.000000000000000e+00
1.042653274551275e+00 -3.023781444932779e-01 0.000000000000000e+00
1.004126129770993e+00 -4.313120895113426e-01 0.000000000000000e+00
2.387489474914550e+00 7.049109958058436e-01 0.000000000000000e+00
2.674689218052809e+00 3.971147963011605e-01 0.000000000000000e+00
2.238159580545211e+00 2.826767140217731e-01 0.000000000000000e+00
7.624223346318727e-01 1.626808461612324e+00 0.000000000000000e+00
6.910719423671345e-01 1.977539577046527e+00 0.000000000000000e+00
1.018146518390539e+00 1.854850700219410e+00 0.000000000000000e+00
5.027335696110452e-01 1.718073021880298e+00 0.000000000000000e+00
-6.507990287739679e-01 9.440621812870856e-01 0.000000000000000e+00
-7.662794616254996e-01 8.541305874226968e-01 0.000000000000000e+00
-8.892741671521042e-01 -6.509571233720709e-01 0.000000000000000e+00
-1.091700352623372e+00 3.308939571656034e-01 0.000000000000000e+00
8.439783874233914e-01 -7.096425722368840e-01 0.000000000000000e+00
-1.852794121989695e+00 4.922909700600998e-01 0.000000000000000e+00
-1.623532357795262e+00 2.931513123462237e-01 0.000000000000000e+00
-1.914618318408019e+00 1.972078304210846e-01 0.000000000000000e+00
-8.641615753427198e-01 1.790316313160400e+00 0.000000000000000e+00
-9.123345521570047e-01 2.111138703364845e+00 0.000000000000000e+00
2.120549716636921e-01 -2.728108603144324e+00 0.000000000000000e+00
5.063552415850889e-01 -2.305060774496537e+00 0.000000000000000e+00
6.466943259426314e-01 -2.807074544997936e+00 0.000000000000000e+00
2.044060064483058e-02 1.118207754014336e+00 0.000000000000000e+00
2.118106562076092e-01 1.116218936396698e+00 0.000000000000000e+00
9.555121674190085e-01 7.285573737061445e-01 0.000000000000000e+00
1.105013225058064e+00 7.914534944431392e-01 0.000000000000000e+00
1.039505119625317e+00 6.093905653941015e-01 0.000000000000000e+00
-9.456787102706734e-01 -5.214633742372620e-01 0.000000000000000e+00
-1.077806906291364e+00 4.890369333776035e-01 0.000000000000000e+00
-8.382194797508558e-01 9.683795142218576e-01 0.000000000000000e+00
-4.650396624683026e-01 -1.021658354544718e+00 0.000000000000000e+00
1.122786258754250e+00 7.909013966549902e-02 0.000000000000000e+00
-1.262850023802798e-01 -1.112804000451190e+00 0.000000000000000e+00
7.219739420873651e-01 8.625706047212853e-01 0.000000000000000e+00
1.088978226747637e+00 3.112733160668810e-01 0.000000000000000e+00
-7.996700620810789e-01 -7.812299565327049e-01 0.000000000000000e+00
9.138555318674825e-01 6.028390562629582e-01 0.000000000000000e+00
4.916706125038493e-01 9.750468825876945e-01 0.000000000000000e+00
6.086922775676904e-01 9.895595193632430e-01 0.000000000000000e+00
7.433609471146793e-01 1.006441513232968e+00 0.000000000000000e+00
-4.978744048654893e-01 9.769253695956772e-01 0.000000000000000e+00
-4.104373646136484e-01 1.067844216009855e+00 0.000000000000000e+00
-1.044721960472433e+00 6.214067725314576e-01 0.000000000000000e+00
-9.629445192731124e-01 5.387821873242120e-01 0.000000000000000e+00
-1.104354333583163e+00 -2.148326085796713e-01 0.000000000000000e+00
1.258180191772011e+00 3.999235874359208e-01 0.000000000000000e+00
1.185785036606438e+00 2.171725933678239e-01 0.000000000000000e+00
1.008173068079870e+00 -6.808859951882031e-01 0.000000000000000e+00
9.326385102336591e-01 -5.708656037394784e-01 0.000000000000000e+00
1.054654687070991e+00 -5.378875292186920e-01 0.000000000000000e+00
-1.218933177832108e+00 2.741699395828874e-01 0.000000000000000e+00
-1.257361813394476e+00 4.339587757157075e-01 0.000000000000000e+00
1.150241080627080e+00 -4.075608999457659e-01 0.000000000000000e+00
1.323697361127044e+00 -4.977000466584200e-01 0.000000000000000e+00
1.165026344225725e+00 -6.085129759539984e-01 0.000000000000000e+00
-7.252129193373792e-01 -8.869175865306551e-01 0.000000000000000e+00
-6.095506148376906e-01 -9.434613039007723e-01 0.000000000000000e+00
-7.452544019272852e-01 -1.034417622140824e+00 0.000000000000000e+00
-8.452804102647110e-01 -9.071529844720375e-01 0.000000000000000e+00
5.822007972811737e-01 -1.208560960300340e+00 0.000000000000000e+00
-6.249112351725143e-01 1.219305488101767e+00 0.000000000000000e+00
-7.369622235999660e-01 1.108627171235979e+00 0.000000000000000e+00
-7.965403941924488e-01 1.315341056645943e+00 0.000000000000000e+00
-1.046494280356082e-01 1.273465041593589e+00 0.000000000000000e+00
8.714387707688122e-02 1.233998345856760e+00 0.000000000000000e+00
1.152638100010977e+00 1.411082400307470e+00 0.000000000000000e+00
1.240547282474227e+00 1.189536588840200e+00 0.000000000000000e+00
1.038466907558167e+00 1.231545658834116e+00 0.000000000000000e+00
1.380077199453304e+00 2.426654198319624e-01 0.000000000000000e+00
1.473753056241190e+00 7.139350843392524e-02 0.000000000000000e+00
1.283888831394561e+00 7.613234027966213e-02 0.000000000000000e+00
-2.669115912392298e-01 -1.503070148761433e+00 0.000000000000000e+00
-4.522516911481444e-01 -1.450689050407357e+00 0.000000000000000e+00
-3.062367038785616e-01 -1.366407296806436e+00 0.000000000000000e+00
-2.246482295477198e-01 -1.241792804255077e+00 0.000000000000000e+00
-4.518922286651150e-01 -1.228660019059808e+00 0.000000000000000e+00
1.410028855182465e-01 1.515408597070911e+00 0.000000000000000e+00
2.122501952518377e-01 1.757321912301621e+00 0.000000000000000e+00
3.543906593473650e-01 1.509464495625220e+00 0.000000000000000e+00
-3.689652725002859e-01 1.513228393375041e+00 0.000000000000000e+00
-2.159173073425595e-01 1.453546808773114e+00 0.000000000000000e+00
-3.300600468641658e-01 1.330254902393909e+00 0.000000000000000e+00
9.068214968138585e-01 -8.632388597874671e-01 0.000000000000000e+00
1.126183329007068e+00 -8.109306094130014e-01 0.000000000000000e+00
1.085777507510187e+00 4.497529063739788e-01 0.000000000000000e+00
8.915614186174228e-01 9.019932714132508e-01 0.000000000000000e+00
1.068498649779513e+00 1.034952421116287e+00 0.000000000000000e+00
-1.450682927154858e+00 4.380707886836898e-01 0.000000000000000e+00
-1.388340799770980e+00 6.056894272560966e-01 0.000000000000000e+00
-1.267841972713408e+00 1.465660139669841e-01 0.000000000000000e+00
2.362545464773468e-01 1.315199105956861e+00 0.000000000000000e+00
4.725744647476464e-01 1.304158238413062e+00 0.000000000000000e+00
-8.263171111311886e-01 -1.213167085665846e+00 0.000000000000000e+00
-6.532480679932359e-01 -1.179140243380534e+00 0.000000000000000e+00
-9.753491832162471e-01 -1.031680667679273e+00 0.000000000000000e+00
-9.733866617743100e-01 -8.037786782570371e-01 0.000000000000000e+00
2.879699511524125e-01 -1.385657767799278e+00 0.000000000000000e+00
4.171042670875991e-01 -1.225704368863464e+00 0.000000000000000e+00
5.075178969472072e-01 -1.392622477867225e+00 0.000000000000000e+00
8.829098903073590e-01 -1.509074451199492e+00 0.000000000000000e+00
1.118282865431262e+00 -1.692063805121413e+00 0.000000000000000e+00
7.823082124943661e-01 -1.786425118212053e+00 0.000000000000000e+00
7.101498265853021e-01 -1.340316950215859e+00 0.000000000000000e+00
2.021120724991055e+00 6.078392658512203e-01 0.000000000000000e+00
1.869350444135524e+00 2.946531167782450e-01 0.000000000000000e+00
1.688376580816877e+00 5.572718637843382e-01 0.000000000000000e+00
1.408577699836961e+00 5.943999051509627e-01 0.000000000000000e+00
1.473720228062248e+00 4.165853152321508e-01 0.000000000000000e+00
1.982169393457642e+00 -1.330297984425588e+00 0.000000000000000e+00
2.349762702300204e+00 -1.531043983471975e+00 0.000000000000000e+00
1.895525678328452e+00 -1.680452513325448e+00 0.000000000000000e+00
-1.201548801921865e+00 1.426273648614833e+00 0.000000000000000e+00
-1.451008420838555e+00 -1.284116899605609e-01 0.000000000000000e+00
-1.387652537204077e+00 -3.184028438798745e-01 0.000000000000000e+00
-1.598763528919879e+00 -2.919759292707633e-01 0.000000000000000e+00
-1.029343839350086e+00 -6.089114087896157e-01 0.000000000000000e+00
-1.177233046360153e+00 -5.295567512798504e-01 0.000000000000000e+00
-1.046717627538067e+00 -4.044966212070171e-01 0.000000000000000e+00
6.648610696856200e-02 -1.428527645316509e+00 0.000000000000000e+00
2.048913929474184e-01 -1.623369460747595e+00 0.000000000000000e+00
-8.040895641149887e-02 -1.627479426366523e+00 0.000000000000000e+00
-1.983147995688743e-01 -2.691369674596729e+00 0.000000000000000e+00
-3.333044796584131e-01 -2.242253856522245e+00 0.000000000000000e+00
5.456700369316264e-02 -2.361442791017273e+00 0.000000000000000e+00
-1.206716770040281e+00 -1.817309420917930e+00 0.000000000000000e+00
-1.202566155102101e+00 -1.521377061211109e+00 0.000000000000000e+00
-9.711419631700228e-01 -1.581389034704827e+00 0.000000000000000e+00
1.612169215572430e+00 3.430049303070241e+00 0.000000000000000e+00
1.351206365398421e+00 2.973017026077430e+00 0.000000000000000e+00
1.087383310333083e+00 3.472785439826724e+00 0.000000000000000e+00
1.362898494722137e+00 2.464311468647371e+00 0.000000000000000e+00
1.014975492213702e+00 2.200420470225241e+00 0.000000000000000e+00
9.556109389909586e-01 2.603479791927996e+00 0.000000000000000e+00
1.951804015713821e+00 3.098541660811933e+00 0.000000000000000e+00
2.168539862544749e+00 3.662153285209286e+00 0.000000000000000e+00
2.660475938232881e+00 3.127989084037881e+00 0.000000000000000e+00
1.969161667214048e+00 1.784227468497458e+00 0.000000000000000e+00
1.613383982524103e+00 1.606407496980624e+00 0.000000000000000e+00
-4.084872187732420e+00 -2.740663767208183e+00 0.000000000000000e+00
-3.105760057445638e+00 -7.573114040159280e-01 0.000000000000000e+00
-3.630753827288904e+00 -4.695249114811672e-01 0.000000000000000e+00
-3.052818289927457e+00 -2.490853285873936e-01 0.000000000000000e+00
2.725378517933395e+00 -2.039295735745047e+00 0.000000000000000e+00
2.183545968133775e+00 -2.057936522631473e+00 0.000000000000000e+00
2.437358923677874e+00 -2.563999525309987e+00 0.000000000000000e+00
-2.311690778531931e+00 5.185602046057968e+00 0.000000000000000e+00
-3.315955624719467e+00 4.046573916046571e+00 0.000000000000000e+00
-2.256115051696067e+00 -5.092056066403895e+00 0.000000000000000e+00
-3.090907207223594e+00 -4.159000370740399e+00 0.000000000000000e+00
-1.979181008631791e+00 -3.889004517930854e+00 0.000000000000000e+00
-1.215240256039765e+00 -3.514272071717143e-01 0.000000000000000e+00
-1.319491552613112e+00 -4.695897788762092e-01 0.000000000000000e+00
3.562671129872459e-01 1.176579461229096e+00 0.000000000000000e+00
3.724081567828083e-01 1.041231954726902e+00 0.000000000000000e+00
1.121223826239721e+00 -2.188704056954929e-01 0.000000000000000e+00
1.305136823804450e+00 -2.691346102862225e-01 0.000000000000000e+00
-9.016700576721790e-01 8.334502681736461e-01 0.000000000000000e+00
-1.025293529334059e+00 9.633579734230785e-01 0.000000000000000e+00
1.734253797843520e+00 2.703243304717690e+00 0.000000000000000e+00
-6.192973972150355e-01 5.550274700605764e+00 0.000000000000000e+00
-1.909471055022631e+00 2.763785884593808e+00 0.000000000000000e+00
-1.460351737004698e+00 3.108014324802510e+00 0.000000000000000e+00
-1.577929783916683e+00 2.525651426207904e+00 0.000000000000000e+00
-4.108815045692226e+00 -3.772601494858568e+00 0.000000000000000e+00
-2.560332296130909e+00 -2.757447840697811e+00 0.000000000000000e+00
-2.253384849195879e+00 -2.194666275056829e+00 0.000000000000000e+00
-1.915071921906652e+00 -2.533345213104852e+00 0.000000000000000e+00
-1.991690560249135e+00 -3.113317657065296e+00 0.000000000000000e+00
-1.495730885350639e+00 -3.292216493733982e+00 0.000000000000000e+00
-5.818225067105439e-01 -1.079403483356650e+00 0.000000000000000e+00
-3.717483554515567e+00 2.284755199166827e+00 0.000000000000000e+00
-3.060256807969473e+00 2.878722340146186e+00 0.000000000000000e+00
-3.078516161649194e+00 2.106083381711400e+00 0.000000000000000e+00
1.179802933650182e+00 -7.373152729784098e-02 0.000000000000000e+00
2.836259835728195e+00 8.502417669495077e-01 0.000000000000000e+00
4.294966141066292e+00 2.310301675068725e+00 0.000000000000000e+00
3.565098167851131e+00 2.901205354969447e+00 0.000000000000000e+00
-2.263907762398038e+00 4.189619334685822e+00 0.000000000000000e+00
5.348695022035591e+00 -3.175043711697670e+00 0.000000000000000e+00
-7.759324900390818e-01 -5.162448205185639e+00 0.000000000000000e+00
1.108909477479995e+00 -2.813597026643879e+00 0.000000000000000e+00
1.248684161051250e+00 -2.361584480255675e+00 0.000000000000000e+00
1.589890896157912e+00 -2.663577222211871e+00 0.000000000000000e+00
-1.460470430102490e+00 4.424259493619773e+00 0.000000000000000e+00
-4.077206507392333e+00 1.600982073878117e+00 0.000000000000000e+00
-3.261815294029019e+00 -3.240798790791145e+00 0.000000000000000e+00
3.163835196886051e+00 -2.717729494797865e+00 0.000000000000000e+00
2.521537499724360e+00 -3.222449884731426e+00 0.000000000000000e+00
-4.079352028048433e+00 8.212616506428303e-01 0.000000000000000e+00
7.543247846129948e-01 3.038708213540057e+00 0.000000000000000e+00
4.654848470052163e-01 2.622149391855106e+00 0.000000000000000e+00
-2.364382041774449e+00 2.822328087482286e+00 0.000000000000000e+00
-2.455664999666831e+00 3.461144637085437e+00 0.000000000000000e+00
-1.990760618638935e+00 3.153221961022162e+00 0.000000000000000e+00
3.215524947050473e+00 4.014900930411650e+00 0.000000000000000e+00
4.259836973201622e-01 -4.978425144930033e+00 0.000000000000000e+00
4.190311165034344e+00 1.701265884378755e+00 0.000000000000000e+00
-5.829214215155991e-01 4.271473729083876e+00 0.000000000000000e+00
-1.125008033420898e+00 3.706614752358897e+00 0.000000000000000e+00
2.538270189850328e+00 5.174055806469667e+00 0.000000000000000e+00
2.328926534890751e+00 -3.987318070143696e+00 0.000000000000000e+00
3.073040912526654e+00 -3.604803373382231e+00 0.000000000000000e+00
3.947803072921801e+00 -1.625571581839071e+00 0.000000000000000e+00
4.641880882321528e+00 -2.214875330779020e+00 0.000000000000000e+00
3.842527089928881e+00 -2.345694904392800e+00 0.000000000000000e+00
1.801611283420043e+00 -1.018819975898149e+00 0.000000000000000e+00
1.665772676693720e+00 -1.377822431823321e+00 0.000000000000000e+00
-2.576785273252890e+00 -3.431913835445101e+00 0.000000000000000e+00
-4.444261144958334e-02 -4.200534726767566e+00 0.000000000000000e+00
8.863057493267257e-01 -2.479192498094615e+00 0.000000000000000e+00
9.293773052525510e-01 -2.092598753809179e+00 0.000000000000000e+00
-6.017683696058853e+00 -1.299426204605233e+00 0.000000000000000e+00
1.693686398706326e-01 2.056306030993118e+00 0.000000000000000e+00
4.206830611491358e-01 2.218412547599881e+00 0.000000000000000e+00
3.976609944327413e-01 1.943492540885333e+00 0.000000000000000e+00
-2.666665886419024e+00 -9.209517824018559e-01 0.000000000000000e+00
-2.596837774266900e+00 -1.343093075472449e+00 0.000000000000000e+00
-3.005531446135061e+00 -1.181706772977762e+00 0.000000000000000e+00
1.787954415674289e+00 2.233789815980596e+00 0.000000000000000e+00
1.343147390868058e+00 2.041123464615661e+00 0.000000000000000e+00
-1.599864375925572e+00 5.654867115889912e-01 0.000000000000000e+00
-8.721740424856802e-01 3.180842596157166e+00 0.000000000000000e+00
-1.072615836445217e+00 2.738345788564928e+00 0.000000000000000e+00
-3.903105154290561e+00 3.039915479190665e+00 0.000000000000000e+00
-2.916007834661867e+00 1.477301868933026e+00 0.000000000000000e+00
-1.381280953767899e+00 -4.407756019312176e+00 0.000000000000000e+00
-7.525092527549870e-01 -4.241924581568097e+00 0.000000000000000e+00
8.449727115230963e-01 -4.249513422411681e+00 0.000000000000000e+00
3.594028677730632e+00 2.128676271768470e+00 0.000000000000000e+00
-4.914673509544906e-01 -3.185134841394588e+00 0.000000000000000e+00
-4.370064436352947e-02 -3.502259150367030e+00 0.000000000000000e+00
-4.930479712745153e-01 -3.758411975859929e+00 0.000000000000000e+00
-2.857110521497460e+00 -2.168917007508920e+00 0.000000000000000e+00
-1.032869744180621e+00 -3.010957370431979e+00 0.000000000000000e+00
-1.067842237243856e+00 -3.680471980715176e+00 0.000000000000000e+00
2.858264266456764e+00 2.377613201166136e+00 0.000000000000000e+00
2.983814374051462e+00 1.343552196693280e+00 0.000000000000000e+00
2.430868176533203e+00 1.176223844006349e+00 0.000000000000000e+00
2.539788819524004e+00 1.735400186527897e+00 0.000000000000000e+00
-3.529920923990570e-01 3.185459316493490e+00 0.000000000000000e+00
-6.394698292179776e-01 2.838134815417060e+00 0.000000000000000e+00
-5.912251875743854e-01 3.611724444481423e+00 0.000000000000000e+00
-3.591949437633684e+00 -1.241584076705467e+00 0.000000000000000e+00
-2.876108321290183e+00 8.017339532801969e-01 0.000000000000000e+00
-3.448746459658019e+00 5.296995916444563e-01 0.000000000000000e+00
-3.477462513020456e+00 1.150700262364128e+00 0.000000000000000e+00
1.450193466347253e+00 -3.283296053936721e+00 0.000000000000000e+00
8.434071299869460e-01 -3.244503237319116e+00 0.000000000000000e+00
1.551405164007688e+00 -3.959077955474728e+00 0.000000000000000e+00
1.980584314014918e+00 -3.494063349065199e+00 0.000000000000000e+00
3.104263692102378e+00 1.830065202219449e+00 0.000000000000000e+00
3.565905224443632e+00 1.499697687465216e+00 0.000000000000000e+00
1.539550731181650e+00 3.907029657913107e+00 0.000000000000000e+00
8.215535446073664e-01 3.970302008548466e+00 0.000000000000000e+00
1.405359358341820e+00 4.616158585678577e+00 0.000000000000000e+00
-3.014935459210950e+00 -1.637107283776318e+00 0.000000000000000e+00
-2.466789642107705e+00 -1.766401605063900e+00 0.000000000000000e+00
-1.999250705549084e+00 -1.786004803950396e+00 0.000000000000000e+00
-3.458213791376969e+00 1.722136885253858e+00 0.000000000000000e+00
-1.770994529479861e+00 1.544341711008055e+00 0.000000000000000e+00
-2.123600337177605e+00 1.351783755738831e+00 0.000000000000000e+00
-1.792693930205315e+00 3.673812417262433e+00 0.000000000000000e+00
1.881105958424357e-01 3.058374402943734e+00 0.000000000000000e+00
-2.386505517437728e-01 2.686763009758643e+00 0.000000000000000e+00
3.328965853468878e+00 -1.899056456294121e+00 0.000000000000000e+00
1.296115740997250e+00 -1.987060572046421e+00 0.000000000000000e+00
2.284606306809133e+00 2.174855847235533e+00 0.000000000000000e+00
2.215457688114698e+00 2.639007491142637e+00 0.000000000000000e+00
-2.639662807633349e+00 2.381228171945421e+00 0.000000000000000e+00
-3.575567780191615e+00 -2.022553551335427e+00 0.000000000000000e+00
-1.508282728163678e+00 7.488455600401412e-01 0.000000000000000e+00
-1.771148256176394e+00 8.053998436633361e-01 0.000000000000000e+00
3.226846760743976e+00 -7.138093490249339e-01 0.000000000000000e+00
4.570785795509856e+00 5.069328070411212e-01 0.000000000000000e+00
-4.631086459735249e+00 2.472377584827317e-01 0.000000000000000e+00
-4.257707035076545e+00 -3.182355483776877e-01 0.000000000000000e+00
1.027759231519028e+00 -3.702076550719286e+00 0.000000000000000e+00
-1.590365176256870e+00 -1.822599884381083e+00 0.000000000000000e+00
-1.412690408573928e+00 -1.581103843302324e+00 0.000000000000000e+00
-7.390319669364701e-01 -2.207586654162583e+00 0.000000000000000e+00
-6.308185797662897e-01 -2.633789872357655e+00 0.000000000000000e+00
-2.970207478795921e+00 2.419782424428980e-01 0.000000000000000e+00
-2.523263056764705e+00 3.655883989744159e-01 0.000000000000000e+00
-2.607944757917951e+00 -5.538284270990974e-02 0.000000000000000e+00
4.786936233602553e-01 -3.688271899356442e+00 0.000000000000000e+00
3.481926552725129e-01 -3.172703348260435e+00 0.000000000000000e+00
-3.896591875879670e+00 1.273751503085053e-01 0.000000000000000e+00
2.577000107101852e+00 -1.091998956800555e+00 0.000000000000000e+00
1.516834346745761e+00 -5.874001495562575e-01 0.000000000000000e+00
1.766808429129604e+00 -6.539855619387980e-01 0.000000000000000e+00
1.529614544264351e+00 -8.333129753192876e-01 0.000000000000000e+00
7.881758385181181e-02 2.389163090154974e+00 0.000000000000000e+00
3.545646078503840e-02 3.736916630202914e+00 0.000000000000000e+00
5.558383901596655e-01 3.455247895083530e+00 0.000000000000000e+00
-3.671309501810359e-01 -1.657453714134870e+00 0.000000000000000e+00
-2.088153720021660e-01 -1.893210461842478e+00 0.000000000000000e+00
1.196296871653552e+00 -1.194992742183657e+00 0.000000000000000e+00
1.096917534350360e+00 -1.412838783128340e+00 0.000000000000000e+00
9.316487885776994e-01 -1.241582924277014e+00 0.000000000000000e+00
-1.330159806135607e+00 -6.432987797237113e-01 0.000000000000000e+00
-1.155537514459144e+00 -7.262926139988503e-01 0.000000000000000e+00
-1.305200974567312e+00 -8.568300384360920e-01 0.000000000000000e+00
-1.050797672843079e+00 -2.494635099193306e+00 0.000000000000000e+00
-1.047880390949094e+00 -2.117786288326033e+00 0.000000000000000e+00
4.155828379244511e+00 1.088077281054715e+00 0.000000000000000e+00
3.411559267911279e+00 9.468119084238913e-01 0.000000000000000e+00
2.988879741048472e+00 -3.439288433033991e-01 0.000000000000000e+00
2.631422126450063e+00 -2.564629439414599e-01 0.000000000000000e+00
-3.276090164580203e+00 -2.587915414606771e+00 0.000000000000000e+00
2.129957538641688e+00 9.002856313149605e-01 0.000000000000000e+00
-7.090254736989902e-01 2.427934012906926e+00 0.000000000000000e+00
-3.088896545299956e-01 2.276045623017990e+00 0.000000000000000e+00
-3.392756540913449e+00 3.514829082817962e-02 0.000000000000000e+00
1.998064273559635e+00 -2.940604546815944e+00 0.000000000000000e+00
1.327208539442300e+00 -7.161127752999086e-01 0.000000000000000e+00
1.597154786236137e+00 1.868019819229355e+00 0.000000000000000e+00
7.216943593672783e-01 2.321824654664227e+00 0.000000000000000e+00
-1.210436142590754e+00 9.282373023113764e-01 0.000000000000000e+00
-3.408353239057035e-02 1.867606016233281e+00 0.000000000000000e+00
-2.955882968812845e-01 1.954024308038850e+00 0.000000000000000e+00
-7.915722867863438e-02 2.110576024500787e+00 0.000000000000000e+00
-1.188973912157840e+00 2.288858391269690e+00 0.000000000000000e+00
2.142299095690453e+00 4.290729325145350e+00 0.000000000000000e+00
2.727008650436453e+00 -6.720471440080257e-01 0.000000000000000e+00
-2.483586785885963e+00 1.128925179560154e+00 0.000000000000000e+00
-2.102197930490418e+00 9.672330339413747e-01 0.000000000000000e+00
1.500675420981181e+00 -1.704122853621851e+00 0.000000000000000e+00
1.670321730520139e+00 -2.131735433318963e+00 0.000000000000000e+00
4.444999481881939e-01 -1.861738166853340e+00 0.000000000000000e+00
6.716309115712323e-01 -2.011406567266860e+00 0.000000000000000e+00
-2.258052439360521e+00 -7.338935197913470e-01 0.000000000000000e+00
-2.648660563540721e+00 -4.955057898131344e-01 0.000000000000000e+00
3.336137914963900e-01 4.627749335412833e+00 0.000000000000000e+00
2.381497141304187e+00 -8.124088245895918e-01 0.000000000000000e+00
2.337773500950845e+00 -4.875503560246694e-01 0.000000000000000e+00
-1.432123988720297e+00 -2.238227551975982e+00 0.000000000000000e+00
-1.486380795541737e+00 -2.780449897584233e+00 0.000000000000000e+00
-4.025594041614736e-02 -2.088758498290277e+00 0.000000000000000e+00
2.057117170425220e-01 -2.098924270788770e+00 0.000000000000000e+00
-2.451829798842317e+00 1.522921428508649e+00 0.000000000000000e+00
1.977814247991151e+00 -2.467413869140004e+00 0.000000000000000e+00
-1.717926068663053e+00 -1.385328277769556e+00 0.000000000000000e+00
-2.178304836042722e+00 -1.410087280812105e+00 0.000000000000000e+00
-1.877394928894724e+00 -7.630018290340952e-01 0.000000000000000e+00
-2.011067155400862e+00 -1.066604741500202e+00 0.000000000000000e+00
4.224186832949781e-01 -1.570226540448532e+00 0.000000000000000e+00
6.334147880471048e-01 -1.575079437466392e+00 0.000000000000000e+00
1.535015773694151e+00 8.390629662332778e-01 0.000000000000000e+00
1.720028072941408e+00 1.056239803141059e+00 0.000000000000000e+00
1.844818530384290e+00 8.484272497640487e-01 0.000000000000000e+00
-1.820550372633334e+00 -2.120719699012843e+00 0.000000000000000e+00
1.305583118949240e+00 1.679381055661076e+00 0.000000000000000e+00
1.489027930767405e+00 1.126035338844227e+00 0.000000000000000e+00
2.545893234198374e+00 6.366937924367935e-02 0.000000000000000e+00
1.160911591218526e-01 2.695954267928676e+00 0.000000000000000e+00
-1.786095998621912e+00 1.163235473006800e+00 0.000000000000000e+00
-2.880225028055508e-02 -3.049422262859579e+00 0.000000000000000e+00
2.278229658849561e+00 -1.288173870427400e-01 0.000000000000000e+00
1.969313670372774e+00 -4.625026105020922e-03 0.000000000000000e+00
-9.589460473365133e-01 1.515649645565884e+00 0.000000000000000e+00
-1.124562245870776e+00 1.664556648471531e+00 0.000000000000000e+00
-6.101435599211374e-02 1.485522493956709e+00 0.000000000000000e+00
-1.693947498233008e+00 -2.428868693458205e-02 0.000000000000000e+00
-1.985274132962620e+00 -6.728293108293028e-02 0.000000000000000e+00
2.191637301860435e+00 -1.076399375561174e+00 0.000000000000000e+00
-6.022439796411241e-01 2.056251758955327e+00 0.000000000000000e+00
-8.434524717814380e-01 -1.401569760679656e+00 0.000000000000000e+00
-6.534252685447918e-01 -1.342312595459848e+00 0.000000000000000e+00
-6.689905601817621e-01 -1.589428273098353e+00 0.000000000000000e+00
8.838262449186295e-02 -1.866587217701390e+00 0.000000000000000e+00
2.074066146171352e+00 -7.340482905535347e-01 0.000000000000000e+00
1.473047222650518e+00 -1.123806635033004e+00 0.000000000000000e+00
1.287543951736961e+00 -9.549154165194441e-01 0.000000000000000e+00
-1.287313753251846e+00 -1.626011660394655e-02 0.000000000000000e+00
-1.261071815189113e+00 -1.773335512454350e-01 0.000000000000000e+00
-1.487172117325956e+00 -5.052633123258957e-01 0.000000000000000e+00
-2.230079478123848e+00 9.588705335294020e-02 0.000000000000000e+00
-2.153435117194195e+00 4.246472285872538e-01 0.000000000000000e+00
1.341607061324485e+00 -1.409434628635887e+00 0.000000000000000e+00
1.671597659527374e+00 -3.925212357021243e-01 0.000000000000000e+00
1.532593810247590e+00 -1.689049389032653e-01 0.000000000000000e+00
1.768029235990519e+00 -1.794487732083395e-01 0.000000000000000e+00
1.358073410360047e+00 -7.791723205716432e-02 0.000000000000000e+00
-8.598041376654308e-01 -1.869757469090644e+00 0.000000000000000e+00
-2.358838788381483e+00 7.216480028984350e-01 0.000000000000000e+00
1.702049446089620e+00 5.101830937701310e-02 0.000000000000000e+00
1.975225514497703e+00 -3.743596047201601e-01 0.000000000000000e+00
-2.148974333206237e-01 1.665263212546325e+00 0.000000000000000e+00
-5.183626366233927e-01 1.710729414375590e+00 0.000000000000000e+00
1.421609917431694e+00 1.392711155601983e+00 0.000000000000000e+00
9.149957421890529e-01 1.393119951807826e+00 0.000000000000000e+00
-1.476056549774479e+00 -1.075440944582856e+00 0.000000000000000e+00
-1.721371354051267e+00 -1.012407928845209e+00 0.000000000000000e+00
-1.556310240732846e+00 -7.640309298980713e-01 0.000000000000000e+00
-2.330770200270508e+00 -1.088944478195718e+00 0.000000000000000e+00
-7.368858611189780e-01 1.548608033047509e+00 0.000000000000000e+00
7.413436852882844e-01 -1.149723395761157e+00 0.000000000000000e+00
8.675612378377555e-01 -1.049563508083658e+00 0.000000000000000e+00
-2.041016939497421e+00 6.752611158165471e-01 0.000000000000000e+00
-5.250631747149551e-01 -1.905045143334139e+00 0.000000000000000e+00
1.429618846315601e-01 -1.245591404926800e+00 0.000000000000000e+00
8.497877389333214e-01 1.147362663526891e+00 0.000000000000000e+00
6.926241774851730e-01 1.359597057000650e+00 0.000000000000000e+00
3.522929414650105e-03 1.662144609018986e+00 0.000000000000000e+00
-1.119702305640518e+00 -8.999846174041009e-01 0.000000000000000e+00
-1.217299749021292e+00 -1.082101064466821e+00 0.000000000000000e+00
-1.354302363655210e+00 -1.328376794782275e+00 0.000000000000000e+00
1.470094620553069e+00 -3.910283858859254e-01 0.000000000000000e+00
-1.380233760039145e+00 2.794867551987386e-01 0.000000000000000e+00
-1.446895673308137e+00 8.778010537975918e-02 0.000000000000000e+00
1.285615326035874e+00 9.478228496401231e-01 0.000000000000000e+00
1.030757162834336e+00 1.593048513921621e+00 0.000000000000000e+00
-1.191396264043121e+00 6.240706739820316e-01 0.000000000000000e+00
5.557151050405664e-01 1.506267949422538e+00 0.000000000000000e+00
-1.354797787925987e-01 -1.407824461548505e+00 0.000000000000000e+00
-1.058798318227564e+00 -1.306640027079794e+00 0.000000000000000e+00
-5.484789222896959e-01 1.401686194019047e+00 0.000000000000000e+00
-4.631262312341950e-01 1.209162476820947e+00 0.000000000000000e+00
1.307029402489083e+00 7.539399071592157e-01 0.000000000000000e+00
-1.078407393859130e+00 7.751382727297611e-01 0.000000000000000e+00
1.597082661997610e+00 2.737375737401462e-01 0.000000000000000e+00
2.848123487673963e-01 -1.206229208682136e+00 0.000000000000000e+00
-1.309046943125096e+00 7.798722030708642e-01 0.000000000000000e+00
1.052675945937816e+00 -1.019204010044040e+00 0.000000000000000e+00
6.275867159498551e-02 1.361638798315087e+00 0.000000000000000e+00
4.882877407208190e-01 1.106089070651957e+00 0.000000000000000e+00
-3.454816959796590e-02 -1.255341463372531e+00 0.000000000000000e+00
6.401724600378679e-01 1.147708225949520e+00 0.000000000000000e+00
1.200924987820367e+00 5.969603203285753e-01 0.000000000000000e+00
-5.640184147099635e-01 1.087654483841885e+00 0.000000000000000e+00
1.135933193334988e+00 5.720517316470962e+00 0.000000000000000e+00
1086
396 341 464 0
341 572 107 0
107 572 94 0
396 474 572 0
572 474 301 0
516 99 186 0
516 186 292 0
183 182 571 0
182 14 151 0
570 560 248 0
570 168 167 0
283 282 454 0
454 282 428 0
84 122 505 0
505 122 518 0
210 562 211 0
211 562 527 0
151 171 203 0
151 203 571 0
571 203 202 0
129 201 239 0
129 239 103 0
103 239 563 0
18 185 17 0
185 184 98 0
516 515 99 0
99 21 186 0
178 166 168 0
178 5 126 0
137 16 98 0
137 152 15 0
544 555 147 0
544 569 233 0
564 459 561 0
459 92 299 0
494 531 116 0
494 552 208 0
263 498 371 0
263 265 161 0
371 375 422 0
371 373 376 0
340 383 363 0
383 434 381 0
474 339 301 0
94 572 301 0
396 572 341 0
396 395 474 0
416 101 111 0
416 111 112 0
281 283 473 0
281 473 357 0
281 357 359 0
533 483 534 0
534 483 486 0
118 491 490 0
118 490 116 0
210 249 562 0
527 562 246 0
527 246 500 0
531 493 279 0
299 92 91 0
138 459 564 0
561 298 98 0
561 98 184 0
561 184 554 0
569 180 567 0
567 180 179 0
181 569 543 0
22 259 186 0
186 259 292 0
32 103 132 0
179 8 295 0
179 180 7 0
473 283 425 0
478 310 309 0
310 376 291 0
330 387 386 0
387 366 385 0
312 400 326 0
400 366 387 0
450 374 306 0
374 450 411 0
376 368 367 0
368 350 321 0
111 101 353 0
111 353 83 0
83 353 82 0
369 110 337 0
337 110 74 0
289 291 367 0
289 367 321 0
369 418 390 0
369 390 110 0
306 309 349 0
424 385 526 0
526 385 466 0
451 379 144 0
144 379 316 0
361 360 457 0
413 362 156 0
413 156 540 0
413 540 467 0
541 437 264 0
541 264 421 0
472 486 536 0
513 432 347 0
513 347 348 0
553 493 207 0
564 561 554 0
564 554 230 0
564 230 412 0
297 195 194 0
549 297 522 0
570 248 187 0
187 248 249 0
554 184 170 0
554 170 193 0
563 238 542 0
542 238 260 0
131 568 174 0
174 568 216 0
98 17 185 0
98 298 137 0
176 188 2 0
176 226 187 0
198 311 199 0
198 27 172 0
71 106 130 0
71 34 105 0
151 14 15 0
544 543 569 0
233 555 544 0
234 508 557 0
234 235 509 0
268 508 510 0
268 267 557 0
531 207 493 0
531 208 207 0
158 505 518 0
158 157 504 0
116 490 494 0
279 457 278 0
499 476 528 0
499 495 449 0
348 250 252 0
250 506 251 0
507 159 160 0
507 461 530 0
358 398 397 0
358 536 484 0
331 435 271 0
331 332 404 0
339 434 383 0
340 403 325 0
45 72 44 0
72 74 70 0
110 390 342 0
110 342 108 0
110 108 70 0
70 108 69 0
338 77 446 0
446 77 415 0
415 77 63 0
63 77 76 0
336 277 276 0
336 276 464 0
336 464 341 0
188 187 210 0
188 210 212 0
188 212 173 0
126 166 178 0
166 126 227 0
3 226 176 0
154 192 193 0
154 19 141 0
194 143 142 0
143 190 37 0
295 567 179 0
567 295 294 0
296 127 315 0
296 142 39 0
292 259 258 0
259 169 257 0
90 13 183 0
90 89 12 0
177 200 237 0
200 199 236 0
181 543 227 0
181 180 569 0
182 151 571 0
141 140 231 0
141 19 20 0
542 132 563 0
258 257 442 0
257 153 237 0
201 130 538 0
538 130 106 0
164 206 165 0
206 566 232 0
171 299 91 0
189 191 196 0
189 155 190 0
172 78 217 0
78 174 216 0
183 88 90 0
183 571 559 0
315 127 1 0
315 297 296 0
571 202 559 0
202 204 558 0
192 231 550 0
231 515 551 0
196 191 194 0
196 225 189 0
539 565 440 0
565 539 224 0
556 260 262 0
260 556 568 0
232 294 165 0
165 295 9 0
311 235 199 0
311 172 217 0
226 570 187 0
167 560 570 0
550 193 192 0
559 223 88 0
223 222 205 0
299 561 459 0
226 168 570 0
297 549 195 0
194 142 296 0
230 229 362 0
255 293 517 0
255 516 292 0
216 568 556 0
215 214 217 0
567 233 569 0
227 175 181 0
175 126 6 0
91 203 171 0
220 555 233 0
147 532 544 0
522 524 211 0
211 524 212 0
297 524 522 0
443 533 535 0
443 442 546 0
503 566 205 0
503 545 218 0
254 551 515 0
551 254 504 0
209 543 532 0
209 208 228 0
177 237 153 0
237 546 442 0
85 517 535 0
517 293 441 0
239 201 240 0
218 566 503 0
218 220 232 0
260 238 261 0
238 240 487 0
489 248 560 0
494 489 552 0
208 531 494 0
147 553 532 0
532 553 207 0
205 88 223 0
205 566 206 0
20 99 140 0
551 550 231 0
563 132 103 0
260 568 542 0
199 234 236 0
234 509 508 0
530 221 558 0
221 529 222 0
204 203 91 0
547 546 236 0
547 533 443 0
131 542 568 0
215 556 213 0
292 258 293 0
258 442 441 0
106 539 538 0
565 224 225 0
362 412 230 0
167 228 552 0
167 166 227 0
437 262 511 0
262 213 556 0
438 565 514 0
565 438 440 0
241 244 440 0
244 241 488 0
559 88 183 0
221 223 558 0
236 546 237 0
234 557 236 0
85 535 485 0
535 441 443 0
537 558 204 0
558 537 530 0
550 551 157 0
140 515 231 0
244 538 440 0
106 224 539 0
527 523 522 0
233 567 294 0
232 566 218 0
525 510 541 0
510 509 214 0
521 549 522 0
521 431 430 0
460 219 545 0
219 460 354 0
217 509 235 0
217 216 215 0
533 548 483 0
534 485 535 0
257 237 442 0
441 293 258 0
436 541 510 0
436 214 213 0
430 456 195 0
456 430 432 0
93 501 204 0
93 92 253 0
244 201 538 0
487 261 238 0
514 565 225 0
514 513 438 0
543 228 227 0
233 294 232 0
195 549 430 0
143 191 190 0
225 456 514 0
456 196 195 0
138 413 497 0
138 564 412 0
249 210 187 0
488 243 470 0
242 241 439 0
239 238 563 0
261 511 262 0
548 420 483 0
548 557 267 0
562 247 246 0
247 562 249 0
157 229 550 0
156 158 519 0
84 256 85 0
431 528 512 0
512 528 476 0
150 220 219 0
150 147 555 0
299 298 561 0
520 439 438 0
520 468 242 0
99 515 140 0
256 504 254 0
247 489 491 0
489 560 552 0
530 159 507 0
159 537 501 0
243 471 470 0
471 352 162 0
491 245 247 0
245 144 146 0
557 508 268 0
267 420 548 0
228 543 209 0
552 560 167 0
480 162 265 0
162 480 470 0
440 439 241 0
438 513 520 0
467 540 526 0
540 156 519 0
148 356 355 0
356 219 354 0
504 256 84 0
254 516 255 0
479 437 511 0
436 213 262 0
243 488 241 0
242 407 352 0
315 524 297 0
500 523 527 0
497 413 467 0
497 139 138 0
253 501 93 0
433 354 462 0
460 529 461 0
149 148 273 0
545 529 460 0
529 503 222 0
558 559 202 0
204 501 537 0
253 502 501 0
502 136 159 0
529 545 503 0
558 223 559 0
441 535 517 0
257 169 153 0
86 85 485 0
255 517 256 0
548 547 557 0
197 200 177 0
199 197 198 0
547 236 557 0
525 541 421 0
216 556 215 0
214 509 217 0
451 144 245 0
553 147 149 0
150 555 220 0
472 122 86 0
230 554 193 0
412 413 138 0
146 246 245 0
146 145 495 0
493 457 279 0
553 149 493 0
505 504 84 0
431 512 347 0
528 521 523 0
361 273 272 0
361 493 149 0
506 347 512 0
429 475 465 0
475 512 476 0
399 483 419 0
445 266 525 0
445 444 477 0
425 518 122 0
518 425 424 0
160 452 507 0
160 136 463 0
453 507 452 0
530 529 221 0
118 117 379 0
117 278 380 0
470 511 261 0
511 480 479 0
134 253 139 0
134 136 502 0
247 248 489 0
228 208 552 0
168 59 178 0
551 504 157 0
193 550 229 0
458 355 332 0
458 273 148 0
430 549 521 0
547 548 533 0
443 546 547 0
499 528 500 0
500 246 146 0
219 218 545 0
543 544 532 0
486 484 536 0
470 261 487 0
542 131 132 0
348 252 468 0
252 285 469 0
541 436 437 0
264 479 265 0
481 466 366 0
466 481 402 0
348 468 520 0
514 456 432 0
420 419 483 0
467 402 497 0
467 526 466 0
453 462 461 0
453 405 433 0
451 491 118 0
492 307 399 0
492 477 308 0
352 243 242 0
352 351 162 0
139 401 134 0
401 497 402 0
519 526 540 0
519 518 424 0
133 449 495 0
449 465 476 0
240 488 487 0
440 538 539 0
148 150 356 0
361 149 273 0
93 204 91 0
159 530 537 0
419 266 477 0
525 421 445 0
170 185 18 0
266 268 525 0
436 510 214 0
536 357 472 0
357 536 358 0
161 265 162 0
161 427 498 0
528 431 521 0
499 449 476 0
242 439 520 0
407 469 323 0
534 486 485 0
533 534 535 0
251 506 429 0
251 285 252 0
473 425 122 0
485 472 86 0
448 465 449 0
465 448 414 0
121 402 481 0
121 120 135 0
433 496 332 0
433 462 453 0
399 419 492 0
484 486 483 0
209 532 207 0
531 279 116 0
404 496 405 0
404 435 331 0
380 392 378 0
380 408 377 0
462 354 460 0
529 530 461 0
422 444 421 0
263 371 422 0
125 124 414 0
124 429 465 0
528 523 500 0
522 211 527 0
302 335 303 0
335 302 333 0
463 136 135 0
463 452 160 0
423 425 283 0
424 526 519 0
135 304 463 0
135 401 121 0
278 360 408 0
360 300 409 0
510 525 268 0
477 266 445 0
116 278 117 0
162 351 163 0
351 323 322 0
373 372 350 0
372 371 498 0
524 315 212 0
521 522 523 0
243 352 471 0
488 240 244 0
431 347 432 0
348 520 513 0
363 382 364 0
382 405 452 0
272 300 360 0
272 274 270 0
145 144 316 0
146 495 499 0
455 324 482 0
324 323 469 0
454 423 283 0
274 273 458 0
398 307 374 0
398 484 399 0
362 157 156 0
518 519 158 0
256 517 85 0
254 515 516 0
274 331 270 0
332 496 404 0
375 478 444 0
478 309 308 0
410 333 120 0
410 314 313 0
468 407 242 0
513 514 432 0
322 389 163 0
389 418 426 0
506 512 475 0
429 123 251 0
447 67 316 0
67 447 68 0
511 470 480 0
264 263 422 0
266 420 267 0
508 509 510 0
134 502 253 0
453 461 507 0
264 437 479 0
26 198 197 0
473 472 357 0
358 484 398 0
250 347 506 0
506 475 429 0
504 505 158 0
316 378 447 0
355 354 433 0
503 205 222 0
308 307 492 0
477 444 478 0
159 501 502 0
135 134 401 0
271 395 394 0
271 270 331 0
451 245 491 0
146 499 500 0
263 161 498 0
498 427 372 0
469 482 324 0
469 468 252 0
401 139 497 0
121 481 119 0
452 364 382 0
405 496 433 0
133 495 145 0
66 414 448 0
409 300 275 0
409 408 360 0
386 385 423 0
397 411 384 0
411 397 374 0
278 408 380 0
286 482 285 0
286 329 455 0
403 303 335 0
303 364 304 0
489 494 490 0
361 457 493 0
446 68 447 0
446 393 338 0
330 416 112 0
330 386 428 0
384 281 359 0
419 477 492 0
374 397 398 0
275 277 409 0
275 269 276 0
489 490 491 0
470 487 488 0
163 427 161 0
332 274 458 0
434 404 381 0
380 379 117 0
392 370 393 0
485 486 472 0
483 399 484 0
406 346 328 0
346 406 344 0
284 251 123 0
285 482 469 0
270 269 275 0
435 395 271 0
455 329 391 0
455 482 286 0
282 417 428 0
417 282 102 0
414 66 128 0
66 448 133 0
324 455 388 0
322 163 351 0
375 444 422 0
375 310 478 0
120 302 304 0
333 313 334 0
313 333 410 0
481 366 119 0
427 389 426 0
434 395 435 0
395 434 474 0
265 479 480 0
312 113 365 0
113 312 326 0
68 446 415 0
393 447 378 0
364 452 463 0
120 333 302 0
306 308 309 0
306 327 450 0
387 330 326 0
366 466 385 0
308 477 478 0
309 291 349 0
475 476 465 0
133 145 67 0
381 405 382 0
434 339 474 0
472 473 122 0
276 269 394 0
162 470 471 0
468 469 407 0
466 402 467 0
423 385 424 0
123 125 406 0
124 465 414 0
358 397 359 0
394 464 276 0
464 394 396 0
364 463 304 0
460 461 462 0
459 138 92 0
120 304 135 0
458 148 355 0
360 278 457 0
377 370 392 0
370 377 318 0
196 456 225 0
128 64 344 0
64 128 65 0
342 391 329 0
391 388 455 0
350 372 426 0
427 163 389 0
386 454 428 0
386 423 454 0
428 417 416 0
452 405 453 0
219 356 150 0
373 368 376 0
65 415 63 0
118 379 451 0
379 378 316 0
328 284 406 0
328 343 329 0
313 365 288 0
365 113 95 0
369 426 418 0
369 350 426 0
319 334 288 0
288 334 313 0
411 280 100 0
280 450 327 0
280 411 450 0
327 349 290 0
287 325 319 0
344 125 128 0
406 284 123 0
448 449 133 0
446 447 393 0
421 444 445 0
441 442 443 0
317 338 370 0
393 378 392 0
403 319 325 0
403 335 334 0
417 102 101 0
324 388 322 0
328 286 284 0
377 409 277 0
272 270 300 0
438 439 440 0
436 262 437 0
404 434 435 0
433 332 355 0
329 343 342 0
343 109 108 0
291 376 367 0
430 431 432 0
124 123 429 0
339 325 301 0
383 381 363 0
330 428 416 0
326 400 387 0
426 372 427 0
389 388 418 0
423 424 425 0
282 281 384 0
421 264 422 0
266 419 420 0
390 418 388 0
305 280 327 0
290 289 115 0
416 417 101 0
400 314 366 0
68 415 65 0
128 125 414 0
119 314 410 0
412 362 413 0
100 384 411 0
100 353 101 0
410 120 119 0
334 319 403 0
318 277 336 0
377 408 409 0
407 323 352 0
125 344 406 0
404 405 381 0
303 403 340 0
121 401 402 0
314 400 312 0
398 399 307 0
384 359 397 0
62 345 64 0
345 320 109 0
395 396 394 0
394 269 271 0
376 375 371 0
390 388 391 0
370 338 393 0
377 392 380 0
390 391 342 0
388 389 322 0
385 386 387 0
384 102 282 0
109 320 69 0
109 346 345 0
100 102 384 0
109 328 346 0
345 344 64 0
339 383 340 0
381 382 363 0
378 379 380 0
277 318 377 0
310 375 376 0
373 350 368 0
306 374 307 0
371 372 373 0
77 317 81 0
317 370 318 0
337 350 369 0
303 340 363 0
321 367 368 0
366 314 119 0
95 288 365 0
62 320 345 0
62 64 63 0
290 349 291 0
305 114 280 0
68 65 66 0
313 312 365 0
363 364 303 0
157 362 229 0
272 360 361 0
318 336 81 0
357 358 359 0
354 355 356 0
353 114 82 0
114 353 100 0
111 83 96 0
323 351 352 0
350 337 321 0
349 327 306 0
109 343 328 0
347 250 348 0
336 341 79 0
344 345 346 0
108 342 343 0
107 79 341 0
325 339 340 0
301 104 94 0
63 76 62 0
338 317 77 0
289 321 73 0
321 337 74 0
77 81 80 0
81 336 79 0
333 334 335 0
288 95 87 0
87 95 97 0
113 96 95 0
331 274 332 0
112 326 330 0
69 320 61 0
286 328 329 0
327 290 305 0
112 113 326 0
301 325 287 0
322 323 324 0
74 73 321 0
62 61 320 0
62 76 60 0
41 60 40 0
60 76 75 0
75 40 60 0
40 75 58 0
104 287 87 0
319 288 287 0
97 51 52 0
51 97 96 0
81 317 318 0
145 316 67 0
115 114 305 0
3 59 226 0
2 188 173 0
173 212 315 0
315 1 173 0
312 313 314 0
172 311 198 0
217 235 311 0
22 23 259 0
23 169 259 0
153 25 177 0
24 153 169 0
175 227 126 0
291 309 310 0
306 307 308 0
115 305 290 0
73 115 289 0
87 53 104 0
302 303 304 0
287 104 301 0
270 275 300 0
114 48 82 0
48 115 47 0
35 155 105 0
189 224 155 0
155 224 105 0
298 152 137 0
298 299 171 0
298 171 152 0
174 30 131 0
39 127 296 0
194 296 297 0
11 89 164 0
164 89 205 0
8 9 295 0
165 294 295 0
255 292 293 0
289 290 291 0
87 287 288 0
286 285 284 0
251 284 285 0
281 282 283 0
114 100 280 0
278 116 279 0
275 276 277 0
272 273 274 0
269 270 271 0
266 267 268 0
263 264 265 0
260 261 262 0
257 258 259 0
254 255 256 0
139 253 92 0
105 224 106 0
250 251 252 0
248 247 249 0
245 246 247 0
244 240 201 0
241 242 243 0
238 239 240 0
236 237 200 0
234 199 235 0
220 233 232 0
206 232 165 0
231 192 141 0
229 230 193 0
167 227 228 0
59 168 226 0
224 189 225 0
89 88 205 0
221 222 223 0
218 219 220 0
216 217 78 0
213 214 215 0
28 78 172 0
210 211 212 0
207 208 209 0
205 206 164 0
202 203 204 0
129 130 201 0
197 199 200 0
190 36 37 0
26 27 198 0
26 197 177 0
129 103 33 0
194 195 196 0
142 38 39 0
131 30 31 0
190 155 36 0
191 143 194 0
12 13 90 0
154 193 170 0
154 141 192 0
182 13 14 0
189 190 191 0
176 187 188 0
180 175 7 0
21 22 186 0
165 9 10 0
178 4 5 0
170 184 185 0
13 182 183 0
34 35 105 0
180 181 175 0
7 8 179 0
4 178 59 0
25 26 177 0
2 3 176 0
174 29 30 0
10 11 164 0
6 7 175 0
78 29 174 0
143 37 38 0
1 2 173 0
28 172 27 0
152 171 151 0
18 154 170 0
23 24 169 0
166 167 168 0
132 31 32 0
164 165 10 0
161 162 163 0
159 136 160 0
156 157 158 0
35 36 155 0
154 18 19 0
153 24 25 0
151 15 152 0
148 147 150 0
147 148 149 0
144 145 146 0
38 142 143 0
20 140 141 0
92 138 139 0
15 16 137 0
134 135 136 0
12 89 11 0
67 66 133 0
131 31 132 0
130 129 71 0
33 71 129 0
128 66 65 0
127 39 1 0
126 5 6 0
123 124 125 0
61 42 69 0
42 61 41 0
80 58 75 0
70 44 72 0
44 70 43 0
107 56 79 0
104 54 94 0
73 46 115 0
46 73 45 0
83 50 96 0
50 83 49 0
86 122 84 0
119 120 121 0
116 117 118 0
115 46 47 0
82 48 49 0
48 114 115 0
96 113 112 0
111 96 112 0
73 72 45 0
70 74 110 0
94 55 107 0
79 57 80 0
69 42 43 0
69 108 109 0
61 60 41 0
75 77 80 0
57 58 80 0
55 56 107 0
105 106 71 0
53 54 104 0
33 103 32 0
52 87 97 0
50 51 96 0
100 101 102 0
20 21 99 0
16 17 98 0
95 96 97 0
54 55 94 0
91 92 93 0
88 89 90 0
87 52 53 0
84 85 86 0
82 49 83 0
56 57 79 0
79 80 81 0
29 78 28 0
75 76 77 0
72 73 74 0
71 33 34 0
69 43 70 0
66 67 68 0
63 64 65 0
60 61 62 0
4 59 3 0
