1037
1.000000000000000e+00 0.000000000000000e+00 0.000000000000000e+00
9.975090251507638e-01 7.053895904231096e-02 0.000000000000000e+00
9.900485105144543e-01 1.407264965388905e-01 0.000000000000000e+00
9.776556239997144e-01 2.102129417084711e-01 0.000000000000000e+00
9.603921063437793e-01 2.786521165764921e-01 0.000000000000000e+00
9.383439635232295e-01 3.457030606163563e-01 0.000000000000000e+00
9.116210382765418e-01 4.110317293976218e-01 0.000000000000000e+00
8.803564628730913e-01 4.743126587785523e-01 0.000000000000000e+00
8.447059958548820e-01 5.352305863520993e-01 0.000000000000000e+00
8.048472460553258e-01 5.934820220673562e-01 0.000000000000000e+00
7.609787877609678e-01 6.487767602017260e-01 0.000000000000000e+00
7.133191714243802e-01 7.008393251512329e-01 0.000000000000000e+00
6.621058348568005e-01 7.494103438361251e-01 0.000000000000000e+00
6.075939203248989e-01 7.942478378845109e-01 0.000000000000000e+00
5.500550034448413e-01 8.351284291564356e-01 0.000000000000000e+00
4.897757402062284e-01 8.718484526025386e-01 0.000000000000000e+00
4.270564388663760e-01 9.042249709130850e-01 0.000000000000000e+00
3.622095638296826e-01 9.320966859024395e-01 0.000000000000000e+00
2.955581789656841e-01 9.553247420885155e-01 0.000000000000000e+00
2.274343381211063e-01 9.737934184638004e-01 0.000000000000000e+00
1.581774308443040e-01 9.874107050115952e-01 0.000000000000000e+00
8.813249156360183e-02 9.961087610952890e-01 0.000000000000000e+00
1.764848064312870e-02 9.998442534369986e-01 0.000000000000000e+00
-5.292345412016294e-02 9.985985720017784e-01 0.000000000000000e+00
-1.232317268971585e-01 9.923779227118790e-01 0.000000000000000e+00
-1.929260654094970e-01 9.812132965291545e-01 0.000000000000000e+00
-2.616592559684408e-01 9.651603150596496e-01 0.000000000000000e+00
-3.290888732760101e-01 9.442989534495557e-01 0.000000000000000e+00
-3.948789863705913e-01 9.187331419530561e-01 0.000000000000000e+00
-4.587018322180904e-01 8.885902481570270e-01 0.000000000000000e+00
-5.202394486108821e-01 8.540204424421264e-01 0.000000000000000e+00
-5.791852582395332e-01 8.151959498415122e-01 0.000000000000000e+00
-6.352455960455385e-01 7.723101920243890e-01 0.000000000000000e+00
-6.881411722458688e-01 7.255768236789827e-01 0.000000000000000e+00
-7.376084637406222e-01 6.752286680956306e-01 0.000000000000000e+00
-7.834010269718525e-01 6.215165572528594e-01 0.000000000000000e+00
-8.252907256929772e-01 5.647080821850871e-01 0.000000000000000e+00
-8.630688675320841e-01 5.050862598575474e-01 0.000000000000000e+00
-8.965472436868286e-01 4.429481231900080e-01 0.000000000000000e+00
-9.255590665712210e-01 3.786032412537035e-01 0.000000000000000e+00
-9.499598007429908e-01 3.123721770137942e-01 0.000000000000000e+00
-9.696278829718881e-01 2.445848903008002e-01 0.000000000000000e+00
-9.844653278615834e-01 1.755790939673209e-01 0.000000000000000e+00
-9.943982160079819e-01 1.056985714195929e-01 0.000000000000000e+00
-9.993770622619782e-01 3.529146390585268e-02 0.000000000000000e+00
-9.993770622619782e-01 -3.529146390585244e-02 0.000000000000000e+00
-9.943982160079821e-01 -1.056985714195927e-01 0.000000000000000e+00
-9.844653278615834e-01 -1.755790939673206e-01 0.000000000000000e+00
-9.696278829718883e-01 -2.445848903007996e-01 0.000000000000000e+00
-9.499598007429909e-01 -3.123721770137939e-01 0.000000000000000e+00
-9.255590665712210e-01 -3.786032412537037e-01 0.000000000000000e+00
-8.965472436868287e-01 -4.429481231900078e-01 0.000000000000000e+00
-8.630688675320840e-01 -5.050862598575476e-01 0.000000000000000e+00
-8.252907256929776e-01 -5.647080821850865e-01 0.000000000000000e+00
-7.834010269718523e-01 -6.215165572528596e-01 0.000000000000000e+00
-7.376084637406223e-01 -6.752286680956304e-01 0.000000000000000e+00
-6.881411722458687e-01 -7.255768236789828e-01 0.000000000000000e+00
-6.352455960455390e-01 -7.723101920243884e-01 0.000000000000000e+00
-5.791852582395337e-01 -8.151959498415118e-01 0.000000000000000e+00
-5.202394486108823e-01 -8.540204424421263e-01 0.000000000000000e+00
-4.587018322180906e-01 -8.885902481570269e-01 0.000000000000000e+00
-3.948789863705912e-01 -9.187331419530562e-01 0.000000000000000e+00
-3.290888732760105e-01 -9.442989534495556e-01 0.000000000000000e+00
-2.616592559684410e-01 -9.651603150596495e-01 0.000000000000000e+00
-1.929260654094971e-01 -9.812132965291545e-01 0.000000000000000e+00
-1.232317268971588e-01 -9.923779227118790e-01 0.000000000000000e+00
-5.292345412016296e-02 -9.985985720017784e-01 0.000000000000000e+00
1.764848064312890e-02 -9.998442534369986e-01 0.000000000000000e+00
8.813249156360135e-02 -9.961087610952891e-01 0.000000000000000e+00
1.581774308443038e-01 -9.874107050115952e-01 0.000000000000000e+00
2.274343381211063e-01 -9.737934184638004e-01 0.000000000000000e+00
2.955581789656841e-01 -9.553247420885155e-01 0.000000000000000e+00
3.622095638296820e-01 -9.320966859024398e-01 0.000000000000000e+00
4.270564388663756e-01 -9.042249709130851e-01 0.000000000000000e+00
4.897757402062282e-01 -8.718484526025387e-01 0.000000000000000e+00
5.500550034448413e-01 -8.351284291564356e-01 0.000000000000000e+00
6.075939203248991e-01 -7.942478378845108e-01 0.000000000000000e+00
6.621058348568000e-01 -7.494103438361256e-01 0.000000000000000e+00
7.133191714243799e-01 -7.008393251512333e-01 0.000000000000000e+00
7.609787877609682e-01 -6.487767602017256e-01 0.000000000000000e+00
8.048472460553256e-01 -5.934820220673563e-01 0.000000000000000e+00
8.447059958548820e-01 -5.352305863520992e-01 0.000000000000000e+00
8.803564628730910e-01 -4.743126587785528e-01 0.000000000000000e+00
9.116210382765421e-01 -4.110317293976214e-01 0.000000000000000e+00
9.383439635232295e-01 -3.457030606163565e-01 0.000000000000000e+00
9.603921063437793e-01 -2.786521165764922e-01 0.000000000000000e+00
9.776556239997144e-01 -2.102129417084710e-01 0.000000000000000e+00
9.900485105144544e-01 -1.407264965388902e-01 0.000000000000000e+00
9.975090251507638e-01 -7.053895904231139e-02 0.000000000000000e+00
2.000000000000000e+00 0.000000000000000e+00 0.000000000000000e+00
1.995018050301528e+00 -1.410779180846228e-01 0.000000000000000e+00
1.980097021028909e+00 -2.814529930777805e-01 0.000000000000000e+00
1.955311247999429e+00 -4.204258834169420e-01 0.000000000000000e+00
1.920784212687559e+00 -5.573042331529845e-01 0.000000000000000e+00
1.876687927046459e+00 -6.914061212327131e-01 0.000000000000000e+00
1.823242076553084e+00 -8.220634587952428e-01 0.000000000000000e+00
1.760712925746182e+00 -9.486253175571056e-01 0.000000000000000e+00
1.689411991709764e+00 -1.070461172704198e+00 0.000000000000000e+00
1.609694492110651e+00 -1.186964044134713e+00 0.000000000000000e+00
1.521957575521936e+00 -1.297553520403451e+00 0.000000000000000e+00
1.426638342848760e+00 -1.401678650302467e+00 0.000000000000000e+00
1.324211669713600e+00 -1.498820687672251e+00 0.000000000000000e+00
1.215187840649798e+00 -1.588495675769022e+00 0.000000000000000e+00
1.100110006889683e+00 -1.670256858312871e+00 0.000000000000000e+00
9.795514804124563e-01 -1.743696905205077e+00 0.000000000000000e+00
8.541128777327511e-01 -1.808449941826170e+00 0.000000000000000e+00
7.244191276593640e-01 -1.864193371804880e+00 0.000000000000000e+00
5.911163579313683e-01 -1.910649484177031e+00 0.000000000000000e+00
4.548686762422126e-01 -1.947586836927601e+00 0.000000000000000e+00
3.163548616886076e-01 -1.974821410023190e+00 0.000000000000000e+00
1.762649831272027e-01 -1.992217522190578e+00 0.000000000000000e+00
3.529696128625780e-02 -1.999688506873997e+00 0.000000000000000e+00
-1.058469082403259e-01 -1.997197144003557e+00 0.000000000000000e+00
-2.464634537943176e-01 -1.984755845423758e+00 0.000000000000000e+00
-3.858521308189941e-01 -1.962426593058309e+00 0.000000000000000e+00
-5.233185119368821e-01 -1.930320630119299e+00 0.000000000000000e+00
-6.581777465520210e-01 -1.888597906899111e+00 0.000000000000000e+00
-7.897579727411823e-01 -1.837466283906112e+00 0.000000000000000e+00
-9.174036644361812e-01 -1.777180496314054e+00 0.000000000000000e+00
-1.040478897221765e+00 -1.708040884884253e+00 0.000000000000000e+00
-1.158370516479067e+00 -1.630391899683024e+00 0.000000000000000e+00
-1.270491192091078e+00 -1.544620384048777e+00 0.000000000000000e+00
-1.376282344491737e+00 -1.451153647357966e+00 0.000000000000000e+00
-1.475216927481245e+00 -1.350457336191261e+00 0.000000000000000e+00
-1.566802053943705e+00 -1.243033114505719e+00 0.000000000000000e+00
-1.650581451385955e+00 -1.129416164370173e+00 0.000000000000000e+00
-1.726137735064168e+00 -1.010172519715095e+00 0.000000000000000e+00
-1.793094487373657e+00 -8.858962463800155e-01 0.000000000000000e+00
-1.851118133142442e+00 -7.572064825074074e-01 0.000000000000000e+00
-1.899919601485982e+00 -6.247443540275879e-01 0.000000000000000e+00
-1.939255765943777e+00 -4.891697806015991e-01 0.000000000000000e+00
-1.968930655723167e+00 -3.511581879346412e-01 0.000000000000000e+00
-1.988796432015964e+00 -2.113971428391854e-01 0.000000000000000e+00
-1.998754124523956e+00 -7.058292781170487e-02 0.000000000000000e+00
-1.998754124523956e+00 7.058292781170536e-02 0.000000000000000e+00
-1.988796432015964e+00 2.113971428391859e-01 0.000000000000000e+00
-1.968930655723167e+00 3.511581879346417e-01 0.000000000000000e+00
-1.939255765943776e+00 4.891697806016004e-01 0.000000000000000e+00
-1.899919601485982e+00 6.247443540275883e-01 0.000000000000000e+00
-1.851118133142442e+00 7.572064825074071e-01 0.000000000000000e+00
-1.793094487373657e+00 8.858962463800160e-01 0.000000000000000e+00
-1.726137735064168e+00 1.010172519715095e+00 0.000000000000000e+00
-1.650581451385954e+00 1.129416164370174e+00 0.000000000000000e+00
-1.566802053943705e+00 1.243033114505719e+00 0.000000000000000e+00
-1.475216927481244e+00 1.350457336191261e+00 0.000000000000000e+00
-1.376282344491738e+00 1.451153647357965e+00 0.000000000000000e+00
-1.270491192091077e+00 1.544620384048778e+00 0.000000000000000e+00
-1.158370516479066e+00 1.630391899683024e+00 0.000000000000000e+00
-1.040478897221764e+00 1.708040884884253e+00 0.000000000000000e+00
-9.174036644361807e-01 1.777180496314054e+00 0.000000000000000e+00
-7.897579727411826e-01 1.837466283906112e+00 0.000000000000000e+00
-6.581777465520201e-01 1.888597906899111e+00 0.000000000000000e+00
-5.233185119368816e-01 1.930320630119299e+00 0.000000000000000e+00
-3.858521308189941e-01 1.962426593058309e+00 0.000000000000000e+00
-2.464634537943171e-01 1.984755845423758e+00 0.000000000000000e+00
-1.058469082403259e-01 1.997197144003557e+00 0.000000000000000e+00
3.529696128625741e-02 1.999688506873997e+00 0.000000000000000e+00
1.762649831272037e-01 1.992217522190578e+00 0.000000000000000e+00
3.163548616886080e-01 1.974821410023190e+00 0.000000000000000e+00
4.548686762422127e-01 1.947586836927601e+00 0.000000000000000e+00
5.911163579313683e-01 1.910649484177031e+00 0.000000000000000e+00
7.244191276593652e-01 1.864193371804879e+00 0.000000000000000e+00
8.541128777327520e-01 1.808449941826170e+00 0.000000000000000e+00
9.795514804124568e-01 1.743696905205077e+00 0.000000000000000e+00
1.100110006889683e+00 1.670256858312871e+00 0.000000000000000e+00
1.215187840649798e+00 1.588495675769022e+00 0.000000000000000e+00
1.324211669713601e+00 1.498820687672250e+00 0.000000000000000e+00
1.426638342848760e+00 1.401678650302466e+00 0.000000000000000e+00
1.521957575521936e+00 1.297553520403452e+00 0.000000000000000e+00
1.609694492110652e+00 1.186964044134712e+00 0.000000000000000e+00
1.689411991709764e+00 1.070461172704199e+00 0.000000000000000e+00
1.760712925746183e+00 9.486253175571046e-01 0.000000000000000e+00
1.823242076553084e+00 8.220634587952436e-01 0.000000000000000e+00
1.876687927046459e+00 6.914061212327126e-01 0.000000000000000e+00
1.920784212687559e+00 5.573042331529843e-01 0.000000000000000e+00
1.955311247999429e+00 4.204258834169421e-01 0.000000000000000e+00
1.980097021028909e+00 2.814529930777810e-01 0.000000000000000e+00
1.995018050301528e+00 1.410779180846219e-01 0.000000000000000e+00
1.766318309618540e+00 -3.520245294078172e-02 0.000000000000000e+00
1.818438471080646e+00 6.175917124298951e-02 0.000000000000000e+00
1.880451097285830e+00 -6.069592453626119e-02 0.000000000000000e+00
1.885042046975529e+00 -2.125598131260484e-01 0.000000000000000e+00
1.759019266840097e+00 3.910309164494076e-01 0.000000000000000e+00
1.871734863429229e+00 3.346646640062845e-01 0.000000000000000e+00
1.791414659087099e+00 2.681804610900679e-01 0.000000000000000e+00
1.641204094234593e+00 1.463759659038945e-01 0.000000000000000e+00
1.707218956207481e+00 5.029343421811346e-02 0.000000000000000e+00
1.570264603316065e+00 3.611207451385044e-02 0.000000000000000e+00
1.917418580618509e+00 6.610185747658892e-02 0.000000000000000e+00
1.878717615343595e+00 1.881694159906989e-01 0.000000000000000e+00
1.666848889087092e+00 4.915749937053734e-01 0.000000000000000e+00
1.783369602675550e+00 5.258022328972607e-01 0.000000000000000e+00
1.006943274977472e+00 3.216805474243574e-01 0.000000000000000e+00
9.847519327815775e-01 3.847342531191493e-01 0.000000000000000e+00
1.061211985026695e+00 3.670224370586628e-01 0.000000000000000e+00
1.802440651251816e+00 6.531123006217914e-01 0.000000000000000e+00
1.688692075606388e+00 6.103881844794402e-01 0.000000000000000e+00
1.710254568101390e+00 7.108260603555816e-01 0.000000000000000e+00
1.576341376775276e+00 6.907566138047672e-01 0.000000000000000e+00
1.178798980684103e+00 6.308299723854520e-01 0.000000000000000e+00
1.292025893158280e+00 6.496869982690752e-01 0.000000000000000e+00
1.246994025714084e+00 5.654560670884301e-01 0.000000000000000e+00
1.667501289833548e+00 8.931699302195190e-01 0.000000000000000e+00
1.669888014985018e+00 7.889452554453007e-01 0.000000000000000e+00
1.422285577428689e+00 1.264774591724216e+00 0.000000000000000e+00
1.497462495346837e+00 1.202126870282922e+00 0.000000000000000e+00
1.421582152029515e+00 1.156708714749386e+00 0.000000000000000e+00
1.541509637837781e+00 -9.994143461762223e-02 0.000000000000000e+00
1.505110441973744e+00 -2.189411082061490e-01 0.000000000000000e+00
1.434238205931666e+00 -1.345361209487705e-01 0.000000000000000e+00
1.841939223114054e+00 -5.246780508526715e-01 0.000000000000000e+00
1.817762973156839e+00 -3.973687400813857e-01 0.000000000000000e+00
1.246867565848839e+00 -3.020500924665925e-01 0.000000000000000e+00
1.367943861538713e+00 -2.330513000535441e-01 0.000000000000000e+00
1.344372301496562e+00 -3.450063534981149e-01 0.000000000000000e+00
1.744450869225735e+00 -7.451294235673486e-01 0.000000000000000e+00
1.746132094563404e+00 -6.125300772966120e-01 0.000000000000000e+00
1.661311901359191e+00 -9.325858056641594e-01 0.000000000000000e+00
1.725640980006713e+00 -8.488095906387697e-01 0.000000000000000e+00
1.647784633241326e+00 -8.102981402600070e-01 0.000000000000000e+00
1.001927369379314e+00 -3.232233463538313e-01 0.000000000000000e+00
9.701545218515354e-01 -3.787551411653093e-01 0.000000000000000e+00
1.558857836172389e+00 -8.915083202997743e-01 0.000000000000000e+00
1.547643205147061e+00 -7.649296052801329e-01 0.000000000000000e+00
1.370276329900308e+00 -1.281220177459072e+00 0.000000000000000e+00
1.423770252221286e+00 -1.196673570005690e+00 0.000000000000000e+00
1.004255082847062e+00 -6.359772250571091e-01 0.000000000000000e+00
1.083035161282316e+00 -5.859167129009581e-01 0.000000000000000e+00
1.089468264609686e+00 -6.819133368220917e-01 0.000000000000000e+00
1.251927317639552e+00 -1.253026751173743e+00 0.000000000000000e+00
1.143106142643985e+00 -1.204464646259267e+00 0.000000000000000e+00
1.230703063578194e+00 -1.147250949291820e+00 0.000000000000000e+00
1.150640116720554e+00 -8.040751287800580e-01 0.000000000000000e+00
1.183572654942390e+00 -6.420822071062102e-01 0.000000000000000e+00
1.274403681630922e+00 -1.381429027280506e+00 0.000000000000000e+00
7.829107820752859e-01 -7.149702139842185e-01 0.000000000000000e+00
8.698291564907294e-01 -1.671080263414974e+00 0.000000000000000e+00
7.403275024727024e-01 -1.629182713713592e+00 0.000000000000000e+00
8.345531951785832e-01 -1.565202310514369e+00 0.000000000000000e+00
1.041785981710121e+00 -1.281926059287612e+00 0.000000000000000e+00
9.201669043102338e-01 -1.244887766207229e+00 0.000000000000000e+00
1.019710649130530e+00 -1.140479408668752e+00 0.000000000000000e+00
7.404630650182490e-01 -1.489515295747666e+00 0.000000000000000e+00
6.218786562555708e-01 -1.580301352096303e+00 0.000000000000000e+00
6.016426337484126e-01 -1.452791826139411e+00 0.000000000000000e+00
5.011088457240770e-01 -1.835364968980487e+00 0.000000000000000e+00
6.214854507011763e-01 -1.801714141335548e+00 0.000000000000000e+00
4.696320803346536e-01 -9.379532612007150e-01 0.000000000000000e+00
4.116581507110565e-01 -9.771814723958058e-01 0.000000000000000e+00
1.935327035496217e-01 -1.591991324846081e+00 0.000000000000000e+00
2.361835047201830e-01 -1.746366360354165e+00 0.000000000000000e+00
1.338385748666416e-01 -1.728089740804533e+00 0.000000000000000e+00
2.847101621838802e-01 -1.475388064490970e+00 0.000000000000000e+00
3.504589223645034e-01 -1.552452947443673e+00 0.000000000000000e+00
2.653182088263914e-01 -1.864314172939595e+00 0.000000000000000e+00
-1.199425267639186e-02 -1.502072349345666e+00 0.000000000000000e+00
5.697517876900367e-02 -1.574290357076554e+00 0.000000000000000e+00
-4.311957038676453e-02 -1.607039504635642e+00 0.000000000000000e+00
2.695316883620991e-01 -1.086363565844193e+00 0.000000000000000e+00
2.949260083437313e-01 -1.173397406163061e+00 0.000000000000000e+00
2.075589289519518e-01 -1.156257863505699e+00 0.000000000000000e+00
4.363601797365385e-02 -1.779166905071942e+00 0.000000000000000e+00
1.479396622040424e-01 -1.837535058224454e+00 0.000000000000000e+00
4.523495294696658e-02 -1.892359975355207e+00 0.000000000000000e+00
-4.162975238479734e-02 -1.822460244530739e+00 0.000000000000000e+00
-3.150164972292270e-02 -1.117100906850062e+00 0.000000000000000e+00
-2.365901932078049e-02 -1.050001817640903e+00 0.000000000000000e+00
2.900482481638918e-02 -1.083258831256041e+00 0.000000000000000e+00
-4.447635058697308e-01 -1.502859959343666e+00 0.000000000000000e+00
-4.091307077700822e-01 -1.382538390492449e+00 0.000000000000000e+00
-3.250438440042327e-01 -1.476930593788024e+00 0.000000000000000e+00
-2.923760631086293e-01 -1.359206881192615e+00 0.000000000000000e+00
-6.701842296998061e-01 -1.753809699044381e+00 0.000000000000000e+00
-7.973257952368716e-01 -1.718297341095284e+00 0.000000000000000e+00
-7.190239805120677e-01 -1.655429657154385e+00 0.000000000000000e+00
-6.145132658785998e-01 -1.643645226016665e+00 0.000000000000000e+00
-2.791627256597700e-01 -1.038388208331311e+00 0.000000000000000e+00
-2.245591370484324e-01 -1.019054504715451e+00 0.000000000000000e+00
-1.102557318409241e+00 -1.562561434037563e+00 0.000000000000000e+00
-1.151421026223869e+00 -1.450267124266347e+00 0.000000000000000e+00
-1.270187621699823e+00 -1.407458912963351e+00 0.000000000000000e+00
-7.109481401674262e-01 -9.725067340020379e-01 0.000000000000000e+00
-6.254749115159265e-01 -1.000486254796761e+00 0.000000000000000e+00
-6.953266830087373e-01 -1.089767124322815e+00 0.000000000000000e+00
-1.008683967269940e+00 -1.459426139592695e+00 0.000000000000000e+00
-6.009930440402900e-01 -1.204244030149504e+00 0.000000000000000e+00
-5.181228231829514e-01 -1.127841274406760e+00 0.000000000000000e+00
-4.749071116857613e-01 -1.195674441072934e+00 0.000000000000000e+00
-1.078709639908676e+00 -1.366308526716657e+00 0.000000000000000e+00
-1.387218283013862e+00 -1.254762957819600e+00 0.000000000000000e+00
-1.280535781448924e+00 -1.295152161877873e+00 0.000000000000000e+00
-1.359695267807906e+00 -1.354749256950218e+00 0.000000000000000e+00
-5.248228205463724e-01 -9.148652472320548e-01 0.000000000000000e+00
-1.502625213131998e+00 -1.076422760004104e+00 0.000000000000000e+00
-1.498049315557524e+00 -1.196269027394196e+00 0.000000000000000e+00
-1.589622001006938e+00 -9.986824525484795e-01 0.000000000000000e+00
-1.085200796090023e+00 -7.913274742870406e-01 0.000000000000000e+00
-1.099741136867190e+00 -9.313734128381468e-01 0.000000000000000e+00
-1.206464800627476e+00 -8.438829731953177e-01 0.000000000000000e+00
-1.640413747903585e+00 -9.056627786087642e-01 0.000000000000000e+00
-1.527274744461124e+00 -8.684994714253710e-01 0.000000000000000e+00
-1.712813824870043e+00 -7.150495022840183e-01 0.000000000000000e+00
-1.724432968540605e+00 -8.453693917558551e-01 0.000000000000000e+00
-1.851397052641531e+00 -5.349010726312126e-01 0.000000000000000e+00
-1.744108217382275e+00 -3.723024745395621e-01 0.000000000000000e+00
-1.855329824801206e+00 -4.193825942887988e-01 0.000000000000000e+00
-1.853830459629469e+00 -2.700383678107081e-01 0.000000000000000e+00
-1.506893255477365e+00 -4.866406498131571e-01 0.000000000000000e+00
-1.416587313607933e+00 -3.731509642501726e-01 0.000000000000000e+00
-1.393347328815318e+00 -5.178336523440819e-01 0.000000000000000e+00
-9.413764559689345e-01 -5.328510929073552e-01 0.000000000000000e+00
-9.277262566241279e-01 -4.824330493350351e-01 0.000000000000000e+00
-1.484647413783196e+00 -1.858976388314111e-01 0.000000000000000e+00
-1.598691789974240e+00 -1.975550872535111e-01 0.000000000000000e+00
-1.522130777051824e+00 -9.486875912274192e-02 0.000000000000000e+00
-1.003018101664364e+00 -3.967272033212427e-01 0.000000000000000e+00
-1.038317040040780e+00 -4.610009926212257e-01 0.000000000000000e+00
-1.084051622961585e+00 -3.734632396727391e-01 0.000000000000000e+00
-1.879364831086280e+00 -1.314427561259616e-01 0.000000000000000e+00
-1.035748993193049e+00 -2.231639843017385e-01 0.000000000000000e+00
-1.118551702919121e+00 -2.026700121163637e-01 0.000000000000000e+00
-1.050600590644011e+00 -1.528832874452819e-01 0.000000000000000e+00
-1.916531771139145e+00 6.922806286433592e-02 0.000000000000000e+00
-1.872701361172680e+00 -2.386761007530334e-02 0.000000000000000e+00
-1.861440044779043e+00 1.673718531344441e-01 0.000000000000000e+00
-1.459917656688534e+00 2.628694258609212e-01 0.000000000000000e+00
-1.339786980479768e+00 2.974000748807913e-01 0.000000000000000e+00
-1.345232633506018e+00 1.927541357082974e-01 0.000000000000000e+00
-1.563159473905849e+00 1.947204318871879e-01 0.000000000000000e+00
-1.457848196952848e+00 1.371036076628432e-01 0.000000000000000e+00
-1.559224272676008e+00 8.330515014563439e-02 0.000000000000000e+00
-1.854074135693568e+00 2.895198510705764e-01 0.000000000000000e+00
-1.777739126105113e+00 3.944766622726328e-01 0.000000000000000e+00
-1.743812841201879e+00 3.013125641581760e-01 0.000000000000000e+00
-1.681360016750062e+00 9.048422025867306e-01 0.000000000000000e+00
-9.401192385599964e-01 7.308636391543165e-01 0.000000000000000e+00
-1.051579849200272e+00 7.615322009658895e-01 0.000000000000000e+00
-9.248303708362480e-01 8.280117271519447e-01 0.000000000000000e+00
-1.173609311653450e+00 5.772050205275315e-01 0.000000000000000e+00
-1.066224727304438e+00 5.517176047170049e-01 0.000000000000000e+00
-1.125498586085354e+00 4.724094202677449e-01 0.000000000000000e+00
-1.592231566089747e+00 9.841263685814012e-01 0.000000000000000e+00
-1.523137438428114e+00 1.081562017083616e+00 0.000000000000000e+00
-1.457761934449965e+00 1.000968905120973e+00 0.000000000000000e+00
-9.472828226982316e-01 4.310610638016117e-01 0.000000000000000e+00
-9.862839691477054e-01 3.975643165603245e-01 0.000000000000000e+00
-1.418093885063773e+00 1.110438634189876e+00 0.000000000000000e+00
-1.219388003689194e+00 1.484693225539000e+00 0.000000000000000e+00
-1.096293082819193e+00 1.500776099396735e+00 0.000000000000000e+00
-1.048134527652983e+00 1.597685340785302e+00 0.000000000000000e+00
-1.062875483560305e+00 9.752124346422476e-01 0.000000000000000e+00
-9.865326203150435e-01 1.049250560511795e+00 0.000000000000000e+00
-9.478616159580292e-01 9.511034423561052e-01 0.000000000000000e+00
-1.150258441879368e+00 1.393312041984638e+00 0.000000000000000e+00
-1.026321094579225e+00 8.779075748329150e-01 0.000000000000000e+00
-1.257385583807269e+00 1.391593188392562e+00 0.000000000000000e+00
-7.394945348066586e-01 8.707363707977668e-01 0.000000000000000e+00
-8.387012402296974e-01 9.178480190742955e-01 0.000000000000000e+00
-7.598380386552602e-01 9.636790727702762e-01 0.000000000000000e+00
-9.825772476321958e-01 1.515948305665315e+00 0.000000000000000e+00
-9.478489132968934e-01 1.630258152665549e+00 0.000000000000000e+00
-8.753208090049199e-01 1.541828668854738e+00 0.000000000000000e+00
-7.398570693062982e-01 7.434917707150899e-01 0.000000000000000e+00
-6.911544603405443e-01 7.998288247137481e-01 0.000000000000000e+00
-6.735941142831626e-01 1.764494385769914e+00 0.000000000000000e+00
-6.305965428588934e-01 8.263008240301272e-01 0.000000000000000e+00
-5.537559513424105e-01 1.804493080371343e+00 0.000000000000000e+00
-5.867965163826134e-01 1.703920991811691e+00 0.000000000000000e+00
-4.251604823419953e-01 1.199237381472843e+00 0.000000000000000e+00
-5.331005751143526e-01 1.160207607484768e+00 0.000000000000000e+00
-5.378305185382828e-01 1.258523765735110e+00 0.000000000000000e+00
-6.854103013957548e-01 1.640923222066763e+00 0.000000000000000e+00
-4.043209688542890e-01 1.825939991149636e+00 0.000000000000000e+00
-5.694158452645381e-01 9.407760559374928e-01 0.000000000000000e+00
-5.028372831893937e-01 9.389600141995573e-01 0.000000000000000e+00
-5.291901149361721e-01 8.996586097828204e-01 0.000000000000000e+00
-2.686831396808186e-01 1.882560727736642e+00 0.000000000000000e+00
-3.726286893591217e-01 9.781865797541331e-01 0.000000000000000e+00
-3.940066374946422e-02 1.929546275785405e+00 0.000000000000000e+00
6.511161468930877e-02 1.902046323024607e+00 0.000000000000000e+00
-3.026051129203620e-01 1.396773796150053e+00 0.000000000000000e+00
-3.089684100868964e-01 1.265812670943342e+00 0.000000000000000e+00
-4.249873999364328e-01 1.323502215415526e+00 0.000000000000000e+00
-4.246604168310419e-01 1.578773388201418e+00 0.000000000000000e+00
-3.454440815435350e-01 1.696310610826955e+00 0.000000000000000e+00
-2.893791823590726e-01 1.588155306848144e+00 0.000000000000000e+00
-2.612225824844132e-01 1.026592478858310e+00 0.000000000000000e+00
-1.861034840903534e-01 1.045428531003820e+00 0.000000000000000e+00
5.201547594957079e-02 1.589547152219247e+00 0.000000000000000e+00
-6.361775412699917e-02 1.628326449180144e+00 0.000000000000000e+00
3.058269749684093e-02 1.682342434107039e+00 0.000000000000000e+00
2.297902922283579e-02 1.201627115758506e+00 0.000000000000000e+00
6.188694046861608e-02 1.306104094006558e+00 0.000000000000000e+00
1.224379195088254e-01 1.203407128748322e+00 0.000000000000000e+00
6.400505038202955e-01 1.805011944572995e+00 0.000000000000000e+00
5.328976996949618e-01 1.811607848708268e+00 0.000000000000000e+00
5.301542456147803e-01 1.314238249509401e+00 0.000000000000000e+00
5.494796645238254e-01 1.183078401014313e+00 0.000000000000000e+00
4.341566035657529e-01 1.226198354217301e+00 0.000000000000000e+00
5.986906675692674e-01 1.553333304884410e+00 0.000000000000000e+00
5.738277489444290e-01 1.439201432596393e+00 0.000000000000000e+00
5.100257446376100e-01 1.504654770121590e+00 0.000000000000000e+00
1.065374377328714e+00 1.525463196800995e+00 0.000000000000000e+00
9.551620505105863e-01 1.634544714803429e+00 0.000000000000000e+00
4.903188301495604e-01 1.001520195614074e+00 0.000000000000000e+00
4.718157904357461e-01 9.380195847237073e-01 0.000000000000000e+00
4.204239289819326e-01 9.722337135857931e-01 0.000000000000000e+00
1.201505425496262e+00 1.458589535491913e+00 0.000000000000000e+00
1.094245078523356e+00 1.379543018699035e+00 0.000000000000000e+00
1.155627806486353e+00 9.272258571841493e-01 0.000000000000000e+00
1.120193327940549e+00 8.285353056217186e-01 0.000000000000000e+00
1.043650385870317e+00 9.252399482269872e-01 0.000000000000000e+00
5.719327328426985e-01 1.020013530263825e+00 0.000000000000000e+00
5.983655067745863e-01 1.097144046273223e+00 0.000000000000000e+00
6.628120091377263e-01 1.042287705017137e+00 0.000000000000000e+00
1.293059650498380e+00 -8.760839524681384e-01 0.000000000000000e+00
1.261163656275108e+00 -7.464321829814895e-01 0.000000000000000e+00
1.349587858365869e+00 -7.614498720857645e-01 0.000000000000000e+00
1.793392470954594e+00 -2.875563803352276e-01 0.000000000000000e+00
1.694380156194647e+00 -2.651171419150829e-01 0.000000000000000e+00
1.760394979237193e+00 -1.600215108363371e-01 0.000000000000000e+00
1.858043838726373e+00 4.458455859845759e-01 0.000000000000000e+00
1.511792679643391e+00 1.104633480402843e+00 0.000000000000000e+00
8.425832032260064e-01 9.264286456720420e-01 0.000000000000000e+00
8.446330083233551e-01 8.353592382652466e-01 0.000000000000000e+00
7.681685305074423e-01 8.771692526056237e-01 0.000000000000000e+00
7.771138468906459e-02 -1.049097371379726e+00 0.000000000000000e+00
-7.209773097621891e-02 -1.906504937651257e+00 0.000000000000000e+00
-8.982308200965216e-01 -5.838597405680793e-01 0.000000000000000e+00
-1.620946112356622e+00 -7.926762278907878e-01 0.000000000000000e+00
-1.158581656286014e+00 -2.916376813336146e-01 0.000000000000000e+00
-1.068421526946810e+00 -2.851282027663868e-01 0.000000000000000e+00
-1.701864105274034e+00 -1.507229087058496e-01 0.000000000000000e+00
-1.634885628201188e+00 -8.190854400352600e-02 0.000000000000000e+00
-1.876219892780130e+00 4.025273999275847e-01 0.000000000000000e+00
-1.503072988668567e+00 1.189413390690973e+00 0.000000000000000e+00
-1.384606175708608e+00 1.221573077805192e+00 0.000000000000000e+00
-7.887143086117149e-01 7.592736039045509e-01 0.000000000000000e+00
-7.537300352870216e-01 7.983003795880841e-01 0.000000000000000e+00
-4.435561819167719e-01 9.571371820436632e-01 0.000000000000000e+00
-4.771528445402692e-01 1.706227392084090e+00 0.000000000000000e+00
-1.600122854622060e+00 -6.792285087996319e-01 0.000000000000000e+00
-1.484772456462577e+00 -6.284795683401275e-01 0.000000000000000e+00
-1.529522450936856e+00 -7.496811770157924e-01 0.000000000000000e+00
1.376336933495851e-01 -1.339859504583200e+00 0.000000000000000e+00
2.040056820482582e-01 -1.445764290466174e+00 0.000000000000000e+00
1.007276191921756e-01 -1.478488956170797e+00 0.000000000000000e+00
-1.323274187487539e+00 -8.312619915049332e-01 0.000000000000000e+00
-1.278643265858995e+00 -7.088574761097181e-01 0.000000000000000e+00
-1.122457322342891e+00 -1.047335830861753e+00 0.000000000000000e+00
-1.104102250877936e+00 -1.148282174951151e+00 0.000000000000000e+00
-1.204653040988544e+00 -1.115498407469658e+00 0.000000000000000e+00
1.267776391619436e+00 -4.321808042147496e-01 0.000000000000000e+00
1.334218039785662e+00 -5.221203558276959e-01 0.000000000000000e+00
1.251067999602100e+00 -5.484603204518624e-01 0.000000000000000e+00
9.389958034691211e-01 -8.189284990492409e-01 0.000000000000000e+00
9.778301465982822e-01 -9.435310394414104e-01 0.000000000000000e+00
8.889568226536145e-01 -9.003493539607108e-01 0.000000000000000e+00
1.441310959194621e+00 -7.007127005240648e-01 0.000000000000000e+00
1.437176432221500e+00 -8.478893012514078e-01 0.000000000000000e+00
1.203510220503138e+00 7.400257806322850e-01 0.000000000000000e+00
1.254322362508594e+00 8.697592934966422e-01 0.000000000000000e+00
1.333084593607902e+00 7.601327363816157e-01 0.000000000000000e+00
1.489479308869482e+00 5.619562361246755e-01 0.000000000000000e+00
1.591304154989585e+00 5.622317603810210e-01 0.000000000000000e+00
4.566712301922370e-01 1.138472026995651e+00 0.000000000000000e+00
5.128229235392958e-01 1.082715995108135e+00 0.000000000000000e+00
5.031743221476975e-01 1.597785672868341e+00 0.000000000000000e+00
1.573748138844902e-01 1.412915993854674e+00 0.000000000000000e+00
7.846964074496929e-02 1.495083360021495e+00 0.000000000000000e+00
1.796839569791432e-01 1.559121654421112e+00 0.000000000000000e+00
-8.231783338333168e-01 1.640865219489632e+00 0.000000000000000e+00
-1.693217237304500e+00 6.412393642697384e-01 0.000000000000000e+00
-1.782493977065894e+00 5.905135030308719e-01 0.000000000000000e+00
-1.785343542937076e+00 6.785068923956002e-01 0.000000000000000e+00
-1.694441260862543e+00 7.794604490678367e-01 0.000000000000000e+00
-1.658183847639744e+00 2.503556405557785e-02 0.000000000000000e+00
-1.564639773738798e+00 -1.083599495328361e-02 0.000000000000000e+00
-1.761729278134120e+00 2.036806247641635e-01 0.000000000000000e+00
1.214579109951819e+00 -1.486653535716428e+00 0.000000000000000e+00
1.086439332063996e+00 -1.532453454206971e+00 0.000000000000000e+00
1.158230516129879e+00 -1.424311053647301e+00 0.000000000000000e+00
-8.025843770279726e-01 -1.026276015176616e+00 0.000000000000000e+00
-8.101209114155030e-01 -1.149277669139859e+00 0.000000000000000e+00
-9.049494586586866e-01 -1.091887811778599e+00 0.000000000000000e+00
-8.259690348512321e-01 -1.286304611637942e+00 0.000000000000000e+00
-7.777162258139585e-01 -1.418044246709754e+00 0.000000000000000e+00
-8.879192698243055e-01 -1.399040704678005e+00 0.000000000000000e+00
-8.509610653552945e-01 1.053923414569707e+00 0.000000000000000e+00
-9.648184171657540e-01 1.152472049077252e+00 0.000000000000000e+00
-1.328111624874353e+00 1.324273082250852e+00 0.000000000000000e+00
3.551684203283172e-01 1.717357055453697e+00 0.000000000000000e+00
4.120378638341171e-01 1.626666534791094e+00 0.000000000000000e+00
3.147605071532948e-01 1.591321851048210e+00 0.000000000000000e+00
7.402598669288855e-01 1.729866724135935e+00 0.000000000000000e+00
6.013449531169988e-01 1.690046789566614e+00 0.000000000000000e+00
1.010146739241086e+00 1.165266894275005e+00 0.000000000000000e+00
1.095848064329660e+00 1.111193148170414e+00 0.000000000000000e+00
1.024041734979535e+00 1.046209018876959e+00 0.000000000000000e+00
-1.463858487921683e+00 5.737051612557522e-01 0.000000000000000e+00
-1.562130936803974e+00 4.766261420612560e-01 0.000000000000000e+00
-1.589355829429429e+00 5.970950130346140e-01 0.000000000000000e+00
-1.327407057476343e+00 5.501549456892675e-01 0.000000000000000e+00
-1.252152549824310e+00 6.782974518131973e-01 0.000000000000000e+00
-2.111476930167303e-03 -1.313526259832951e+00 0.000000000000000e+00
6.362154240003821e-02 -1.226169145177934e+00 0.000000000000000e+00
-5.014370131421186e-01 -1.299272223051559e+00 0.000000000000000e+00
-3.743410802487422e-01 -1.262886102694843e+00 0.000000000000000e+00
-1.671873276028004e-01 -1.036959367285608e+00 0.000000000000000e+00
-1.683338567297444e-01 1.305910139592976e+00 0.000000000000000e+00
-4.876889405710749e-02 1.262684287907753e+00 0.000000000000000e+00
-1.213168021308862e-01 1.200353251137269e+00 0.000000000000000e+00
-5.104837729557087e-02 1.373582981120360e+00 0.000000000000000e+00
4.201735113339512e-02 1.413444479305374e+00 0.000000000000000e+00
9.228851053737692e-01 5.310369367464040e-01 0.000000000000000e+00
1.083439308712651e+00 5.939145904444352e-01 0.000000000000000e+00
9.985595260305410e-01 5.596017487306306e-01 0.000000000000000e+00
9.981876471069752e-01 6.363545437296412e-01 0.000000000000000e+00
-4.723791877330929e-01 -9.394430061186995e-01 0.000000000000000e+00
-4.492329152536208e-01 -9.890037797534065e-01 0.000000000000000e+00
-7.274653221661800e-01 -1.206962743748427e+00 0.000000000000000e+00
-7.870016934007387e-01 7.001869852765673e-01 0.000000000000000e+00
-8.342663075777803e-01 6.671919859011983e-01 0.000000000000000e+00
-1.088979835021477e+00 1.099779836684369e+00 0.000000000000000e+00
-1.178197152155024e+00 9.987690570271728e-01 0.000000000000000e+00
-1.343353061203358e+00 7.945391650471775e-02 0.000000000000000e+00
-1.326364477014484e+00 -3.201647106659940e-02 0.000000000000000e+00
-1.449873049571769e+00 7.145179066516681e-03 0.000000000000000e+00
3.900919088141552e-01 -1.436706359638980e+00 0.000000000000000e+00
4.311803897320940e-01 -1.291620776031864e+00 0.000000000000000e+00
4.982273739214534e-01 -1.414527007108795e+00 0.000000000000000e+00
6.528148284366172e-01 -8.078788946302408e-01 0.000000000000000e+00
6.132142777786849e-01 -8.549693035843555e-01 0.000000000000000e+00
9.749930937445775e-01 1.418112162967271e+00 0.000000000000000e+00
8.787598142310676e-01 1.341075826242555e+00 0.000000000000000e+00
8.658121524676622e-01 1.441842645632988e+00 0.000000000000000e+00
1.026143689344590e+00 -7.501748993786492e-01 0.000000000000000e+00
1.038086469097451e+00 -8.540872177309029e-01 0.000000000000000e+00
1.388500821916951e+00 -4.348447552870340e-01 0.000000000000000e+00
1.044765086363097e+00 -1.266393473622390e-01 0.000000000000000e+00
-1.164241952690133e+00 -7.183919377084009e-01 0.000000000000000e+00
-6.398114938974492e-01 1.431591204690998e+00 0.000000000000000e+00
-5.397892135717173e-01 1.496313932999135e+00 0.000000000000000e+00
-5.362618240037944e-01 1.377783031980005e+00 0.000000000000000e+00
1.463258349393981e+00 2.320757006916402e-01 0.000000000000000e+00
1.447627030811642e+00 3.656167008764549e-01 0.000000000000000e+00
1.558927839553613e+00 3.183083241171878e-01 0.000000000000000e+00
1.545793316705169e+00 4.494907449140518e-01 0.000000000000000e+00
-7.536038794278317e-01 1.513112494708097e+00 0.000000000000000e+00
-6.340891970361678e-01 1.535768933868309e+00 0.000000000000000e+00
-1.089427153169749e+00 1.300258708775980e+00 0.000000000000000e+00
-1.028179833910158e+00 1.402692496739339e+00 0.000000000000000e+00
-9.638372862250976e-01 1.285498895634695e+00 0.000000000000000e+00
-7.337737731213345e-02 -1.721492946887433e+00 0.000000000000000e+00
-1.390931888636428e-01 -1.629179428709169e+00 0.000000000000000e+00
-8.890007363900222e-02 -1.411262949537883e+00 0.000000000000000e+00
2.675151546275181e-02 -1.407406727122201e+00 0.000000000000000e+00
-1.654691179377023e-01 1.806979041821284e+00 0.000000000000000e+00
-2.754298511176165e-01 1.784661495604009e+00 0.000000000000000e+00
-3.396911991746150e-01 1.503099879885490e+00 0.000000000000000e+00
-4.273597396571115e-01 1.446781080954909e+00 0.000000000000000e+00
-1.221716500332624e+00 1.112249863797640e+00 0.000000000000000e+00
-1.319266928257708e+00 1.138217333726579e+00 0.000000000000000e+00
-1.269659603216576e+00 1.217402346200457e+00 0.000000000000000e+00
-1.438065637100855e+00 7.876470160125300e-01 0.000000000000000e+00
-1.374843341597634e+00 9.003719737680832e-01 0.000000000000000e+00
-1.314195654731744e+00 7.903791547808772e-01 0.000000000000000e+00
1.665088044281551e+00 -6.734743479241330e-02 0.000000000000000e+00
1.625685156781086e+00 -1.892941109482250e-01 0.000000000000000e+00
-1.660828895051187e+00 2.496240037636879e-01 0.000000000000000e+00
-1.648526074001629e+00 3.702647364511089e-01 0.000000000000000e+00
-1.574080890314335e+00 2.919562105040230e-01 0.000000000000000e+00
3.403100591417094e-01 1.847667307576390e+00 0.000000000000000e+00
2.647505142539284e-01 1.770628028572189e+00 0.000000000000000e+00
2.072092833581442e-01 1.862445787421991e+00 0.000000000000000e+00
1.496429653751308e+00 9.951363247647440e-01 0.000000000000000e+00
1.566571233481071e+00 9.270410792969737e-01 0.000000000000000e+00
1.470376141880855e+00 8.900674401692641e-01 0.000000000000000e+00
-5.477788350712851e-01 -1.723429973143937e+00 0.000000000000000e+00
-5.471469078529523e-01 -1.819040285527630e+00 0.000000000000000e+00
-1.180984649642796e+00 -6.135765911568454e-01 0.000000000000000e+00
-1.234199936557381e+00 1.251774738533839e-01 0.000000000000000e+00
-1.418785152722894e+00 3.575393362556205e-01 0.000000000000000e+00
-1.437468494784434e+00 4.561161948631189e-01 0.000000000000000e+00
-1.332176434025180e+00 4.099030123020558e-01 0.000000000000000e+00
1.888634538746081e+00 -3.185382862661530e-01 0.000000000000000e+00
4.312566207179470e-01 -1.739608364640346e+00 0.000000000000000e+00
3.854061552595097e-01 -1.858163985356128e+00 0.000000000000000e+00
7.730453785707430e-01 1.400330100956351e+00 0.000000000000000e+00
-5.579830816262608e-01 1.610321310171901e+00 0.000000000000000e+00
-1.408510808193862e+00 -9.005759553719019e-01 0.000000000000000e+00
-1.417520752335167e+00 -7.614221593772402e-01 0.000000000000000e+00
-1.397474856233193e+00 -1.018353189516283e+00 0.000000000000000e+00
-1.399566180794828e+00 -1.131383936789432e+00 0.000000000000000e+00
1.449362746056302e+00 -3.323805067501523e-01 0.000000000000000e+00
1.502621368250244e+00 -4.380434881343261e-01 0.000000000000000e+00
-1.315613228686362e+00 1.023823700546298e+00 0.000000000000000e+00
-1.555069722491590e+00 7.859696950858797e-01 0.000000000000000e+00
-1.602611958737798e+00 6.988910361155842e-01 0.000000000000000e+00
1.321390006181375e+00 1.304773439501492e+00 0.000000000000000e+00
1.297058318971510e+00 1.399218986829695e+00 0.000000000000000e+00
1.572149256714365e+00 -1.032046980140137e+00 0.000000000000000e+00
1.501275828232239e+00 -1.140928358367862e+00 0.000000000000000e+00
-7.525677634038117e-01 1.374462517588398e+00 0.000000000000000e+00
-7.496453957199455e-01 1.250455801135174e+00 0.000000000000000e+00
-8.427772034642041e-01 1.306257254101441e+00 0.000000000000000e+00
3.237278327383407e-01 -1.671141872745607e+00 0.000000000000000e+00
3.297600859588028e-01 -1.776780701489054e+00 0.000000000000000e+00
-1.666994753353662e+00 1.401059386013764e-01 0.000000000000000e+00
-1.833429944005028e+00 4.988315161911318e-01 0.000000000000000e+00
1.024328759211737e+00 -3.829886034942654e-01 0.000000000000000e+00
1.026527067278844e+00 -4.451107089151471e-01 0.000000000000000e+00
9.764360633944993e-01 -4.328133054196889e-01 0.000000000000000e+00
1.642948211813188e+00 3.835961500304341e-01 0.000000000000000e+00
1.572100763661792e+00 8.279102140513923e-01 0.000000000000000e+00
-1.197140802752937e+00 -4.979047522573641e-01 0.000000000000000e+00
-1.281482971072928e+00 -5.698269578958275e-01 0.000000000000000e+00
1.075920953654970e+00 7.056896863814137e-01 0.000000000000000e+00
7.681300877756023e-01 7.260773386712431e-01 0.000000000000000e+00
8.187436798917627e-01 6.797639869528667e-01 0.000000000000000e+00
-1.176763064735707e+00 -1.335253872052799e+00 0.000000000000000e+00
-1.087221912045055e+00 -1.265937077646107e+00 0.000000000000000e+00
1.058823265584443e+00 -1.401439117909902e+00 0.000000000000000e+00
1.157081645532454e+00 -1.325406590452211e+00 0.000000000000000e+00
8.772404958273516e-01 -1.116175311504988e+00 0.000000000000000e+00
5.709081295325518e-01 -1.332853266862840e+00 0.000000000000000e+00
-1.128704799700830e+00 8.849164012703595e-01 0.000000000000000e+00
1.039406711866880e+00 -1.028144193691353e+00 0.000000000000000e+00
1.143678105081081e+00 -1.064244899962467e+00 0.000000000000000e+00
1.401880940471746e+00 -1.096210108521958e+00 0.000000000000000e+00
-8.731463690114770e-01 -1.525302225933407e+00 0.000000000000000e+00
-5.314142040865120e-01 -1.414429351773412e+00 0.000000000000000e+00
-5.706162860819036e-01 -1.529697452085699e+00 0.000000000000000e+00
-1.180349589804951e+00 -1.369716684005292e-01 0.000000000000000e+00
-1.206625484830538e+00 -2.149864816973567e-01 0.000000000000000e+00
-1.286385205196412e+00 -1.529745621148051e-01 0.000000000000000e+00
-1.406499172594913e+00 -1.138280784069454e-01 0.000000000000000e+00
-1.643998497257004e-01 1.438633018677244e+00 0.000000000000000e+00
1.840629818588793e-01 -1.086634727113191e+00 0.000000000000000e+00
1.094129226777185e-01 -1.125231306071106e+00 0.000000000000000e+00
1.374918099865967e-01 -1.045693701755229e+00 0.000000000000000e+00
-2.340680852804814e-01 -1.251427716146375e+00 0.000000000000000e+00
-1.423861028012653e-01 -1.187532750328184e+00 0.000000000000000e+00
-1.164028319706758e-01 -1.286873609954857e+00 0.000000000000000e+00
1.339610121761081e+00 3.039159157545186e-01 0.000000000000000e+00
1.030880987283488e+00 2.565070724839094e-01 0.000000000000000e+00
3.965633556431348e-01 1.335111601980871e+00 0.000000000000000e+00
4.634891560314733e-01 1.422544813227324e+00 0.000000000000000e+00
-1.192502407087896e+00 -1.226399428846459e+00 0.000000000000000e+00
-9.858983111697291e-01 -1.582622171750284e+00 0.000000000000000e+00
4.106499155345180e-01 1.518668769313929e+00 0.000000000000000e+00
2.820870912664152e-01 1.476280133500249e+00 0.000000000000000e+00
1.158981629918232e+00 5.297940331065507e-01 0.000000000000000e+00
1.376840969209032e+00 8.548584791120116e-01 0.000000000000000e+00
1.636149474251183e+00 -5.638903306462230e-01 0.000000000000000e+00
1.544249139207708e+00 -6.316297578529888e-01 0.000000000000000e+00
1.547426293824377e+00 -5.266924966691292e-01 0.000000000000000e+00
8.823622576648700e-01 -9.887571159176117e-01 0.000000000000000e+00
9.602489492699674e-01 -1.045719317267516e+00 0.000000000000000e+00
-2.123406541163094e-01 -1.449189555989290e+00 0.000000000000000e+00
-2.466111004435987e-01 -1.578499509480347e+00 0.000000000000000e+00
-1.015111580573173e+00 -1.034725856318417e+00 0.000000000000000e+00
-9.820207741887665e-01 -8.703528211036616e-01 0.000000000000000e+00
-1.202553641557194e+00 -9.927503007083729e-01 0.000000000000000e+00
-8.866857917353432e-01 1.420360928978673e+00 0.000000000000000e+00
-6.433471633672354e-01 1.311366713786193e+00 0.000000000000000e+00
6.899857550378519e-01 -1.355095085584469e+00 0.000000000000000e+00
-6.499746552969597e-01 -1.429521808815755e+00 0.000000000000000e+00
-6.992072889794698e-01 -1.312485449236876e+00 0.000000000000000e+00
-1.698760581619301e-01 1.559470876421668e+00 0.000000000000000e+00
-3.874339422175286e-02 1.500387520307070e+00 0.000000000000000e+00
1.263692083826345e-01 1.676992692677767e+00 0.000000000000000e+00
-1.052354555967207e+00 1.211742137072921e+00 0.000000000000000e+00
-1.373699024504093e+00 -6.366603038674944e-01 0.000000000000000e+00
-1.508556479149728e+00 -2.888446905537264e-01 0.000000000000000e+00
-1.625143978591706e+00 -3.258466528507400e-01 0.000000000000000e+00
4.884528560070179e-01 -1.533707159393154e+00 0.000000000000000e+00
5.229988388928483e-01 -1.656089316064063e+00 0.000000000000000e+00
4.222759965774533e-01 -1.631473995250730e+00 0.000000000000000e+00
5.326740131558395e-02 -1.669902050234337e+00 0.000000000000000e+00
-1.191208987269766e+00 7.863363640705229e-01 0.000000000000000e+00
1.233930708340116e+00 3.695295335047057e-01 0.000000000000000e+00
1.227545101552076e+00 2.694699526325671e-01 0.000000000000000e+00
1.674985729933336e+00 2.701120730926089e-01 0.000000000000000e+00
1.128004976070599e+00 1.021031878234148e+00 0.000000000000000e+00
-9.980480011133690e-01 -1.180557126236178e+00 0.000000000000000e+00
1.070910569978837e+00 5.064492698508208e-02 0.000000000000000e+00
1.046881654639234e+00 1.239230464937570e-02 0.000000000000000e+00
1.325030157289929e+00 -1.040360631468455e-01 0.000000000000000e+00
1.245243838138562e+00 -1.847795779860052e-01 0.000000000000000e+00
8.091908940117589e-01 -9.170169644441521e-01 0.000000000000000e+00
8.236504610204853e-01 -6.620026710836008e-01 0.000000000000000e+00
9.357947564733811e-01 -4.849628582837979e-01 0.000000000000000e+00
9.622266953065868e-01 -5.561332874612018e-01 0.000000000000000e+00
8.990566041268930e-01 -5.466835221376536e-01 0.000000000000000e+00
1.577720731369263e+00 2.197257695249767e-01 0.000000000000000e+00
-1.541379270526985e+00 -3.878791767671468e-01 0.000000000000000e+00
-1.636915501837416e+00 -4.603858253503790e-01 0.000000000000000e+00
-4.205908496659879e-01 -1.863555459623712e+00 0.000000000000000e+00
-2.977099732208567e-01 -1.804262122717976e+00 0.000000000000000e+00
-3.105105133261423e-01 -1.903846556655088e+00 0.000000000000000e+00
-8.487605764410319e-01 6.158456591729518e-01 0.000000000000000e+00
-2.218603106016538e-01 -1.073551336371535e+00 0.000000000000000e+00
5.600973096409434e-01 -8.988721858624087e-01 0.000000000000000e+00
1.440597212421270e+00 -5.554282684689730e-01 0.000000000000000e+00
1.701391833289732e+00 -3.698287878686939e-01 0.000000000000000e+00
1.726641170021395e+00 -4.864283752259952e-01 0.000000000000000e+00
-7.750312307175005e-01 1.730078592090998e+00 0.000000000000000e+00
-3.787528295150299e-01 -9.957055425564383e-01 0.000000000000000e+00
8.219925824907026e-01 -1.347204944676632e+00 0.000000000000000e+00
8.779552811138470e-01 -1.468041731498817e+00 0.000000000000000e+00
1.753665306635498e+00 1.635669245322934e-01 0.000000000000000e+00
-1.155837525301554e+00 1.207661139560287e+00 0.000000000000000e+00
-8.038065080384922e-01 -1.617218696344842e+00 0.000000000000000e+00
-9.076069496112628e-01 -1.654255772337633e+00 0.000000000000000e+00
1.026134626150158e+00 -2.493749555568135e-01 0.000000000000000e+00
-5.935075114975204e-02 1.735088535996442e+00 0.000000000000000e+00
-1.983500440399779e-01 1.688215920005158e+00 0.000000000000000e+00
-8.070416053460470e-01 -6.852476134776889e-01 0.000000000000000e+00
-8.700163219688035e-01 -7.036300230836375e-01 0.000000000000000e+00
-8.540888655335750e-01 -6.382454248288947e-01 0.000000000000000e+00
-4.643508848551874e-02 1.843683114414692e+00 0.000000000000000e+00
7.571213303452698e-02 1.779948347012584e+00 0.000000000000000e+00
-5.837303653220970e-01 -8.795249096676143e-01 0.000000000000000e+00
1.368398049646548e+00 9.703572976190553e-01 0.000000000000000e+00
1.426064021630531e+00 1.065689101818575e+00 0.000000000000000e+00
1.615352548404495e+00 1.017939566382885e+00 0.000000000000000e+00
6.636570891929585e-01 8.008092958029568e-01 0.000000000000000e+00
7.127816673407744e-01 7.697821433341037e-01 0.000000000000000e+00
-1.894561784397106e-01 -1.352768669105120e+00 0.000000000000000e+00
-5.153400801454705e-01 1.005613799390638e+00 0.000000000000000e+00
4.764361540067581e-01 1.708199325271292e+00 0.000000000000000e+00
-2.930697656066925e-02 1.056597169990154e+00 0.000000000000000e+00
-9.309607726394157e-01 4.875625692259060e-01 0.000000000000000e+00
-1.146971083380119e+00 6.879401195483503e-01 0.000000000000000e+00
-1.070996643566236e+00 6.419418419166247e-01 0.000000000000000e+00
1.286213102041255e+00 -1.039852824085878e+00 0.000000000000000e+00
1.395959267364591e+00 -9.791325834808299e-01 0.000000000000000e+00
-1.504520126406381e+00 6.871127533683896e-01 0.000000000000000e+00
-1.078808781943510e+00 -1.529225835861483e-02 0.000000000000000e+00
-1.042567707315584e+00 2.218280931448128e-02 0.000000000000000e+00
-1.783224998725384e+00 7.414953785671995e-02 0.000000000000000e+00
-1.300617674259942e+00 -1.067050388178721e+00 0.000000000000000e+00
-1.295801339031490e+00 -1.184715847855040e+00 0.000000000000000e+00
-1.520530268938029e+00 3.686121841276854e-01 0.000000000000000e+00
-1.251293065628545e+00 8.966321052221234e-01 0.000000000000000e+00
-1.721212612679591e+00 -2.481126626401149e-01 0.000000000000000e+00
-1.212887504101692e+00 1.304533944830355e+00 0.000000000000000e+00
3.492093327674494e-01 1.001396178325332e+00 0.000000000000000e+00
2.763313426405514e-01 1.018756063611552e+00 0.000000000000000e+00
1.121499585221174e+00 1.229616508278241e+00 0.000000000000000e+00
9.967157176272372e-01 1.288510686118644e+00 0.000000000000000e+00
1.025567021166707e+00 -1.845075744437346e-01 0.000000000000000e+00
4.335695530521376e-01 1.808152711734075e+00 0.000000000000000e+00
-7.619750234665038e-01 -7.235937155456288e-01 0.000000000000000e+00
1.317767727735809e+00 1.104116031586767e+00 0.000000000000000e+00
1.344176094967631e+00 1.207993570118833e+00 0.000000000000000e+00
-1.763803475528486e+00 -6.250407804134761e-02 0.000000000000000e+00
-1.761335579536826e+00 -5.004647282600633e-01 0.000000000000000e+00
-7.147708913672139e-01 -1.546613449821381e+00 0.000000000000000e+00
9.421201423479593e-01 -1.562616790529296e+00 0.000000000000000e+00
9.981229596796932e-01 -1.639174045921113e+00 0.000000000000000e+00
7.400159376109610e-01 -1.749239136195197e+00 0.000000000000000e+00
6.313219669488819e-01 -1.693949237123717e+00 0.000000000000000e+00
-1.445658331525302e-01 1.907664457170764e+00 0.000000000000000e+00
-1.973622006856860e-01 -1.901557177356582e+00 0.000000000000000e+00
-2.079577107192019e-01 -1.704919581011500e+00 0.000000000000000e+00
-1.515446245562548e-01 -1.812776457687858e+00 0.000000000000000e+00
9.954875265776484e-01 -4.947959720607360e-01 0.000000000000000e+00
2.183067541228368e-01 1.024634801280913e+00 0.000000000000000e+00
1.170751242472535e-01 1.056905020902137e+00 0.000000000000000e+00
1.810045668334894e-01 1.054587671712454e+00 0.000000000000000e+00
-9.027763967119480e-01 6.558063876177060e-01 0.000000000000000e+00
-1.683167000717699e+00 -5.934391340928032e-01 0.000000000000000e+00
1.647217503943423e+00 -6.856691531807466e-01 0.000000000000000e+00
-6.930131346259618e-01 -7.898109001075263e-01 0.000000000000000e+00
5.664435242167939e-01 8.924632059212758e-01 0.000000000000000e+00
5.359466987295534e-01 9.446303661787008e-01 0.000000000000000e+00
9.794251279187222e-01 -1.468406931632987e+00 0.000000000000000e+00
1.486380538712264e+00 -9.605154311433562e-01 0.000000000000000e+00
7.497852736620149e-01 -7.614699841727635e-01 0.000000000000000e+00
-2.978392649471293e-01 1.091414774900113e+00 0.000000000000000e+00
-3.434198097469069e-01 1.035948697410710e+00 0.000000000000000e+00
8.669431754707706e-01 1.708582616680888e+00 0.000000000000000e+00
8.840053802915211e-01 5.922052870743555e-01 0.000000000000000e+00
-3.216555673274513e-01 -1.002593837988833e+00 0.000000000000000e+00
-1.487190380478584e+00 -9.766895902133579e-01 0.000000000000000e+00
-9.090008552528744e-02 -1.061162170407059e+00 0.000000000000000e+00
-9.001439741710380e-01 5.670761084489409e-01 0.000000000000000e+00
-1.604683323581580e+00 8.680596578380979e-01 0.000000000000000e+00
-1.786654172869536e+00 -1.716877221319588e-01 0.000000000000000e+00
-1.026459600150722e+00 2.259120795300259e-01 0.000000000000000e+00
-9.997368512488805e-01 2.819457640962935e-01 0.000000000000000e+00
6.303698156898979e-01 8.581325656367182e-01 0.000000000000000e+00
-8.407332645150778e-02 1.044720494186785e+00 0.000000000000000e+00
-1.291715147022026e-01 1.065069163961479e+00 0.000000000000000e+00
1.062961490287918e+00 1.122620759080652e-01 0.000000000000000e+00
9.343825925807485e-01 4.688826320534816e-01 0.000000000000000e+00
-1.012568002560135e+00 6.003729881633896e-01 0.000000000000000e+00
-9.862511760710776e-01 5.344559881669304e-01 0.000000000000000e+00
8.857545664509118e-01 7.047800728778836e-01 0.000000000000000e+00
8.620059418811614e-01 6.459514277499523e-01 0.000000000000000e+00
-9.981528731284179e-01 3.403295948009498e-01 0.000000000000000e+00
1.049436742557380e+00 1.862594965876471e-01 0.000000000000000e+00
5.167394237456250e-01 -9.342163236607289e-01 0.000000000000000e+00
-1.006813742961159e+00 -3.374436157403459e-01 0.000000000000000e+00
-1.006114389363179e+00 -2.805385740246129e-01 0.000000000000000e+00
8.395050242428476e-01 -8.290547464891636e-01 0.000000000000000e+00
8.547946526162249e-01 -7.404695439737080e-01 0.000000000000000e+00
-6.612049044489481e-01 9.359789479408525e-01 0.000000000000000e+00
-6.619291244751498e-01 8.614018106075809e-01 0.000000000000000e+00
7.018990236328564e-01 -7.838721261063624e-01 0.000000000000000e+00
6.792610855898454e-01 -8.568948617398497e-01 0.000000000000000e+00
-3.810270239012555e-01 1.101861261887902e+00 0.000000000000000e+00
-3.135893936763684e-01 1.165810805228510e+00 0.000000000000000e+00
-3.136038421669786e-01 9.900374049064716e-01 0.000000000000000e+00
1.052063965637837e+00 -5.061003851473664e-02 0.000000000000000e+00
-6.547012263837881e-01 -8.427463855553690e-01 0.000000000000000e+00
-1.043756904396739e+00 1.520149124676192e-01 0.000000000000000e+00
-1.047511201884580e+00 7.958895201635459e-02 0.000000000000000e+00
-2.775408246977505e-01 -1.100218404434759e+00 0.000000000000000e+00
2.810652335412550e-01 -1.009681315621537e+00 0.000000000000000e+00
2.074536482860123e-01 -1.029679339860465e+00 0.000000000000000e+00
-5.947561653979561e-01 8.759462881778987e-01 0.000000000000000e+00
-1.060005606340198e+00 -8.386838419383041e-02 0.000000000000000e+00
-1.108975921611328e+00 -1.294427191509031e-01 0.000000000000000e+00
-1.134811166222502e+00 -6.387454962342502e-02 0.000000000000000e+00
-9.611249410036937e-01 -4.413771339426258e-01 0.000000000000000e+00
-1.066245866885486e+00 3.869553494227038e-01 0.000000000000000e+00
-1.055121700161848e+00 2.892210399347666e-01 0.000000000000000e+00
-8.532798619021991e-01 7.374751797443114e-01 0.000000000000000e+00
4.161786546449778e-01 1.055595825760373e+00 0.000000000000000e+00
7.949363459676418e-01 -7.762629993222796e-01 0.000000000000000e+00
-2.485102040147633e-01 1.133025457248352e+00 0.000000000000000e+00
-2.210533464014700e-01 1.200583382151039e+00 0.000000000000000e+00
-1.744534771308920e-01 1.121890114834832e+00 0.000000000000000e+00
3.245543275418674e-01 1.074370039003320e+00 0.000000000000000e+00
-7.489562496373630e-01 -7.769758512438395e-01 0.000000000000000e+00
1.120530387450714e+00 2.413901620888353e-01 0.000000000000000e+00
3.410544675320252e-01 -9.824503745336124e-01 0.000000000000000e+00
-5.317738150481304e-01 -9.862409351062418e-01 0.000000000000000e+00
-5.821122743459415e-01 -9.413719419006196e-01 0.000000000000000e+00
1.110927712068082e+00 -1.030592319157394e-01 0.000000000000000e+00
1.113924712428731e+00 -8.612324265777922e-03 0.000000000000000e+00
-2.336258025335103e-01 1.083670271369086e+00 0.000000000000000e+00
9.700694179738276e-01 4.374161453151212e-01 0.000000000000000e+00
-8.495700607027762e-02 1.115336525566860e+00 0.000000000000000e+00
-3.537549326327135e-01 -1.076227934462834e+00 0.000000000000000e+00
9.230450974639921e-01 6.487523679999012e-01 0.000000000000000e+00
4.222405816126185e-02 1.060078634618933e+00 0.000000000000000e+00
7.595732545285025e-02 1.127068387032912e+00 0.000000000000000e+00
1.089231258806112e+00 -1.955841310522590e-01 0.000000000000000e+00
1.162436159969190e+00 -1.594550524098458e-01 0.000000000000000e+00
1.231964712258192e+00 1.000125257627193e-01 0.000000000000000e+00
1.194345825086302e+00 2.067867903827200e-02 0.000000000000000e+00
1.134900364210423e+00 7.384629274316422e-02 0.000000000000000e+00
-5.780491878810419e-01 -1.076732739899004e+00 0.000000000000000e+00
-4.239057022297922e-01 -1.043375607730944e+00 0.000000000000000e+00
-1.562023380579789e-01 -1.105812019938139e+00 0.000000000000000e+00
-2.211546523683266e-01 -1.145261636267945e+00 0.000000000000000e+00
-4.779394888637619e-03 1.123552202130803e+00 0.000000000000000e+00
6.275746519843849e-01 9.495761917678887e-01 0.000000000000000e+00
-1.147689015276178e+00 2.916258785171960e-01 0.000000000000000e+00
-1.092445994281403e+00 2.085575732414305e-01 0.000000000000000e+00
-1.167248067330012e+00 1.936514172779025e-01 0.000000000000000e+00
-4.149507473342817e-02 -1.204723314778627e+00 0.000000000000000e+00
-9.481179943787425e-02 -1.137197542382814e+00 0.000000000000000e+00
7.564618355435136e-01 -8.361240975030536e-01 0.000000000000000e+00
7.865576743624527e-01 -1.021327654581552e+00 0.000000000000000e+00
7.229415734574438e-01 -9.326425203932814e-01 0.000000000000000e+00
1.204103279272336e+00 -7.388461471827615e-02 0.000000000000000e+00
-7.879707899389853e-01 -9.094012180082067e-01 0.000000000000000e+00
-6.426771972232772e-01 -9.224576013118058e-01 0.000000000000000e+00
9.858651654009457e-01 4.884925961291232e-01 0.000000000000000e+00
1.033726360829325e+00 4.339395158762305e-01 0.000000000000000e+00
1.140472768534658e+00 3.291764907372841e-01 0.000000000000000e+00
1.134440580355562e+00 4.297757014473001e-01 0.000000000000000e+00
1.133734023672785e+00 1.544595657279010e-01 0.000000000000000e+00
1.208394569898519e+00 1.908860899699025e-01 0.000000000000000e+00
-9.580287499031180e-01 6.048462479987967e-01 0.000000000000000e+00
-9.884042000013915e-01 6.665197675970167e-01 0.000000000000000e+00
-6.038956853687154e-01 9.996399018447706e-01 0.000000000000000e+00
-6.921676058373384e-01 1.046221197585889e+00 0.000000000000000e+00
-5.786753425957510e-01 1.077549717765899e+00 0.000000000000000e+00
3.707183046873332e-01 1.144771558878130e+00 0.000000000000000e+00
2.893822700361446e-01 1.145007814665670e+00 0.000000000000000e+00
2.384813265976076e-01 1.088254653751966e+00 0.000000000000000e+00
-1.240909834463615e+00 3.443499495234381e-01 0.000000000000000e+00
-1.245801723894021e+00 2.397826789531345e-01 0.000000000000000e+00
-1.228701084224028e+00 4.538575726000984e-01 0.000000000000000e+00
-1.161808877386932e+00 3.898396340662362e-01 0.000000000000000e+00
3.735513396507342e-01 -1.197333567125926e+00 0.000000000000000e+00
4.466238146291871e-01 -1.162403192595242e+00 0.000000000000000e+00
3.621380188259509e-01 -1.119724167661551e+00 0.000000000000000e+00
1.620310409874439e-01 1.118239964818758e+00 0.000000000000000e+00
1.167552167368276e+00 -2.396548202888943e-01 0.000000000000000e+00
9.337851515379073e-01 8.723833437717406e-01 0.000000000000000e+00
1.009313956823342e+00 8.032256188922481e-01 0.000000000000000e+00
7.054342077524208e-01 8.324735883233261e-01 0.000000000000000e+00
6.917089700707638e-01 8.964495035795953e-01 0.000000000000000e+00
7.408983716082298e-01 9.687920497287386e-01 0.000000000000000e+00
7.460002167863988e-01 1.064312623064788e+00 0.000000000000000e+00
8.334284101251690e-01 1.026799374652956e+00 0.000000000000000e+00
8.790724688061426e-01 -6.670790488973565e-01 0.000000000000000e+00
9.370574075385819e-01 -7.059012484477765e-01 0.000000000000000e+00
-1.060518182299290e+00 -6.549170082048653e-01 0.000000000000000e+00
-1.103582405847390e+00 -5.376443909159933e-01 0.000000000000000e+00
-1.395736124436606e+00 -2.353045218863496e-01 0.000000000000000e+00
-1.278867147877955e+00 -2.987919071187261e-01 0.000000000000000e+00
-1.158746984618011e+00 2.856599388207959e-02 0.000000000000000e+00
-1.087764428225871e+00 4.661735291466641e-02 0.000000000000000e+00
-1.117261086194163e+00 1.167532046309906e-01 0.000000000000000e+00
-9.405526931252484e-01 -6.705105324060165e-01 0.000000000000000e+00
-9.958920121723279e-01 -7.485975971982103e-01 0.000000000000000e+00
-9.702924051841808e-01 -5.956727565150730e-01 0.000000000000000e+00
-3.927998857101433e-01 -1.162946344778013e+00 0.000000000000000e+00
-3.079085640170808e-01 -1.168293267019553e+00 0.000000000000000e+00
-3.400528573548414e-01 -1.677858618749811e+00 0.000000000000000e+00
-4.761976406745566e-01 1.093938944656821e+00 0.000000000000000e+00
-4.238489922295126e-01 1.027550249641544e+00 0.000000000000000e+00
-1.379450925663822e+00 6.761489452033083e-01 0.000000000000000e+00
-1.700559559596885e+00 5.092453882703009e-01 0.000000000000000e+00
-8.240446076617659e-01 -7.609713791503592e-01 0.000000000000000e+00
-8.685808524461504e-01 -8.487479484105149e-01 0.000000000000000e+00
-9.163352365053217e-01 -7.670461552613799e-01 0.000000000000000e+00
1.021116755798915e+00 -5.545184839381798e-01 0.000000000000000e+00
9.210778976502169e-01 -6.205100505958361e-01 0.000000000000000e+00
2.340929598017714e-01 -1.249532074240066e+00 0.000000000000000e+00
1.523659786372288e-01 -1.220839542698665e+00 0.000000000000000e+00
2.592321139929235e-02 -1.152834943103053e+00 0.000000000000000e+00
1.065835428541209e+00 5.059196976223783e-01 0.000000000000000e+00
1.248017132352520e+00 1.215631129325296e+00 0.000000000000000e+00
-1.585238031653819e+00 -5.729007506448629e-01 0.000000000000000e+00
-6.439659846401288e-01 1.175383961587475e+00 0.000000000000000e+00
1.819525603068612e-01 1.753085322148282e+00 0.000000000000000e+00
1.193978213856804e+00 1.114938060178940e+00 0.000000000000000e+00
1.232006654924755e+00 1.003454912647198e+00 0.000000000000000e+00
1.245250078991498e+00 4.761783805670295e-01 0.000000000000000e+00
1.167993619915066e+00 -3.780359637447125e-01 0.000000000000000e+00
1.091389781749986e+00 -3.094600185413940e-01 0.000000000000000e+00
1.086078610307777e+00 -4.185758029037976e-01 0.000000000000000e+00
7.455230610625163e-01 -1.148511242345344e+00 0.000000000000000e+00
6.256600872871387e-01 -1.123858709950007e+00 0.000000000000000e+00
6.822366731518285e-01 -1.030637555360945e+00 0.000000000000000e+00
4.333359074961742e-01 -1.065623772429237e+00 0.000000000000000e+00
5.003931563306587e-01 -9.996710216516423e-01 0.000000000000000e+00
5.258226482871151e-01 -1.096894220562775e+00 0.000000000000000e+00
6.296438058184185e-01 -9.396561519477836e-01 0.000000000000000e+00
6.568308761477054e-01 -1.242653027034123e+00 0.000000000000000e+00
7.480772432894897e-01 -1.265552153046144e+00 0.000000000000000e+00
1.424581985239433e+00 -1.650346056901075e-02 0.000000000000000e+00
1.287156902771215e+00 1.368530608679645e-03 0.000000000000000e+00
1.542417760316182e+00 1.458271904290239e-01 0.000000000000000e+00
1.194666705101624e+00 -9.474003647349937e-01 0.000000000000000e+00
1.324965302435660e+00 -1.170041234866334e+00 0.000000000000000e+00
5.428376576026320e-01 -1.208380532172808e+00 0.000000000000000e+00
2.871037567141361e-01 -1.356842788615703e+00 0.000000000000000e+00
3.241708908484934e-01 -1.253745322435324e+00 0.000000000000000e+00
1.342196527403126e+00 4.200707068511785e-01 0.000000000000000e+00
1.435976030052884e+00 4.698388129301527e-01 0.000000000000000e+00
1.419435810740629e+00 6.621462558665844e-01 0.000000000000000e+00
7.628477636251347e-01 1.267318224001733e+00 0.000000000000000e+00
6.834461424415827e-01 1.150259265723808e+00 0.000000000000000e+00
6.350986011976177e-01 1.258053879329471e+00 0.000000000000000e+00
9.345857472539353e-01 9.780686150079470e-01 0.000000000000000e+00
9.189573728230002e-01 1.092253349190970e+00 0.000000000000000e+00
6.839944570269613e-01 1.477283664228475e+00 0.000000000000000e+00
-9.684115239519540e-01 -1.313085725245568e+00 0.000000000000000e+00
-8.940373002578077e-01 -9.643079968629411e-01 0.000000000000000e+00
-1.305231310422194e+00 -9.415713934704882e-01 0.000000000000000e+00
6.582979294681938e-01 1.360393554620402e+00 0.000000000000000e+00
3.073618986253173e-01 1.241046342198087e+00 0.000000000000000e+00
-1.123234611401717e+00 -4.492320985329705e-01 0.000000000000000e+00
-1.190242354141398e+00 -3.885105986436677e-01 0.000000000000000e+00
-1.294127744314596e+00 -4.379781900083187e-01 0.000000000000000e+00
-1.220404678780376e+00 -5.441444953703929e-02 0.000000000000000e+00
-7.597273165291094e-01 1.141334131252373e+00 0.000000000000000e+00
-8.535375014365850e-01 1.200213737900766e+00 0.000000000000000e+00
-1.500314051713958e+00 8.858995738686415e-01 0.000000000000000e+00
1.587627681161599e+00 -3.243960353217457e-01 0.000000000000000e+00
-8.159496954243168e-01 8.193520339357800e-01 0.000000000000000e+00
2.803370627801138e-01 1.366443629740161e+00 0.000000000000000e+00
1.091940361205102e+00 -9.421219130052069e-01 0.000000000000000e+00
2.357216625050719e-01 1.675411755056878e+00 0.000000000000000e+00
1.154659208274877e+00 -5.003460398526484e-01 0.000000000000000e+00
1.323147773368553e+00 -6.396876307158604e-01 0.000000000000000e+00
9.123254883569221e-01 7.809170489382333e-01 0.000000000000000e+00
-4.436775559677536e-01 -1.108919419823893e+00 0.000000000000000e+00
1.342889246840729e+00 7.692699851095908e-02 0.000000000000000e+00
1.211546150617552e+00 1.332232621180354e+00 0.000000000000000e+00
8.961405930278020e-01 1.214641616671701e+00 0.000000000000000e+00
1.448731426116821e+00 1.071728879513998e-01 0.000000000000000e+00
1.322332053327371e+00 1.819215237401564e-01 0.000000000000000e+00
8.261139749908913e-01 -1.223544675546909e+00 0.000000000000000e+00
-9.038964404803818e-01 -1.205521684420669e+00 0.000000000000000e+00
-6.008486614915022e-01 -1.332854009355122e+00 0.000000000000000e+00
1.458023698401263e+00 7.839756278934810e-01 0.000000000000000e+00
1.616471421753159e+00 -4.502742646103854e-01 0.000000000000000e+00
1.896977002261215e-01 1.288336230373792e+00 0.000000000000000e+00
3.658048470298019e-01 1.424740299165468e+00 0.000000000000000e+00
-4.382084607308898e-01 -1.754764888961994e+00 0.000000000000000e+00
-1.244001854565155e-01 -1.533945601530922e+00 0.000000000000000e+00
-4.740753687852848e-01 -1.629832385843354e+00 0.000000000000000e+00
-3.625943705097430e-01 -1.576570582601704e+00 0.000000000000000e+00
1.070327788371866e+00 3.008471705176531e-01 0.000000000000000e+00
1.354957002217867e+00 5.424442414040122e-01 0.000000000000000e+00
8.094161506192864e-01 1.133424720201299e+00 0.000000000000000e+00
1.169843735251182e+00 -3.055352168773193e-01 0.000000000000000e+00
9.164171454867338e-01 1.528700411563423e+00 0.000000000000000e+00
7.940352214833506e-01 1.512134084681890e+00 0.000000000000000e+00
3.502419015838413e-01 -1.039472780246776e+00 0.000000000000000e+00
-1.797095879840829e+00 -6.223772686576242e-01 0.000000000000000e+00
-2.557922990248422e-01 1.495672798471337e+00 0.000000000000000e+00
5.412254157600325e-01 -1.747168763337599e+00 0.000000000000000e+00
1.471529166299041e+00 -1.041766692330829e+00 0.000000000000000e+00
-7.059933503583918e-01 -8.961943450873604e-01 0.000000000000000e+00
-7.940609123876675e-01 -8.246838598922641e-01 0.000000000000000e+00
1.060579312980964e+00 -4.997692222108943e-01 0.000000000000000e+00
7.693330998416159e-01 7.997349082840699e-01 0.000000000000000e+00
8.336241203941127e-01 7.575669081034599e-01 0.000000000000000e+00
-4.929872163399104e-01 -1.053635741088464e+00 0.000000000000000e+00
-1.013358448941851e+00 -5.435045572338568e-01 0.000000000000000e+00
9.491749721588630e-01 -1.369762065494418e+00 0.000000000000000e+00
-1.048075951507692e+00 4.774160222320156e-01 0.000000000000000e+00
-9.941792164551713e-01 4.508723335226539e-01 0.000000000000000e+00
9.442124039756281e-01 5.954736513508802e-01 0.000000000000000e+00
9.678724265607828e-01 7.142816755824212e-01 0.000000000000000e+00
-1.256796717517126e+00 3.334814528857302e-02 0.000000000000000e+00
7.060697961257839e-01 1.598309507631404e+00 0.000000000000000e+00
8.280530173927227e-01 1.620402400978108e+00 0.000000000000000e+00
5.874940013177689e-01 -1.024991648606716e+00 0.000000000000000e+00
8.613139213167549e-01 -6.048239793220747e-01 0.000000000000000e+00
2.177589840209195e-01 1.182186221171090e+00 0.000000000000000e+00
-4.763902278359702e-02 1.181746364444511e+00 0.000000000000000e+00
-9.765137749290987e-01 -4.899026367776389e-01 0.000000000000000e+00
-7.307826105553596e-01 -8.399687599824277e-01 0.000000000000000e+00
5.580698824222181e-01 -9.608364527055192e-01 0.000000000000000e+00
1896
404 1030 784 0
404 784 164 0
1030 1009 1010 0
710 994 241 0
710 241 1023 0
1010 1009 536 0
841 293 519 0
841 519 520 0
841 520 1021 0
734 345 1025 0
734 1025 800 0
53 312 52 0
312 311 1035 0
886 1033 972 0
1033 886 887 0
950 942 994 0
942 949 943 0
491 748 564 0
491 564 437 0
844 687 856 0
844 856 855 0
844 855 871 0
340 800 1024 0
1024 800 1025 0
1022 311 915 0
915 311 429 0
915 429 913 0
887 772 895 0
887 895 1033 0
695 927 1032 0
695 1032 82 0
432 806 318 0
519 61 62 0
734 38 39 0
1019 426 425 0
1019 729 899 0
1031 1037 948 0
1031 947 946 0
681 735 504 0
681 627 337 0
971 964 397 0
971 589 962 0
189 90 181 0
90 189 178 0
685 410 412 0
410 462 411 0
994 942 625 0
625 942 869 0
625 869 658 0
993 854 879 0
993 879 683 0
993 683 645 0
472 150 708 0
708 150 151 0
400 496 1029 0
496 468 732 0
420 980 569 0
569 980 209 0
775 220 224 0
775 224 656 0
271 661 1004 0
271 1004 269 0
431 318 974 0
974 318 973 0
974 973 616 0
617 975 616 0
231 240 242 0
831 773 336 0
336 773 881 0
878 797 804 0
878 804 839 0
1021 520 858 0
1035 1022 317 0
248 946 249 0
249 946 945 0
770 887 750 0
770 750 20 0
320 48 49 0
363 34 35 0
363 439 364 0
1032 81 82 0
1032 904 692 0
432 807 806 0
806 316 318 0
522 438 363 0
522 523 831 0
987 801 1020 0
987 898 1027 0
317 973 318 0
897 898 987 0
897 965 412 0
196 174 175 0
196 198 173 0
348 147 148 0
348 356 146 0
436 144 145 0
436 343 143 0
525 562 524 0
525 746 597 0
766 701 700 0
701 115 699 0
1030 1010 1029 0
1029 1010 967 0
1029 967 400 0
959 938 1006 0
1006 938 202 0
202 938 653 0
1006 202 201 0
764 763 247 0
247 763 107 0
558 377 765 0
765 377 155 0
761 481 762 0
762 481 104 0
368 441 590 0
590 441 384 0
1012 759 774 0
304 1012 130 0
580 1001 699 0
580 699 116 0
854 952 855 0
855 952 871 0
556 644 505 0
505 644 866 0
890 891 888 0
890 888 585 0
413 415 862 0
862 415 901 0
962 964 971 0
422 184 183 0
471 672 984 0
1036 818 1016 0
1016 818 873 0
873 818 724 0
981 438 831 0
439 981 357 0
805 946 248 0
946 805 1037 0
1037 805 704 0
778 862 777 0
777 862 794 0
822 840 1011 0
822 1011 259 0
72 822 71 0
830 792 864 0
830 864 863 0
948 533 813 0
948 813 870 0
641 640 427 0
427 640 268 0
837 886 885 0
322 321 826 0
620 1020 801 0
825 827 740 0
56 755 719 0
755 838 923 0
222 613 84 0
613 222 611 0
695 83 693 0
83 695 82 0
806 51 316 0
828 1035 317 0
63 786 709 0
786 277 848 0
80 692 236 0
692 904 809 0
741 911 820 0
911 741 740 0
822 259 823 0
797 3 804 0
797 687 2 0
293 842 724 0
75 76 704 0
646 804 4 0
688 1 2 0
876 683 839 0
876 877 682 0
893 892 894 0
893 956 530 0
943 947 1031 0
947 943 956 0
993 545 992 0
292 291 281 0
292 124 290 0
220 219 218 0
219 96 97 0
552 360 665 0
552 354 349 0
353 352 489 0
353 355 351 0
480 103 481 0
103 480 102 0
609 329 331 0
609 479 570 0
279 121 122 0
279 650 120 0
980 595 209 0
586 419 182 0
586 93 212 0
494 984 492 0
494 652 471 0
308 697 309 0
308 933 698 0
146 491 145 0
491 356 748 0
564 563 437 0
564 713 562 0
1002 660 556 0
1002 555 661 0
991 535 752 0
991 1007 962 0
623 779 1023 0
623 482 481 0
561 560 381 0
561 543 384 0
333 435 610 0
435 137 138 0
490 978 489 0
490 673 553 0
209 595 214 0
412 965 499 0
412 411 898 0
420 706 980 0
208 188 568 0
766 768 428 0
768 766 700 0
961 464 1006 0
961 997 199 0
345 346 1025 0
816 783 387 0
816 28 378 0
366 824 32 0
366 364 811 0
795 24 25 0
24 795 733 0
693 84 613 0
84 693 83 0
77 533 76 0
322 48 320 0
840 249 1011 0
249 840 73 0
79 781 812 0
781 833 868 0
407 406 17 0
406 778 16 0
65 278 64 0
278 703 277 0
376 31 824 0
376 375 30 0
820 911 912 0
820 44 45 0
532 78 812 0
78 532 77 0
268 267 68 0
267 788 67 0
702 37 789 0
37 702 36 0
772 770 21 0
792 819 864 0
819 792 43 0
817 89 1 0
89 817 540 0
818 58 59 0
58 818 776 0
194 846 875 0
194 6 7 0
221 611 222 0
221 716 940 0
825 47 322 0
47 825 46 0
619 729 1019 0
12 13 729 0
850 733 861 0
850 771 22 0
515 1026 517 0
515 9 785 0
802 785 10 0
785 1026 515 0
728 899 729 0
899 728 794 0
11 12 619 0
620 802 10 0
803 41 793 0
803 346 40 0
248 74 75 0
692 809 236 0
1032 692 81 0
641 70 823 0
749 837 832 0
749 18 19 0
823 639 641 0
639 823 259 0
771 851 895 0
22 23 850 0
724 842 873 0
724 59 60 0
193 195 1005 0
193 5 6 0
845 388 387 0
388 845 836 0
1025 346 829 0
72 73 840 0
800 789 734 0
42 43 792 0
793 830 803 0
817 688 844 0
1017 923 838 0
923 720 719 0
1036 1017 838 0
1036 1016 872 0
836 847 796 0
847 1034 861 0
864 819 912 0
364 439 357 0
364 33 34 0
612 1018 769 0
1018 612 941 0
810 882 374 0
882 884 731 0
874 517 931 0
874 798 515 0
826 634 827 0
859 867 643 0
859 509 788 0
930 266 268 0
266 867 788 0
887 837 750 0
856 687 797 0
844 688 687 0
904 927 905 0
905 927 227 0
1020 425 987 0
425 1020 1019 0
946 1037 1031 0
948 1037 704 0
740 46 825 0
46 741 45 0
1036 776 818 0
873 282 1016 0
405 407 832 0
405 778 406 0
828 312 1035 0
52 828 51 0
880 773 789 0
773 880 881 0
824 374 376 0
824 811 810 0
842 841 283 0
839 1005 876 0
1005 839 646 0
920 378 440 0
920 814 783 0
940 611 221 0
716 753 852 0
1022 907 317 0
260 894 892 0
894 1011 945 0
868 691 870 0
868 812 781 0
644 643 866 0
643 860 859 0
910 827 976 0
896 1008 940 0
940 1008 939 0
392 861 1034 0
795 847 733 0
925 924 663 0
925 720 923 0
901 900 862 0
900 899 794 0
249 73 74 0
1018 926 769 0
926 227 694 0
782 834 845 0
782 814 815 0
843 844 871 0
843 540 817 0
829 891 341 0
829 830 863 0
512 1034 847 0
1034 512 511 0
809 833 236 0
833 809 808 0
357 359 810 0
357 981 358 0
872 1017 1036 0
721 720 913 0
721 55 719 0
858 848 988 0
858 520 709 0
877 875 931 0
846 798 874 0
910 912 911 0
912 865 864 0
832 467 405 0
467 832 466 0
878 879 854 0
993 989 854 0
849 518 1026 0
849 801 1027 0
261 639 259 0
261 929 640 0
948 704 533 0
870 869 944 0
836 835 512 0
834 836 845 0
831 336 338 0
336 881 337 0
731 919 920 0
919 731 884 0
852 753 540 0
852 896 940 0
691 808 458 0
456 809 905 0
941 985 1018 0
985 941 939 0
288 287 988 0
287 857 1021 0
424 897 425 0
1027 801 987 0
321 634 826 0
518 517 1026 0
931 875 874 0
924 1017 872 0
838 776 1036 0
821 848 277 0
848 821 917 0
1027 518 849 0
907 616 973 0
413 467 414 0
413 778 405 0
234 229 228 0
229 537 227 0
929 928 445 0
928 958 957 0
1019 899 426 0
620 619 1020 0
1005 646 193 0
683 879 839 0
636 976 634 0
636 637 527 0
1033 895 394 0
895 772 771 0
913 720 925 0
1022 1035 311 0
228 1018 985 0
769 613 612 0
642 860 643 0
508 916 917 0
916 288 988 0
640 506 930 0
506 640 929 0
866 930 506 0
999 394 393 0
394 999 1033 0
854 856 878 0
382 815 369 0
815 834 782 0
682 683 876 0
341 1024 829 0
1024 341 340 0
511 392 1034 0
392 394 851 0
284 283 857 0
857 841 1021 0
865 582 889 0
582 1028 526 0
972 1033 999 0
972 885 886 0
943 1031 944 0
887 770 772 0
653 931 516 0
653 938 877 0
576 423 727 0
423 576 726 0
761 779 481 0
481 103 104 0
371 370 934 0
370 919 884 0
863 891 829 0
863 865 889 0
654 578 997 0
578 654 725 0
598 790 979 0
790 335 342 0
883 810 359 0
810 374 824 0
673 524 713 0
524 490 352 0
1010 536 589 0
727 423 170 0
727 577 576 0
260 958 928 0
958 260 892 0
635 321 431 0
672 935 984 0
672 391 723 0
323 325 742 0
323 135 136 0
690 853 871 0
690 214 213 0
601 600 990 0
600 205 757 0
784 495 163 0
605 977 978 0
605 666 934 0
396 395 496 0
395 162 495 0
989 952 854 0
952 689 871 0
763 106 107 0
106 763 237 0
1009 534 536 0
206 170 423 0
170 206 169 0
1012 129 130 0
129 1012 302 0
154 377 373 0
962 535 991 0
1007 902 963 0
981 831 338 0
942 944 869 0
745 501 584 0
745 572 571 0
657 596 998 0
657 656 705 0
714 274 715 0
274 714 275 0
175 422 192 0
422 176 184 0
707 655 998 0
707 212 211 0
471 470 389 0
471 652 469 0
808 691 868 0
458 457 658 0
179 181 421 0
179 187 180 0
404 1009 1030 0
404 403 1009 0
514 470 469 0
514 513 671 0
617 581 449 0
243 239 238 0
239 761 237 0
960 546 959 0
546 960 548 0
449 541 299 0
449 674 617 0
975 974 616 0
686 995 968 0
968 995 486 0
528 527 637 0
527 1028 976 0
630 1015 603 0
1015 630 738 0
331 478 477 0
331 330 528 0
300 430 301 0
430 302 442 0
109 246 108 0
246 1014 247 0
251 608 255 0
608 587 588 0
903 902 1007 0
903 424 901 0
893 894 945 0
947 956 893 0
679 254 677 0
254 679 607 0
685 499 498 0
499 966 497 0
337 881 736 0
799 881 880 0
262 265 554 0
265 428 768 0
200 461 201 0
200 516 618 0
675 313 908 0
313 315 637 0
326 583 327 0
326 572 745 0
402 651 468 0
402 401 648 0
369 814 919 0
783 378 920 0
680 257 250 0
257 680 258 0
762 105 237 0
739 599 598 0
599 473 476 0
732 754 396 0
754 573 160 0
342 335 142 0
342 344 979 0
303 128 129 0
303 300 127 0
652 1000 982 0
1000 648 647 0
618 1027 898 0
618 516 518 0
936 937 685 0
936 932 756 0
737 232 629 0
232 955 230 0
452 743 664 0
452 451 649 0
273 580 117 0
211 217 707 0
211 94 95 0
240 1023 241 0
1023 240 623 0
507 996 286 0
507 270 632 0
791 319 758 0
319 791 307 0
304 131 306 0
304 759 1012 0
1030 1029 495 0
272 730 660 0
272 508 642 0
254 253 529 0
253 446 957 0
906 907 1022 0
721 913 429 0
295 294 594 0
295 125 126 0
547 546 548 0
547 696 545 0
909 635 431 0
908 637 636 0
317 316 828 0
901 424 426 0
901 415 902 0
1001 918 700 0
1001 579 1003 0
535 962 589 0
752 497 991 0
610 474 922 0
610 138 139 0
365 152 367 0
365 708 151 0
231 629 232 0
626 531 530 0
531 677 529 0
373 559 385 0
559 558 718 0
933 442 774 0
442 444 430 0
765 722 558 0
765 156 379 0
905 227 537 0
927 904 1032 0
290 594 744 0
594 593 743 0
678 764 1014 0
447 557 445 0
447 257 256 0
218 602 223 0
218 97 98 0
485 686 662 0
484 486 995 0
622 968 289 0
622 451 686 0
483 282 284 0
283 873 842 0
658 869 691 0
948 944 1031 0
742 758 324 0
742 479 609 0
625 241 994 0
625 659 242 0
362 472 549 0
472 362 361 0
780 738 460 0
738 780 1015 0
399 466 885 0
885 832 837 0
521 669 486 0
669 521 286 0
624 623 240 0
482 624 235 0
784 1030 495 0
495 1029 496 0
344 347 597 0
347 437 563 0
203 577 727 0
203 204 615 0
247 1014 764 0
217 775 655 0
306 305 759 0
305 676 698 0
867 866 643 0
703 509 859 0
629 628 983 0
628 659 457 0
585 584 503 0
910 1028 582 0
1028 910 976 0
184 177 190 0
379 722 765 0
722 379 380 0
454 705 986 0
705 454 539 0
557 256 556 0
667 710 243 0
710 667 950 0
526 1028 527 0
328 889 582 0
712 190 180 0
712 684 185 0
662 969 485 0
662 450 298 0
647 982 1000 0
399 885 972 0
575 574 935 0
574 492 984 0
340 339 736 0
339 341 890 0
475 140 476 0
475 474 139 0
328 330 326 0
327 888 889 0
518 1027 618 0
785 849 1026 0
418 417 986 0
417 233 234 0
877 931 653 0
194 875 195 0
645 545 993 0
954 737 629 0
737 954 416 0
414 398 963 0
160 573 159 0
573 492 574 0
393 511 513 0
510 512 835 0
334 570 479 0
334 333 571 0
957 958 530 0
957 445 928 0
633 276 760 0
633 269 1003 0
593 787 591 0
787 296 301 0
701 114 115 0
766 428 113 0
276 275 760 0
760 714 631 0
603 1015 602 0
226 955 630 0
284 857 286 0
1021 988 287 0
906 914 297 0
925 663 914 0
215 539 453 0
215 214 595 0
337 736 735 0
736 799 340 0
970 664 743 0
664 450 452 0
932 990 600 0
932 757 756 0
542 604 549 0
542 544 666 0
739 500 502 0
500 503 584 0
949 626 956 0
635 634 321 0
431 974 909 0
338 355 353 0
197 465 199 0
197 192 191 0
615 199 997 0
615 577 203 0
984 935 574 0
829 1024 1025 0
699 115 116 0
716 852 940 0
213 939 1008 0
390 670 718 0
670 1013 386 0
382 381 510 0
381 1013 638 0
390 717 391 0
717 722 723 0
953 186 188 0
186 953 696 0
479 325 332 0
742 609 477 0
940 941 611 0
985 939 453 0
689 951 210 0
951 992 188 0
389 391 672 0
389 671 390 0
252 251 263 0
607 587 608 0
565 739 598 0
739 565 921 0
285 289 968 0
285 650 279 0
401 397 648 0
397 399 647 0
487 668 760 0
668 632 633 0
587 1014 246 0
588 255 608 0
711 1023 779 0
1023 711 710 0
538 457 456 0
538 233 983 0
258 1002 256 0
1002 661 660 0
656 655 775 0
386 1013 560 0
386 385 718 0
698 933 774 0
698 697 308 0
616 907 581 0
906 1022 915 0
1004 918 1003 0
918 1004 661 0
756 726 725 0
725 576 578 0
421 182 419 0
421 568 179 0
848 917 916 0
988 1021 858 0
434 478 315 0
434 433 758 0
513 638 671 0
638 1013 670 0
967 589 971 0
339 504 735 0
504 921 567 0
897 424 965 0
619 1019 1020 0
621 281 291 0
621 289 280 0
234 228 985 0
228 926 1018 0
596 980 998 0
441 373 385 0
372 368 590 0
372 708 365 0
748 354 551 0
354 748 356 0
1003 918 1001 0
1003 579 276 0
243 238 244 0
238 237 763 0
539 596 705 0
998 655 657 0
183 614 191 0
631 715 650 0
631 487 760 0
718 385 559 0
558 722 717 0
280 281 621 0
279 122 280 0
469 393 514 0
982 972 999 0
922 474 473 0
922 501 571 0
298 450 664 0
663 969 662 0
924 872 969 0
923 1017 924 0
282 872 1016 0
872 483 969 0
508 917 642 0
860 821 703 0
947 893 945 0
866 506 505 0
866 266 930 0
224 459 656 0
459 986 705 0
349 350 360 0
348 148 349 0
506 929 445 0
188 992 953 0
951 208 210 0
310 975 617 0
310 309 975 0
550 590 543 0
888 891 863 0
889 328 327 0
224 223 460 0
602 1015 780 0
883 882 810 0
374 731 375 0
242 629 231 0
270 508 272 0
632 996 507 0
460 738 416 0
737 630 955 0
286 996 669 0
996 632 668 0
587 678 1014 0
678 677 244 0
408 601 990 0
408 166 167 0
303 430 300 0
301 591 787 0
723 935 672 0
723 380 575 0
967 971 401 0
489 358 353 0
489 977 883 0
534 752 535 0
534 403 409 0
359 358 489 0
439 438 981 0
696 684 186 0
185 190 712 0
592 674 449 0
592 444 443 0
553 606 978 0
606 553 665 0
556 256 1002 0
730 642 644 0
758 433 791 0
758 477 434 0
706 420 419 0
706 998 980 0
835 834 815 0
512 847 836 0
225 230 955 0
225 101 235 0
468 651 493 0
651 648 1000 0
604 606 665 0
604 666 605 0
455 234 985 0
234 455 986 0
264 428 265 0
262 252 263 0
416 418 460 0
418 986 459 0
329 326 330 0
571 501 745 0
544 561 383 0
560 1013 381 0
902 415 963 0
747 307 791 0
747 676 305 0
623 481 779 0
624 240 231 0
210 214 689 0
213 896 690 0
393 469 999 0
861 851 850 0
774 302 1012 0
250 446 253 0
250 257 447 0
744 649 291 0
744 743 452 0
371 934 666 0
934 883 977 0
355 337 627 0
338 353 358 0
637 908 313 0
909 636 635 0
627 746 525 0
746 681 567 0
676 675 697 0
675 908 309 0
351 524 352 0
713 551 673 0
369 371 383 0
369 919 370 0
685 498 936 0
937 462 410 0
567 921 565 0
567 566 746 0
299 970 448 0
970 593 591 0
463 997 961 0
462 725 654 0
961 1006 201 0
201 461 463 0
492 573 754 0
732 468 493 0
486 484 521 0
485 995 686 0
360 350 361 0
552 349 360 0
525 597 562 0
627 525 351 0
187 186 712 0
187 568 188 0
315 478 528 0
609 331 477 0
751 498 497 0
751 932 936 0
249 945 1011 0
894 259 1011 0
955 226 225 0
737 738 630 0
541 906 297 0
906 541 581 0
989 992 951 0
767 700 918 0
265 768 554 0
598 979 565 0
476 335 790 0
645 682 959 0
949 667 626 0
245 244 677 0
767 555 554 0
262 680 252 0
584 583 745 0
503 890 585 0
626 530 956 0
530 529 957 0
647 972 982 0
990 409 408 0
990 932 751 0
465 548 464 0
464 960 1006 0
666 544 371 0
544 543 561 0
549 472 372 0
549 665 362 0
461 411 462 0
937 410 685 0
199 204 198 0
997 578 615 0
263 111 264 0
111 263 255 0
909 975 309 0
436 347 343 0
790 342 979 0
658 457 659 0
827 634 976 0
910 740 827 0
516 200 653 0
461 618 411 0
686 968 622 0
451 450 662 0
470 671 389 0
651 494 493 0
605 978 606 0
883 359 489 0
677 254 529 0
254 607 250 0
457 983 628 0
456 537 538 0
563 597 347 0
966 903 1007 0
965 424 903 0
422 183 192 0
191 465 197 0
648 651 402 0
297 663 298 0
913 925 914 0
589 967 1010 0
403 534 1009 0
537 456 905 0
983 457 538 0
453 213 215 0
213 1008 896 0
310 617 674 0
592 449 448 0
671 470 514 0
381 638 510 0
742 477 758 0
528 478 331 0
1007 963 962 0
991 966 1007 0
959 1006 960 0
195 876 1005 0
963 415 414 0
397 964 398 0
502 473 599 0
502 501 922 0
443 674 592 0
443 308 310 0
269 632 270 0
1003 276 633 0
591 448 970 0
294 296 787 0
1003 269 1004 0
700 699 1001 0
545 953 992 0
684 547 614 0
258 555 1002 0
610 922 333 0
571 570 334 0
339 890 503 0
888 327 585 0
718 558 717 0
671 638 670 0
484 483 284 0
969 663 924 0
566 565 979 0
921 503 500 0
569 568 421 0
951 188 208 0
385 384 441 0
273 274 275 0
579 1001 580 0
651 1000 652 0
999 469 982 0
207 423 726 0
207 757 205 0
624 231 230 0
629 983 954 0
216 220 775 0
998 706 707 0
997 463 654 0
204 199 615 0
314 676 747 0
314 313 675 0
447 256 557 0
250 447 446 0
551 713 748 0
524 673 490 0
760 275 714 0
669 996 668 0
711 761 239 0
986 455 454 0
705 656 459 0
218 223 220 0
746 627 681 0
503 921 504 0
582 865 912 0
327 583 585 0
968 488 285 0
484 995 485 0
710 950 994 0
961 199 464 0
959 682 938 0
561 381 383 0
783 814 782 0
698 759 305 0
443 933 308 0
284 521 484 0
508 507 288 0
992 989 993 0
966 991 497 0
409 990 751 0
951 952 989 0
690 871 689 0
642 730 272 0
848 916 988 0
965 903 966 0
897 987 425 0
234 986 417 0
985 453 455 0
493 492 732 0
471 984 494 0
233 954 983 0
460 223 780 0
652 982 469 0
531 245 677 0
244 764 678 0
338 358 981 0
978 977 489 0
957 529 253 0
928 261 260 0
725 937 756 0
411 618 898 0
980 596 595 0
569 209 208 0
344 566 979 0
337 735 681 0
383 371 544 0
386 560 384 0
756 937 936 0
497 752 751 0
553 978 490 0
934 977 605 0
301 592 591 0
743 593 970 0
636 527 976 0
330 328 526 0
309 697 675 0
909 974 975 0
907 973 317 0
909 309 908 0
884 934 370 0
383 382 369 0
972 647 399 0
397 401 971 0
299 664 970 0
649 744 452 0
483 485 969 0
488 968 486 0
401 400 967 0
963 398 964 0
965 966 499 0
962 963 964 0
463 961 201 0
660 730 556 0
445 557 505 0
464 548 960 0
546 645 959 0
554 680 262 0
250 607 251 0
892 530 958 0
446 445 957 0
626 667 245 0
943 949 956 0
737 955 232 0
233 416 954 0
545 696 953 0
951 689 952 0
329 572 326 0
330 526 528 0
950 949 942 0
667 949 950 0
944 948 870 0
945 946 947 0
942 943 944 0
612 611 941 0
940 939 941 0
213 453 939 0
195 875 877 0
877 938 682 0
856 797 878 0
725 462 937 0
751 936 498 0
380 158 575 0
575 935 723 0
723 391 717 0
575 159 573 0
160 396 754 0
731 920 440 0
882 731 374 0
934 884 883 0
7 798 846 0
819 44 820 0
820 912 819 0
443 442 933 0
442 302 774 0
932 600 757 0
600 168 205 0
7 8 798 0
517 874 515 0
517 516 931 0
640 930 268 0
261 640 639 0
928 929 261 0
927 694 227 0
695 694 927 0
694 769 926 0
926 228 227 0
924 925 923 0
923 719 755 0
914 663 297 0
38 789 37 0
880 800 799 0
794 15 777 0
53 429 311 0
788 867 859 0
333 922 571 0
473 502 922 0
921 500 739 0
500 584 501 0
534 409 752 0
587 607 679 0
238 764 244 0
711 239 243 0
835 815 382 0
835 382 510 0
919 814 920 0
114 701 766 0
767 918 661 0
768 767 554 0
555 767 661 0
917 860 642 0
860 917 821 0
508 288 916 0
906 915 913 0
906 913 914 0
582 912 910 0
740 910 911 0
908 636 909 0
906 581 907 0
809 904 905 0
456 458 808 0
868 833 808 0
794 862 900 0
426 900 901 0
901 902 903 0
426 899 900 0
897 412 898 0
896 853 690 0
853 896 852 0
852 540 843 0
393 392 511 0
895 851 394 0
259 894 260 0
530 892 893 0
890 341 891 0
830 793 792 0
888 863 889 0
886 837 887 0
398 466 399 0
832 885 466 0
357 811 364 0
882 883 884 0
799 736 881 0
880 789 800 0
878 839 879 0
876 195 877 0
846 874 875 0
283 282 873 0
872 282 483 0
843 871 853 0
870 813 868 0
691 869 870 0
480 235 102 0
813 812 868 0
851 861 392 0
287 286 857 0
267 266 788 0
266 866 867 0
796 388 836 0
511 510 513 0
863 864 865 0
803 829 346 0
432 431 321 0
321 320 432 0
778 413 862 0
467 398 414 0
802 801 849 0
847 861 733 0
703 859 860 0
432 320 807 0
807 49 50 0
709 848 858 0
857 283 841 0
831 438 522 0
36 522 35 0
854 855 856 0
852 843 853 0
54 721 429 0
721 54 55 0
851 771 850 0
850 23 733 0
849 785 802 0
51 806 50 0
51 828 316 0
70 71 823 0
64 277 786 0
848 709 786 0
509 66 788 0
789 38 734 0
847 795 796 0
222 84 85 0
7 846 194 0
67 68 267 0
796 25 388 0
75 704 805 0
40 345 39 0
387 27 816 0
782 845 387 0
378 783 816 0
824 31 32 0
776 838 57 0
843 817 844 0
841 842 293 0
822 72 840 0
79 812 78 0
839 804 646 0
14 728 13 0
777 15 16 0
533 532 813 0
826 825 322 0
49 807 320 0
41 42 793 0
21 22 771 0
10 11 620 0
753 87 88 0
87 716 86 0
57 838 755 0
750 19 20 0
750 837 749 0
26 27 387 0
834 835 836 0
794 14 15 0
236 833 781 0
749 832 407 0
407 17 18 0
831 523 773 0
829 803 830 0
68 69 427 0
312 828 52 0
825 826 827 0
366 811 824 0
822 823 71 0
12 729 619 0
509 278 65 0
821 277 703 0
741 820 45 0
44 819 43 0
818 59 724 0
688 817 1 0
27 28 816 0
814 369 815 0
532 812 813 0
357 810 811 0
30 31 376 0
456 808 809 0
641 69 70 0
50 806 807 0
805 248 75 0
3 4 804 0
803 40 41 0
801 802 620 0
799 800 340 0
519 293 61 0
413 405 467 0
8 515 798 0
35 522 363 0
2 3 797 0
795 25 796 0
14 794 728 0
792 793 42 0
407 18 749 0
406 16 17 0
747 791 433 0
319 134 324 0
157 379 156 0
193 6 194 0
476 790 598 0
143 342 142 0
789 773 702 0
586 212 419 0
92 93 586 0
788 66 67 0
294 787 593 0
296 127 300 0
366 32 33 0
64 786 63 0
197 196 192 0
198 204 173 0
601 167 168 0
613 769 693 0
9 10 785 0
332 137 435 0
137 332 136 0
274 119 715 0
119 274 118 0
163 164 784 0
782 387 783 0
403 166 408 0
166 403 165 0
190 185 184 0
180 187 712 0
5 193 646 0
169 205 168 0
236 781 79 0
602 780 223 0
602 98 99 0
711 779 761 0
104 105 762 0
777 16 778 0
776 57 58 0
216 775 217 0
216 96 219 0
698 774 759 0
367 441 368 0
367 153 373 0
372 550 549 0
523 702 773 0
444 301 430 0
62 63 709 0
116 117 580 0
588 246 109 0
727 171 172 0
207 726 756 0
21 771 772 0
770 20 21 0
694 693 769 0
575 158 159 0
181 90 91 0
181 180 189 0
139 140 475 0
100 101 225 0
100 603 99 0
436 145 437 0
767 768 700 0
113 114 766 0
684 183 185 0
176 177 184 0
155 156 765 0
559 373 377 0
238 763 764 0
237 761 762 0
579 273 276 0
760 668 633 0
306 132 307 0
306 759 304 0
149 361 350 0
360 362 665 0
291 649 621 0
291 290 744 0
758 319 324 0
325 479 742 0
207 756 757 0
170 171 727 0
110 588 109 0
251 255 263 0
621 649 622 0
281 122 123 0
57 755 56 0
719 55 56 0
230 235 624 0
235 101 102 0
492 754 732 0
400 468 496 0
88 540 753 0
716 87 753 0
665 553 552 0
350 148 149 0
421 181 182 0
569 421 420 0
120 650 715 0
631 285 488 0
592 301 444 0
127 128 303 0
460 418 459 0
751 752 409 0
164 165 404 0
749 19 750 0
748 713 564 0
305 307 747 0
314 747 433 0
566 597 746 0
143 144 436 0
326 745 583 0
139 474 610 0
680 554 258 0
112 113 428 0
706 419 212 0
217 655 707 0
548 614 547 0
386 718 670 0
173 174 196 0
173 203 172 0
124 295 290 0
743 744 594 0
742 324 323 0
325 136 332 0
46 740 741 0
476 473 475 0
502 599 739 0
587 679 678 0
110 255 588 0
737 416 738 0
100 226 603 0
339 735 736 0
39 345 734 0
23 24 733 0
496 732 396 0
440 30 375 0
440 375 731 0
730 644 556 0
728 729 13 0
727 172 203 0
725 726 576 0
293 724 60 0
722 380 723 0
719 720 721 0
717 390 718 0
86 716 221 0
715 119 120 0
714 715 631 0
167 601 408 0
524 562 713 0
356 491 146 0
186 684 712 0
568 187 179 0
243 710 711 0
62 709 520 0
69 641 427 0
235 480 482 0
472 708 372 0
384 543 590 0
706 212 707 0
657 705 596 0
140 141 476 0
704 76 533 0
509 703 278 0
702 523 36 0
124 125 295 0
123 124 292 0
543 542 550 0
699 700 701 0
676 697 698 0
684 696 547 0
177 178 190 0
693 694 695 0
81 692 80 0
458 658 691 0
689 214 690 0
2 687 688 0
451 662 686 0
499 685 412 0
183 684 614 0
682 645 683 0
504 567 681 0
680 250 252 0
677 678 679 0
314 675 676 0
674 443 310 0
553 673 551 0
597 563 562 0
389 672 471 0
670 390 671 0
486 669 487 0
668 487 669 0
243 245 667 0
628 242 659 0
329 570 572 0
434 315 314 0
666 604 542 0
665 549 604 0
298 664 299 0
662 298 663 0
271 660 661 0
272 660 271 0
625 658 659 0
417 416 233 0
655 656 657 0
595 539 215 0
462 654 463 0
200 202 653 0
494 651 652 0
631 650 285 0
649 451 622 0
397 647 648 0
551 354 552 0
5 646 4 0
546 545 645 0
160 161 396 0
642 643 644 0
639 640 641 0
510 638 513 0
528 637 315 0
634 635 636 0
632 269 633 0
488 487 631 0
226 630 603 0
242 628 629 0
627 351 355 0
134 135 323 0
319 133 134 0
245 531 626 0
507 286 288 0
242 241 625 0
623 624 482 0
289 621 622 0
594 290 295 0
619 620 11 0
200 618 461 0
616 581 617 0
578 577 615 0
614 548 191 0
233 537 229 0
611 612 613 0
138 610 435 0
570 329 609 0
111 112 264 0
607 608 251 0
604 605 606 0
603 602 99 0
218 98 602 0
205 169 206 0
495 162 163 0
168 600 601 0
476 598 599 0
597 566 344 0
95 96 216 0
595 596 539 0
294 593 594 0
591 592 448 0
152 153 367 0
372 590 550 0
535 589 536 0
587 246 588 0
247 107 108 0
93 94 211 0
182 92 586 0
583 584 585 0
582 526 328 0
581 541 449 0
579 580 273 0
576 577 578 0
573 574 575 0
570 571 572 0
181 91 182 0
568 569 208 0
565 566 567 0
562 563 564 0
237 105 106 0
384 560 561 0
558 559 377 0
556 505 557 0
554 555 258 0
551 552 553 0
542 549 550 0
191 548 465 0
545 546 547 0
132 133 307 0
306 131 132 0
542 543 544 0
30 440 29 0
299 541 297 0
540 88 89 0
453 539 454 0
537 233 538 0
534 535 536 0
532 533 77 0
529 530 531 0
526 527 528 0
524 351 525 0
522 36 523 0
521 284 286 0
519 62 520 0
516 517 518 0
515 8 9 0
393 513 514 0
510 511 512 0
509 65 66 0
507 508 270 0
445 505 506 0
503 504 339 0
500 501 502 0
497 498 499 0
495 496 395 0
492 493 494 0
437 145 491 0
489 352 490 0
486 487 488 0
483 484 485 0
480 481 482 0
334 479 332 0
434 477 478 0
141 335 476 0
473 474 475 0
361 150 472 0
469 470 471 0
388 25 26 0
157 158 380 0
402 468 400 0
466 398 467 0
464 199 465 0
461 462 463 0
459 224 460 0
456 457 458 0
453 454 455 0
95 217 211 0
450 451 452 0
299 448 449 0
445 446 447 0
442 443 444 0
214 210 209 0
190 189 180 0
367 373 441 0
378 29 440 0
150 361 149 0
438 439 363 0
347 436 437 0
332 435 333 0
314 433 434 0
431 432 318 0
430 303 302 0
54 429 53 0
281 123 292 0
118 273 117 0
112 428 264 0
427 268 68 0
424 425 426 0
423 207 206 0
176 422 175 0
419 420 421 0
221 85 86 0
416 417 418 0
413 414 415 0
410 411 412 0
403 408 409 0
405 406 407 0
165 403 404 0
400 401 402 0
397 398 399 0
161 395 396 0
395 161 162 0
392 393 394 0
389 390 391 0
387 388 26 0
384 385 386 0
381 382 383 0
379 157 380 0
29 378 28 0
155 377 154 0
374 375 376 0
153 154 373 0
372 365 368 0
369 370 371 0
367 368 365 0
33 364 366 0
365 151 152 0
363 364 34 0
360 361 362 0
357 358 359 0
348 354 356 0
337 355 338 0
354 348 349 0
351 352 353 0
349 148 350 0
348 146 147 0
343 347 344 0
345 40 346 0
343 344 342 0
342 143 343 0
339 340 341 0
336 337 338 0
335 141 142 0
332 333 334 0
329 330 331 0
326 327 328 0
136 325 323 0
47 48 322 0
134 323 324 0
320 321 322 0
133 319 307 0
316 317 318 0
313 314 315 0
53 311 312 0
308 309 310 0
305 306 307 0
304 130 131 0
129 302 303 0
296 300 301 0
294 126 296 0
297 298 299 0
126 127 296 0
126 294 295 0
61 293 60 0
290 291 292 0
280 289 285 0
286 287 288 0
285 279 280 0
282 283 284 0
280 122 281 0
279 120 121 0
277 64 278 0
273 275 276 0
273 118 274 0
270 272 271 0
269 270 271 0
266 267 268 0
264 265 262 0
262 263 264 0
259 260 261 0
256 257 258 0
111 255 110 0
250 253 254 0
250 251 252 0
248 249 74 0
246 247 108 0
243 244 245 0
240 241 242 0
237 238 239 0
236 79 80 0
225 235 230 0
233 229 234 0
230 231 232 0
227 228 229 0
100 225 226 0
220 223 224 0
221 222 85 0
216 219 220 0
97 218 219 0
216 217 95 0
213 214 215 0
93 211 212 0
208 209 210 0
205 206 207 0
203 173 204 0
200 201 202 0
199 198 197 0
196 175 192 0
196 197 198 0
193 194 195 0
183 191 192 0
189 190 178 0
186 187 188 0
183 184 185 0
182 91 92 0
179 180 181 0
