700
  1.000000000000000e+00   0.000000000000000e+00   0.000000000000000e+00
  9.999596008278868e-01   8.988699134654487e-03   0.000000000000000e+00
  9.998384065757333e-01   1.797667199730214e-02   0.000000000000000e+00
  9.996364270358346e-01   2.696319237461772e-02   0.000000000000000e+00
  9.993536785278029e-01   3.594753417063436e-02   0.000000000000000e+00
  9.989901838972495e-01   4.492897146541099e-02   0.000000000000000e+00
  9.985459725139387e-01   5.390677857368542e-02   0.000000000000000e+00
  9.980210802694148e-01   6.288023010350852e-02   0.000000000000000e+00
  9.974155495741022e-01   7.184860101485467e-02   0.000000000000000e+00
  9.967294293538781e-01   8.081116667820386e-02   0.000000000000000e+00
  9.959627750461205e-01   8.976720293309040e-02   0.000000000000000e+00
  9.951156485952281e-01   9.871598614661412e-02   0.000000000000000e+00
  9.941881184476153e-01   1.076567932719085e-01   0.000000000000000e+00
  9.931802595461824e-01   1.165889019065618e-01   0.000000000000000e+00
  9.920921533242596e-01   1.255115903509859e-01   0.000000000000000e+00
  9.909238876990283e-01   1.344241376667284e-01   0.000000000000000e+00
  9.896755570644165e-01   1.433258237347233e-01   0.000000000000000e+00
  9.883472622834724e-01   1.522159293134756e-01   0.000000000000000e+00
  9.869391106802151e-01   1.610937360971745e-01   0.000000000000000e+00
  9.854512160309625e-01   1.699585267737314e-01   0.000000000000000e+00
  9.838836985551387e-01   1.788095850827379e-01   0.000000000000000e+00
  9.822366849055603e-01   1.876461958733379e-01   0.000000000000000e+00
  9.805103081582029e-01   1.964676451620109e-01   0.000000000000000e+00
  9.787047078014496e-01   2.052732201902608e-01   0.000000000000000e+00
  9.768200297248191e-01   2.140622094822053e-01   0.000000000000000e+00
  9.748564262071797e-01   2.228339029020621e-01   0.000000000000000e+00
  9.728140559044443e-01   2.315875917115270e-01   0.000000000000000e+00
  9.706930838367515e-01   2.403225686270381e-01   0.000000000000000e+00
  9.684936813751326e-01   2.490381278769239e-01   0.000000000000000e+00
  9.662160262276649e-01   2.577335652584281e-01   0.000000000000000e+00
  9.638603024251129e-01   2.664081781946078e-01   0.000000000000000e+00
  9.614267003060594e-01   2.750612657911010e-01   0.000000000000000e+00
  9.589154165015260e-01   2.836921288927574e-01   0.000000000000000e+00
  9.563266539190861e-01   2.923000701401292e-01   0.000000000000000e+00
  9.536606217264700e-01   3.008843940258164e-01   0.000000000000000e+00
  9.509175353346644e-01   3.094444069506627e-01   0.000000000000000e+00
  9.480976163805078e-01   3.179794172797974e-01   0.000000000000000e+00
  9.452010927087826e-01   3.264887353985176e-01   0.000000000000000e+00
  9.422281983538057e-01   3.349716737680091e-01   0.000000000000000e+00
  9.391791735205182e-01   3.434275469808974e-01   0.000000000000000e+00
  9.360542645650782e-01   3.518556718166279e-01   0.000000000000000e+00
  9.328537239749554e-01   3.602553672966690e-01   0.000000000000000e+00
  9.295778103485298e-01   3.686259547395338e-01   0.000000000000000e+00
  9.262267883741985e-01   3.769667578156166e-01   0.000000000000000e+00
  9.228009288089883e-01   3.852771026018396e-01   0.000000000000000e+00
  9.193005084566798e-01   3.935563176361040e-01   0.000000000000000e+00
  9.157258101454414e-01   4.018037339715436e-01   0.000000000000000e+00
  9.120771227049779e-01   4.100186852305743e-01   0.000000000000000e+00
  9.083547409431929e-01   4.182005076587364e-01   0.000000000000000e+00
  9.045589656223696e-01   4.263485401783250e-01   0.000000000000000e+00
  9.006901034348687e-01   4.344621244418039e-01   0.000000000000000e+00
  8.967484669783492e-01   4.425406048849987e-01   0.000000000000000e+00
  8.927343747305102e-01   4.505833287800660e-01   0.000000000000000e+00
  8.886481510233589e-01   4.585896462882317e-01   0.000000000000000e+00
  8.844901260170052e-01   4.665589105122979e-01   0.000000000000000e+00
  8.802606356729845e-01   4.744904775489107e-01   0.000000000000000e+00
  8.759600217271137e-01   4.823837065405862e-01   0.000000000000000e+00
  8.715886316618789e-01   4.902379597274915e-01   0.000000000000000e+00
  8.671468186783592e-01   4.980526024989739e-01   0.000000000000000e+00
  8.626349416676891e-01   5.058270034448366e-01   0.000000000000000e+00
  8.580533651820602e-01   5.135605344063560e-01   0.000000000000000e+00
  8.534024594052668e-01   5.212525705270352e-01   0.000000000000000e+00
  8.486826001227946e-01   5.289024903030923e-01   0.000000000000000e+00
  8.438941686914588e-01   5.365096756336755e-01   0.000000000000000e+00
  8.390375520085903e-01   5.440735118708060e-01   0.000000000000000e+00
  8.341131424807757e-01   5.515933878690399e-01   0.000000000000000e+00
  8.291213379921512e-01   5.590686960348478e-01   0.000000000000000e+00
  8.240625418722539e-01   5.664988323757073e-01   0.000000000000000e+00
  8.189371628634345e-01   5.738831965489044e-01   0.000000000000000e+00
  8.137456150878303e-01   5.812211919100411e-01   0.000000000000000e+00
  8.084883180139053e-01   5.885122255612422e-01   0.000000000000000e+00
  8.031656964225584e-01   5.957557083990608e-01   0.000000000000000e+00
  7.977781803728009e-01   6.029510551620775e-01   0.000000000000000e+00
  7.923262051670096e-01   6.100976844781872e-01   0.000000000000000e+00
  7.868102113157535e-01   6.171950189115749e-01   0.000000000000000e+00
  7.812306445022026e-01   6.242424850093697e-01   0.000000000000000e+00
  7.755879555461169e-01   6.312395133479799e-01   0.000000000000000e+00
  7.698826003674212e-01   6.381855385791014e-01   0.000000000000000e+00
  7.641150399493669e-01   6.450799994753963e-01   0.000000000000000e+00
  7.582857403012864e-01   6.519223389758401e-01   0.000000000000000e+00
  7.523951724209389e-01   6.587120042307303e-01   0.000000000000000e+00
  7.464438122564558e-01   6.654484466463566e-01   0.000000000000000e+00
  7.404321406678842e-01   6.721311219293260e-01   0.000000000000000e+00
  7.343606433883347e-01   6.787594901305403e-01   0.000000000000000e+00
  7.282298109847344e-01   6.853330156888241e-01   0.000000000000000e+00
  7.220401388181902e-01   6.918511674741964e-01   0.000000000000000e+00
  7.157921270039644e-01   6.983134188307858e-01   0.000000000000000e+00
  7.094862803710664e-01   7.047192476193824e-01   0.000000000000000e+00
  7.031231084214631e-01   7.110681362596269e-01   0.000000000000000e+00
  6.967031252889118e-01   7.173595717718297e-01   0.000000000000000e+00
  6.902268496974200e-01   7.235930458184181e-01   0.000000000000000e+00
  6.836948049193319e-01   7.297680547450106e-01   0.000000000000000e+00
  6.771075187330500e-01   7.358840996211103e-01   0.000000000000000e+00
  6.704655233803913e-01   7.419406862804182e-01   0.000000000000000e+00
  6.637693555235824e-01   7.479373253607605e-01   0.000000000000000e+00
  6.570195562018992e-01   7.538735323436282e-01   0.000000000000000e+00
  6.502166707879503e-01   7.597488275933265e-01   0.000000000000000e+00
  6.433612489436134e-01   7.655627363957274e-01   0.000000000000000e+00
  6.364538445756224e-01   7.713147889966259e-01   0.000000000000000e+00
  6.294950157908130e-01   7.770045206396962e-01   0.000000000000000e+00
  6.224853248510290e-01   7.826314716040423e-01   0.000000000000000e+00
  6.154253381276917e-01   7.881951872413433e-01   0.000000000000000e+00
  6.083156260560388e-01   7.936952180125879e-01   0.000000000000000e+00
  6.011567630890335e-01   7.991311195243967e-01   0.000000000000000e+00
  5.939493276509500e-01   8.045024525649281e-01   0.000000000000000e+00
  5.866939020906379e-01   8.098087831393662e-01   0.000000000000000e+00
  5.793910726344691e-01   8.150496825049866e-01   0.000000000000000e+00
  5.720414293389720e-01   8.202247272057981e-01   0.000000000000000e+00
  5.646455660431553e-01   8.253334991067579e-01   0.000000000000000e+00
  5.572040803205275e-01   8.303755854275553e-01   0.000000000000000e+00
  5.497175734308134e-01   8.353505787759641e-01   0.000000000000000e+00
  5.421866502713740e-01   8.402580771807593e-01   0.000000000000000e+00
  5.346119193283313e-01   8.450976841241951e-01   0.000000000000000e+00
  5.269939926274028e-01   8.498690085740443e-01   0.000000000000000e+00
  5.193334856844528e-01   8.545716650151912e-01   0.000000000000000e+00
  5.116310174557582e-01   8.592052734807821e-01   0.000000000000000e+00
  5.038872102879983e-01   8.637694595829252e-01   0.000000000000000e+00
  4.961026898679702e-01   8.682638545429405e-01   0.000000000000000e+00
  4.882780851720345e-01   8.726880952211571e-01   0.000000000000000e+00
  4.804140284152948e-01   8.770418241462538e-01   0.000000000000000e+00
  4.725111550005161e-01   8.813246895441420e-01   0.000000000000000e+00
  4.645701034667848e-01   8.855363453663891e-01   0.000000000000000e+00
  4.565915154379162e-01   8.896764513181784e-01   0.000000000000000e+00
  4.485760355706123e-01   8.937446728858041e-01   0.000000000000000e+00
  4.405243115023747e-01   8.977406813636991e-01   0.000000000000000e+00
  4.324369937991763e-01   9.016641538809953e-01   0.000000000000000e+00
  4.243147359028966e-01   9.055147734276096e-01   0.000000000000000e+00
  4.161581940785251e-01   9.092922288798583e-01   0.000000000000000e+00
  4.079680273611357e-01   9.129962150255956e-01   0.000000000000000e+00
  3.997448975026384e-01   9.166264325888738e-01   0.000000000000000e+00
  3.914894689183097e-01   9.201825882541246e-01   0.000000000000000e+00
  3.832024086331104e-01   9.236643946898585e-01   0.000000000000000e+00
  3.748843862277900e-01   9.270715705718805e-01   0.000000000000000e+00
  3.665360737847860e-01   9.304038406060209e-01   0.000000000000000e+00
  3.581581458339205e-01   9.336609355503785e-01   0.000000000000000e+00
  3.497512792979011e-01   9.368425922370746e-01   0.000000000000000e+00
  3.413161534376231e-01   9.399485535935171e-01   0.000000000000000e+00
  3.328534497972895e-01   9.429785686631713e-01   0.000000000000000e+00
  3.243638521493423e-01   9.459323926258364e-01   0.000000000000000e+00
  3.158480464392143e-01   9.488097868174273e-01   0.000000000000000e+00
  3.073067207299073e-01   9.516105187492574e-01   0.000000000000000e+00
  2.987405651463955e-01   9.543343621268241e-01   0.000000000000000e+00
  2.901502718198665e-01   9.569810968680925e-01   0.000000000000000e+00
  2.815365348317977e-01   9.595505091212780e-01   0.000000000000000e+00
  2.729000501578747e-01   9.620423912821251e-01   0.000000000000000e+00
  2.642415156117603e-01   9.644565420106807e-01   0.000000000000000e+00
  2.555616307887085e-01   9.667927662475635e-01   0.000000000000000e+00
  2.468610970090410e-01   9.690508752297233e-01   0.000000000000000e+00
  2.381406172614813e-01   9.712306865056934e-01   0.000000000000000e+00
  2.294008961463536e-01   9.733320239503321e-01   0.000000000000000e+00
  2.206426398186537e-01   9.753547177790529e-01   0.000000000000000e+00
  2.118665559309904e-01   9.772986045615437e-01   0.000000000000000e+00
  2.030733535764109e-01   9.791635272349711e-01   0.000000000000000e+00
  1.942637432311060e-01   9.809493351166710e-01   0.000000000000000e+00
  1.854384366970045e-01   9.826558839163235e-01   0.000000000000000e+00
  1.765981470442622e-01   9.842830357476111e-01   0.000000000000000e+00
  1.677435885536453e-01   9.858306591393602e-01   0.000000000000000e+00
  1.588754766588186e-01   9.872986290461631e-01   0.000000000000000e+00
  1.499945278885397e-01   9.886868268584821e-01   0.000000000000000e+00
  1.411014598087644e-01   9.899951404122324e-01   0.000000000000000e+00
  1.321969909646686e-01   9.912234639978451e-01   0.000000000000000e+00
  1.232818408225911e-01   9.923716983688085e-01   0.000000000000000e+00
  1.143567297119020e-01   9.934397507496864e-01   0.000000000000000e+00
  1.054223787668010e-01   9.944275348436150e-01   0.000000000000000e+00
  9.647950986805105e-02   9.953349708392751e-01   0.000000000000000e+00
  8.752884558465240e-02   9.961619854173407e-01   0.000000000000000e+00
  7.857110911545800e-02   9.969085117564033e-01   0.000000000000000e+00
  6.960702423074328e-02   9.975744895383706e-01   0.000000000000000e+00
  6.063731521372394e-02   9.981598649533407e-01   0.000000000000000e+00
  5.166270680203745e-02   9.986645907039494e-01   0.000000000000000e+00
  4.268392412918287e-02   9.990886260091916e-01   0.000000000000000e+00
  3.370169266593357e-02   9.994319366077167e-01   0.000000000000000e+00
  2.471673816171923e-02   9.996944947605969e-01   0.000000000000000e+00
  1.572978658598675e-02   9.998762792535681e-01   0.000000000000000e+00
  6.741564069543087e-03   9.999772753987444e-01   0.000000000000000e+00
 -2.247203154114894e-03   9.999974750358044e-01   0.000000000000000e+00
 -1.123578880747888e-02   9.999368765326508e-01   0.000000000000000e+00
 -2.022346662771137e-02   9.997954847855425e-01   0.000000000000000e+00
 -2.920951042532582e-02   9.995733112186983e-01   0.000000000000000e+00
 -3.819319414286179e-02   9.992703737833748e-01   0.000000000000000e+00
 -4.717379191355053e-02   9.988866969564151e-01   0.000000000000000e+00
 -5.615057811996176e-02   9.984223117382715e-01   0.000000000000000e+00
 -6.512282745263355e-02   9.978772556505006e-01   0.000000000000000e+00
 -7.408981496867605e-02   9.972515727327319e-01   0.000000000000000e+00
 -8.305081615034457e-02   9.965453135391094e-01   0.000000000000000e+00
 -9.200510696358173e-02   9.957585351342061e-01   0.000000000000000e+00
 -1.009519639165158e-01   9.948913010884146e-01   0.000000000000000e+00
 -1.098906641179193e-01   9.939436814728100e-01   0.000000000000000e+00
 -1.188204853356161e-01   9.929157528534879e-01   0.000000000000000e+00
 -1.277407060548372e-01   9.918075982853790e-01   0.000000000000000e+00
 -1.366506055365189e-01   9.906193073055374e-01   0.000000000000000e+00
 -1.455494638755358e-01   9.893509759259067e-01   0.000000000000000e+00
 -1.544365620588684e-01   9.880027066255624e-01   0.000000000000000e+00
 -1.633111820236989e-01   9.865746083424316e-01   0.000000000000000e+00
 -1.721726067154278e-01   9.850667964644908e-01   0.000000000000000e+00
 -1.810201201456131e-01   9.834793928204433e-01   0.000000000000000e+00
 -1.898530074498190e-01   9.818125256698750e-01   0.000000000000000e+00
 -1.986705549453766e-01   9.800663296928919e-01   0.000000000000000e+00
 -2.074720501890482e-01   9.782409459792373e-01   0.000000000000000e+00
 -2.162567820345911e-01   9.763365220168932e-01   0.000000000000000e+00
 -2.250240406902178e-01   9.743532116801623e-01   0.000000000000000e+00
 -2.337731177759456e-01   9.722911752172360e-01   0.000000000000000e+00
 -2.425033063808325e-01   9.701505792372461e-01   0.000000000000000e+00
 -2.512139011200946e-01   9.679315966968034e-01   0.000000000000000e+00
 -2.599041981920990e-01   9.656344068860233e-01   0.000000000000000e+00
 -2.685734954352323e-01   9.632591954140387e-01   0.000000000000000e+00
 -2.772210923846313e-01   9.608061541940037e-01   0.000000000000000e+00
 -2.858462903287809e-01   9.582754814275873e-01   0.000000000000000e+00
 -2.944483923659690e-01   9.556673815889587e-01   0.000000000000000e+00
 -3.030267034605935e-01   9.529820654082665e-01   0.000000000000000e+00
 -3.115805304993220e-01   9.502197498546119e-01   0.000000000000000e+00
 -3.201091823470930e-01   9.473806581185177e-01   0.000000000000000e+00
 -3.286119699029588e-01   9.444650195938953e-01   0.000000000000000e+00
 -3.370882061557631e-01   9.414730698595100e-01   0.000000000000000e+00
 -3.455372062396519e-01   9.384050506599463e-01   0.000000000000000e+00
 -3.539582874894079e-01   9.352612098860754e-01   0.000000000000000e+00
 -3.623507694956096e-01   9.320418015550266e-01   0.000000000000000e+00
 -3.707139741596071e-01   9.287470857896623e-01   0.000000000000000e+00
 -3.790472257483104e-01   9.253773287975611e-01   0.000000000000000e+00
 -3.873498509487900e-01   9.219328028495082e-01   0.000000000000000e+00
 -3.956211789226765e-01   9.184137862574971e-01   0.000000000000000e+00
 -4.038605413603650e-01   9.148205633522417e-01   0.000000000000000e+00
 -4.120672725350135e-01   9.111534244602030e-01   0.000000000000000e+00
 -4.202407093563306e-01   9.074126658801320e-01   0.000000000000000e+00
 -4.283801914241556e-01   9.035985898591276e-01   0.000000000000000e+00
 -4.364850610818145e-01   8.997115045682169e-01   0.000000000000000e+00
 -4.445546634692580e-01   8.957517240774560e-01   0.000000000000000e+00
 -4.525883465759750e-01   8.917195683305515e-01   0.000000000000000e+00
 -4.605854612936726e-01   8.876153631190117e-01   0.000000000000000e+00
 -4.685453614687228e-01   8.834394400558218e-01   0.000000000000000e+00
 -4.764674039543713e-01   8.791921365486511e-01   0.000000000000000e+00
 -4.843509486627025e-01   8.748737957725904e-01   0.000000000000000e+00
 -4.921953586163572e-01   8.704847666424240e-01   0.000000000000000e+00
 -4.999999999999998e-01   8.660254037844387e-01   0.000000000000000e+00
 -5.077642422115292e-01   8.614960675077696e-01   0.000000000000000e+00
 -5.154874579130304e-01   8.568971237752883e-01   0.000000000000000e+00
 -5.231690230814628e-01   8.522289441740335e-01   0.000000000000000e+00
 -5.308083170590797e-01   8.474919058851875e-01   0.000000000000000e+00
 -5.384047226035765e-01   8.426863916536007e-01   0.000000000000000e+00
 -5.459576259379633e-01   8.378127897568662e-01   0.000000000000000e+00
 -5.534664168001565e-01   8.328714939739477e-01   0.000000000000000e+00
 -5.609304884922873e-01   8.278629035533625e-01   0.000000000000000e+00
 -5.683492379297218e-01   8.227874231809238e-01   0.000000000000000e+00
 -5.757220656897892e-01   8.176454629470417e-01   0.000000000000000e+00
 -5.830483760602142e-01   8.124374383135892e-01   0.000000000000000e+00
 -5.903275770872497e-01   8.071637700803334e-01   0.000000000000000e+00
 -5.975590806235056e-01   8.018248843509352e-01   0.000000000000000e+00
 -6.047423023754693e-01   7.964212124985223e-01   0.000000000000000e+00
 -6.118766619507174e-01   7.909531911308326e-01   0.000000000000000e+00
 -6.189615829048092e-01   7.854212620549389e-01   0.000000000000000e+00
 -6.259964927878624e-01   7.798258722415510e-01   0.000000000000000e+00
 -6.329808231908067e-01   7.741674737889009e-01   0.000000000000000e+00
 -6.399140097913103e-01   7.684465238862148e-01   0.000000000000000e+00
 -6.467954923993756e-01   7.626634847767718e-01   0.000000000000000e+00
 -6.536247150026013e-01   7.568188237205574e-01   0.000000000000000e+00
 -6.604011258111097e-01   7.509130129565068e-01   0.000000000000000e+00
 -6.671241773021271e-01   7.449465296643512e-01   0.000000000000000e+00
 -6.737933262642253e-01   7.389198559260614e-01   0.000000000000000e+00
 -6.804080338412103e-01   7.328334786868967e-01   0.000000000000000e+00
 -6.869677655756627e-01   7.266878897160605e-01   0.000000000000000e+00
 -6.934719914521196e-01   7.204835855669658e-01   0.000000000000000e+00
 -6.999201859398998e-01   7.142210675371150e-01   0.000000000000000e+00
 -7.063118280355654e-01   7.079008416275955e-01   0.000000000000000e+00
 -7.126464013050180e-01   7.015234185021959e-01   0.000000000000000e+00
 -7.189233939252264e-01   6.950893134461454e-01   0.000000000000000e+00
 -7.251422987255799e-01   6.885990463244789e-01   0.000000000000000e+00
 -7.313026132288678e-01   6.820531415400335e-01   0.000000000000000e+00
 -7.374038396918787e-01   6.754521279910768e-01   0.000000000000000e+00
 -7.434454851456163e-01   6.687965390285743e-01   0.000000000000000e+00
 -7.494270614351308e-01   6.620869124130945e-01   0.000000000000000e+00
 -7.553480852589632e-01   6.553237902713575e-01   0.000000000000000e+00
 -7.612080782081921e-01   6.485077190524342e-01   0.000000000000000e+00
 -7.670065668050899e-01   6.416392494835935e-01   0.000000000000000e+00
 -7.727430825413794e-01   6.347189365258035e-01   0.000000000000000e+00
 -7.784171619160866e-01   6.277473393288937e-01   0.000000000000000e+00
 -7.840283464729937e-01   6.207250211863732e-01   0.000000000000000e+00
 -7.895761828376792e-01   6.136525494899209e-01   0.000000000000000e+00
 -7.950602227541508e-01   6.065304956835396e-01   0.000000000000000e+00
 -8.004800231210638e-01   5.993594352173837e-01   0.000000000000000e+00
 -8.058351460275217e-01   5.921399475012665e-01   0.000000000000000e+00
 -8.111251587884615e-01   5.848726158578406e-01   0.000000000000000e+00
 -8.163496339796107e-01   5.775580274754699e-01   0.000000000000000e+00
 -8.215081494720244e-01   5.701967733607846e-01   0.000000000000000e+00
 -8.266002884661926e-01   5.627894482909280e-01   0.000000000000000e+00
 -8.316256395257151e-01   5.553366507655022e-01   0.000000000000000e+00
 -8.365837966105479e-01   5.478389829582059e-01   0.000000000000000e+00
 -8.414743591098079e-01   5.402970506681838e-01   0.000000000000000e+00
 -8.462969318741429e-01   5.327114632710773e-01   0.000000000000000e+00
 -8.510511252476589e-01   5.250828336697874e-01   0.000000000000000e+00
 -8.557365550994022e-01   5.174117782449563e-01   0.000000000000000e+00
 -8.603528428543996e-01   5.096989168051593e-01   0.000000000000000e+00
 -8.648996155242439e-01   5.019448725368306e-01   0.000000000000000e+00
 -8.693765057372317e-01   4.941502719539079e-01   0.000000000000000e+00
 -8.737831517680468e-01   4.863157448472119e-01   0.000000000000000e+00
 -8.781191975669856e-01   4.784419242335617e-01   0.000000000000000e+00
 -8.823842927887279e-01   4.705294463046246e-01   0.000000000000000e+00
 -8.865780928206413e-01   4.625789503755162e-01   0.000000000000000e+00
 -8.907002588106274e-01   4.545910788331435e-01   0.000000000000000e+00
 -8.947504576944998e-01   4.465664770843006e-01   0.000000000000000e+00
 -8.987283622228941e-01   4.385057935035231e-01   0.000000000000000e+00
 -9.026336509877118e-01   4.304096793806964e-01   0.000000000000000e+00
 -9.064660084480864e-01   4.222787888684366e-01   0.000000000000000e+00
 -9.102251249558810e-01   4.141137789292343e-01   0.000000000000000e+00
 -9.139106967807060e-01   4.059153092823728e-01   0.000000000000000e+00
 -9.175224261344600e-01   3.976840423506259e-01   0.000000000000000e+00
 -9.210600211953918e-01   3.894206432067315e-01   0.000000000000000e+00
 -9.245231961316779e-01   3.811257795196583e-01   0.000000000000000e+00
 -9.279116711245176e-01   3.728001215006579e-01   0.000000000000000e+00
 -9.312251723907421e-01   3.644443418491124e-01   0.000000000000000e+00
 -9.344634322049352e-01   3.560591156981837e-01   0.000000000000000e+00
 -9.376261889210663e-01   3.476451205602589e-01   0.000000000000000e+00
 -9.407131869936290e-01   3.392030362722149e-01   0.000000000000000e+00
 -9.437241769982907e-01   3.307335449404836e-01   0.000000000000000e+00
 -9.466589156520445e-01   3.222373308859409e-01   0.000000000000000e+00
 -9.495171658328664e-01   3.137150805886146e-01   0.000000000000000e+00
 -9.522986965988743e-01   3.051674826322179e-01   0.000000000000000e+00
 -9.550032832069881e-01   2.965952276485129e-01   0.000000000000000e+00
 -9.576307071310880e-01   2.879990082615083e-01   0.000000000000000e+00
 -9.601807560796712e-01   2.793795190314974e-01   0.000000000000000e+00
 -9.626532240130052e-01   2.707374563989379e-01   0.000000000000000e+00
 -9.650479111597746e-01   2.620735186281813e-01   0.000000000000000e+00
 -9.673646240332232e-01   2.533884057510539e-01   0.000000000000000e+00
 -9.696031754467866e-01   2.446828195102957e-01   0.000000000000000e+00
 -9.717633845292173e-01   2.359574633028600e-01   0.000000000000000e+00
 -9.738450767391980e-01   2.272130421230824e-01   0.000000000000000e+00
 -9.758480838794451e-01   2.184502625057142e-01   0.000000000000000e+00
 -9.777722441102983e-01   2.096698324688396e-01   0.000000000000000e+00
 -9.796174019627968e-01   2.008724614566674e-01   0.000000000000000e+00
 -9.813834083512413e-01   1.920588602822083e-01   0.000000000000000e+00
 -9.830701205852396e-01   1.832297410698453e-01   0.000000000000000e+00
 -9.846774023812361e-01   1.743858171977903e-01   0.000000000000000e+00
 -9.862051238735233e-01   1.655278032404484e-01   0.000000000000000e+00
 -9.876531616247336e-01   1.566564149106824e-01   0.000000000000000e+00
 -9.890213986358146e-01   1.477723690019788e-01   0.000000000000000e+00
 -9.903097243554815e-01   1.388763833305374e-01   0.000000000000000e+00
 -9.915180346891489e-01   1.299691766772708e-01   0.000000000000000e+00
 -9.926462320073429e-01   1.210514687297277e-01   0.000000000000000e+00
 -9.936942251535881e-01   1.121239800239459e-01   0.000000000000000e+00
 -9.946619294517735e-01   1.031874318862297e-01   0.000000000000000e+00
 -9.955492667129940e-01   9.424254637487214e-02   0.000000000000000e+00
 -9.963561652418683e-01   8.529004622181179e-02   0.000000000000000e+00
 -9.970825598423313e-01   7.633065477423726e-02   0.000000000000000e+00
 -9.977283918229020e-01   6.736509593614413e-02   0.000000000000000e+00
 -9.982936090014255e-01   5.839409410984028e-02   0.000000000000000e+00
 -9.987781657092900e-01   4.941837413741975e-02   0.000000000000000e+00
 -9.991820227951157e-01   4.043866124219454e-02   0.000000000000000e+00
 -9.995051476279186e-01   3.145568097009824e-02   0.000000000000000e+00
 -9.997475140997475e-01   2.247015913106304e-02   0.000000000000000e+00
 -9.999091026277925e-01   1.348282174037553e-02   0.000000000000000e+00
 -9.999899001559682e-01   4.494394960015912e-03   0.000000000000000e+00
 -9.999899001559682e-01  -4.494394960014779e-03   0.000000000000000e+00
 -9.999091026277925e-01  -1.348282174037440e-02   0.000000000000000e+00
 -9.997475140997475e-01  -2.247015913106190e-02   0.000000000000000e+00
 -9.995051476279186e-01  -3.145568097009755e-02   0.000000000000000e+00
 -9.991820227951157e-01  -4.043866124219386e-02   0.000000000000000e+00
 -9.987781657092900e-01  -4.941837413741906e-02   0.000000000000000e+00
 -9.982936090014256e-01  -5.839409410984004e-02   0.000000000000000e+00
 -9.977283918229020e-01  -6.736509593614345e-02   0.000000000000000e+00
 -9.970825598423313e-01  -7.633065477423702e-02   0.000000000000000e+00
 -9.963561652418684e-01  -8.529004622181111e-02   0.000000000000000e+00
 -9.955492667129940e-01  -9.424254637487146e-02   0.000000000000000e+00
 -9.946619294517735e-01  -1.031874318862295e-01   0.000000000000000e+00
 -9.936942251535882e-01  -1.121239800239453e-01   0.000000000000000e+00
 -9.926462320073430e-01  -1.210514687297274e-01   0.000000000000000e+00
 -9.915180346891490e-01  -1.299691766772701e-01   0.000000000000000e+00
 -9.903097243554815e-01  -1.388763833305368e-01   0.000000000000000e+00
 -9.890213986358147e-01  -1.477723690019786e-01   0.000000000000000e+00
 -9.876531616247337e-01  -1.566564149106817e-01   0.000000000000000e+00
 -9.862051238735233e-01  -1.655278032404481e-01   0.000000000000000e+00
 -9.846774023812364e-01  -1.743858171977892e-01   0.000000000000000e+00
 -9.830701205852398e-01  -1.832297410698442e-01   0.000000000000000e+00
 -9.813834083512413e-01  -1.920588602822081e-01   0.000000000000000e+00
 -9.796174019627970e-01  -2.008724614566663e-01   0.000000000000000e+00
 -9.777722441102985e-01  -2.096698324688385e-01   0.000000000000000e+00
 -9.758480838794453e-01  -2.184502625057135e-01   0.000000000000000e+00
 -9.738450767391982e-01  -2.272130421230817e-01   0.000000000000000e+00
 -9.717633845292173e-01  -2.359574633028602e-01   0.000000000000000e+00
 -9.696031754467868e-01  -2.446828195102951e-01   0.000000000000000e+00
 -9.673646240332233e-01  -2.533884057510533e-01   0.000000000000000e+00
 -9.650479111597748e-01  -2.620735186281806e-01   0.000000000000000e+00
 -9.626532240130055e-01  -2.707374563989372e-01   0.000000000000000e+00
 -9.601807560796713e-01  -2.793795190314971e-01   0.000000000000000e+00
 -9.576307071310882e-01  -2.879990082615076e-01   0.000000000000000e+00
 -9.550032832069884e-01  -2.965952276485122e-01   0.000000000000000e+00
 -9.522986965988746e-01  -3.051674826322173e-01   0.000000000000000e+00
 -9.495171658328666e-01  -3.137150805886140e-01   0.000000000000000e+00
 -9.466589156520445e-01  -3.222373308859406e-01   0.000000000000000e+00
 -9.437241769982909e-01  -3.307335449404829e-01   0.000000000000000e+00
 -9.407131869936293e-01  -3.392030362722143e-01   0.000000000000000e+00
 -9.376261889210665e-01  -3.476451205602583e-01   0.000000000000000e+00
 -9.344634322049356e-01  -3.560591156981826e-01   0.000000000000000e+00
 -9.312251723907422e-01  -3.644443418491122e-01   0.000000000000000e+00
 -9.279116711245179e-01  -3.728001215006568e-01   0.000000000000000e+00
 -9.245231961316782e-01  -3.811257795196572e-01   0.000000000000000e+00
 -9.210600211953922e-01  -3.894206432067304e-01   0.000000000000000e+00
 -9.175224261344602e-01  -3.976840423506253e-01   0.000000000000000e+00
 -9.139106967807061e-01  -4.059153092823726e-01   0.000000000000000e+00
 -9.102251249558814e-01  -4.141137789292337e-01   0.000000000000000e+00
 -9.064660084480868e-01  -4.222787888684360e-01   0.000000000000000e+00
 -9.026336509877120e-01  -4.304096793806957e-01   0.000000000000000e+00
 -8.987283622228944e-01  -4.385057935035225e-01   0.000000000000000e+00
 -8.947504576944997e-01  -4.465664770843008e-01   0.000000000000000e+00
 -8.907002588106278e-01  -4.545910788331429e-01   0.000000000000000e+00
 -8.865780928206416e-01  -4.625789503755156e-01   0.000000000000000e+00
 -8.823842927887282e-01  -4.705294463046240e-01   0.000000000000000e+00
 -8.781191975669860e-01  -4.784419242335611e-01   0.000000000000000e+00
 -8.737831517680468e-01  -4.863157448472120e-01   0.000000000000000e+00
 -8.693765057372320e-01  -4.941502719539073e-01   0.000000000000000e+00
 -8.648996155242442e-01  -5.019448725368300e-01   0.000000000000000e+00
 -8.603528428543999e-01  -5.096989168051588e-01   0.000000000000000e+00
 -8.557365550994025e-01  -5.174117782449557e-01   0.000000000000000e+00
 -8.510511252476588e-01  -5.250828336697876e-01   0.000000000000000e+00
 -8.462969318741435e-01  -5.327114632710763e-01   0.000000000000000e+00
 -8.414743591098085e-01  -5.402970506681828e-01   0.000000000000000e+00
 -8.365837966105486e-01  -5.478389829582049e-01   0.000000000000000e+00
 -8.316256395257158e-01  -5.553366507655012e-01   0.000000000000000e+00
 -8.266002884661928e-01  -5.627894482909278e-01   0.000000000000000e+00
 -8.215081494720249e-01  -5.701967733607840e-01   0.000000000000000e+00
 -8.163496339796111e-01  -5.775580274754694e-01   0.000000000000000e+00
 -8.111251587884616e-01  -5.848726158578403e-01   0.000000000000000e+00
 -8.058351460275222e-01  -5.921399475012660e-01   0.000000000000000e+00
 -8.004800231210639e-01  -5.993594352173836e-01   0.000000000000000e+00
 -7.950602227541512e-01  -6.065304956835390e-01   0.000000000000000e+00
 -7.895761828376796e-01  -6.136525494899203e-01   0.000000000000000e+00
 -7.840283464729938e-01  -6.207250211863730e-01   0.000000000000000e+00
 -7.784171619160870e-01  -6.277473393288932e-01   0.000000000000000e+00
 -7.727430825413796e-01  -6.347189365258032e-01   0.000000000000000e+00
 -7.670065668050904e-01  -6.416392494835930e-01   0.000000000000000e+00
 -7.612080782081926e-01  -6.485077190524337e-01   0.000000000000000e+00
 -7.553480852589634e-01  -6.553237902713572e-01   0.000000000000000e+00
 -7.494270614351313e-01  -6.620869124130939e-01   0.000000000000000e+00
 -7.434454851456165e-01  -6.687965390285741e-01   0.000000000000000e+00
 -7.374038396918792e-01  -6.754521279910763e-01   0.000000000000000e+00
 -7.313026132288686e-01  -6.820531415400326e-01   0.000000000000000e+00
 -7.251422987255803e-01  -6.885990463244784e-01   0.000000000000000e+00
 -7.189233939252272e-01  -6.950893134461446e-01   0.000000000000000e+00
 -7.126464013050189e-01  -7.015234185021951e-01   0.000000000000000e+00
 -7.063118280355661e-01  -7.079008416275947e-01   0.000000000000000e+00
 -6.999201859399002e-01  -7.142210675371145e-01   0.000000000000000e+00
 -6.934719914521198e-01  -7.204835855669657e-01   0.000000000000000e+00
 -6.869677655756632e-01  -7.266878897160600e-01   0.000000000000000e+00
 -6.804080338412108e-01  -7.328334786868963e-01   0.000000000000000e+00
 -6.737933262642257e-01  -7.389198559260609e-01   0.000000000000000e+00
 -6.671241773021277e-01  -7.449465296643507e-01   0.000000000000000e+00
 -6.604011258111098e-01  -7.509130129565066e-01   0.000000000000000e+00
 -6.536247150026021e-01  -7.568188237205566e-01   0.000000000000000e+00
 -6.467954923993762e-01  -7.626634847767714e-01   0.000000000000000e+00
 -6.399140097913111e-01  -7.684465238862140e-01   0.000000000000000e+00
 -6.329808231908076e-01  -7.741674737889003e-01   0.000000000000000e+00
 -6.259964927878626e-01  -7.798258722415508e-01   0.000000000000000e+00
 -6.189615829048094e-01  -7.854212620549388e-01   0.000000000000000e+00
 -6.118766619507177e-01  -7.909531911308324e-01   0.000000000000000e+00
 -6.047423023754696e-01  -7.964212124985222e-01   0.000000000000000e+00
 -5.975590806235058e-01  -8.018248843509351e-01   0.000000000000000e+00
 -5.903275770872503e-01  -8.071637700803330e-01   0.000000000000000e+00
 -5.830483760602148e-01  -8.124374383135888e-01   0.000000000000000e+00
 -5.757220656897898e-01  -8.176454629470412e-01   0.000000000000000e+00
 -5.683492379297224e-01  -8.227874231809233e-01   0.000000000000000e+00
 -5.609304884922879e-01  -8.278629035533621e-01   0.000000000000000e+00
 -5.534664168001571e-01  -8.328714939739472e-01   0.000000000000000e+00
 -5.459576259379639e-01  -8.378127897568659e-01   0.000000000000000e+00
 -5.384047226035771e-01  -8.426863916536004e-01   0.000000000000000e+00
 -5.308083170590803e-01  -8.474919058851872e-01   0.000000000000000e+00
 -5.231690230814634e-01  -8.522289441740331e-01   0.000000000000000e+00
 -5.154874579130310e-01  -8.568971237752879e-01   0.000000000000000e+00
 -5.077642422115297e-01  -8.614960675077693e-01   0.000000000000000e+00
 -5.000000000000004e-01  -8.660254037844385e-01   0.000000000000000e+00
 -4.921953586163578e-01  -8.704847666424237e-01   0.000000000000000e+00
 -4.843509486627031e-01  -8.748737957725901e-01   0.000000000000000e+00
 -4.764674039543719e-01  -8.791921365486508e-01   0.000000000000000e+00
 -4.685453614687234e-01  -8.834394400558214e-01   0.000000000000000e+00
 -4.605854612936732e-01  -8.876153631190113e-01   0.000000000000000e+00
 -4.525883465759756e-01  -8.917195683305512e-01   0.000000000000000e+00
 -4.445546634692586e-01  -8.957517240774556e-01   0.000000000000000e+00
 -4.364850610818151e-01  -8.997115045682167e-01   0.000000000000000e+00
 -4.283801914241566e-01  -9.035985898591271e-01   0.000000000000000e+00
 -4.202407093563316e-01  -9.074126658801315e-01   0.000000000000000e+00
 -4.120672725350141e-01  -9.111534244602028e-01   0.000000000000000e+00
 -4.038605413603659e-01  -9.148205633522414e-01   0.000000000000000e+00
 -3.956211789226773e-01  -9.184137862574967e-01   0.000000000000000e+00
 -3.873498509487909e-01  -9.219328028495078e-01   0.000000000000000e+00
 -3.790472257483115e-01  -9.253773287975606e-01   0.000000000000000e+00
 -3.707139741596079e-01  -9.287470857896619e-01   0.000000000000000e+00
 -3.623507694956107e-01  -9.320418015550263e-01   0.000000000000000e+00
 -3.539582874894090e-01  -9.352612098860750e-01   0.000000000000000e+00
 -3.455372062396529e-01  -9.384050506599458e-01   0.000000000000000e+00
 -3.370882061557641e-01  -9.414730698595096e-01   0.000000000000000e+00
 -3.286119699029597e-01  -9.444650195938949e-01   0.000000000000000e+00
 -3.201091823470940e-01  -9.473806581185172e-01   0.000000000000000e+00
 -3.115805304993230e-01  -9.502197498546114e-01   0.000000000000000e+00
 -3.030267034605946e-01  -9.529820654082661e-01   0.000000000000000e+00
 -2.944483923659692e-01  -9.556673815889586e-01   0.000000000000000e+00
 -2.858462903287814e-01  -9.582754814275872e-01   0.000000000000000e+00
 -2.772210923846317e-01  -9.608061541940036e-01   0.000000000000000e+00
 -2.685734954352327e-01  -9.632591954140386e-01   0.000000000000000e+00
 -2.599041981920995e-01  -9.656344068860232e-01   0.000000000000000e+00
 -2.512139011200948e-01  -9.679315966968034e-01   0.000000000000000e+00
 -2.425033063808329e-01  -9.701505792372460e-01   0.000000000000000e+00
 -2.337731177759461e-01  -9.722911752172358e-01   0.000000000000000e+00
 -2.250240406902183e-01  -9.743532116801622e-01   0.000000000000000e+00
 -2.162567820345915e-01  -9.763365220168931e-01   0.000000000000000e+00
 -2.074720501890478e-01  -9.782409459792374e-01   0.000000000000000e+00
 -1.986705549453772e-01  -9.800663296928916e-01   0.000000000000000e+00
 -1.898530074498197e-01  -9.818125256698749e-01   0.000000000000000e+00
 -1.810201201456138e-01  -9.834793928204432e-01   0.000000000000000e+00
 -1.721726067154285e-01  -9.850667964644907e-01   0.000000000000000e+00
 -1.633111820236985e-01  -9.865746083424316e-01   0.000000000000000e+00
 -1.544365620588691e-01  -9.880027066255623e-01   0.000000000000000e+00
 -1.455494638755364e-01  -9.893509759259066e-01   0.000000000000000e+00
 -1.366506055365196e-01  -9.906193073055373e-01   0.000000000000000e+00
 -1.277407060548379e-01  -9.918075982853789e-01   0.000000000000000e+00
 -1.188204853356166e-01  -9.929157528534879e-01   0.000000000000000e+00
 -1.098906641179200e-01  -9.939436814728099e-01   0.000000000000000e+00
 -1.009519639165168e-01  -9.948913010884145e-01   0.000000000000000e+00
 -9.200510696358263e-02  -9.957585351342060e-01   0.000000000000000e+00
 -8.305081615034549e-02  -9.965453135391092e-01   0.000000000000000e+00
 -7.408981496867673e-02  -9.972515727327319e-01   0.000000000000000e+00
 -6.512282745263447e-02  -9.978772556505006e-01   0.000000000000000e+00
 -5.615057811996267e-02  -9.984223117382713e-01   0.000000000000000e+00
 -4.717379191355144e-02  -9.988866969564151e-01   0.000000000000000e+00
 -3.819319414286271e-02  -9.992703737833748e-01   0.000000000000000e+00
 -2.920951042532651e-02  -9.995733112186983e-01   0.000000000000000e+00
 -2.022346662771228e-02  -9.997954847855425e-01   0.000000000000000e+00
 -1.123578880748002e-02  -9.999368765326508e-01   0.000000000000000e+00
 -2.247203154116027e-03  -9.999974750358044e-01   0.000000000000000e+00
  6.741564069541954e-03  -9.999772753987444e-01   0.000000000000000e+00
  1.572978658598562e-02  -9.998762792535681e-01   0.000000000000000e+00
  2.471673816171810e-02  -9.996944947605969e-01   0.000000000000000e+00
  3.370169266593244e-02  -9.994319366077167e-01   0.000000000000000e+00
  4.268392412918174e-02  -9.990886260091916e-01   0.000000000000000e+00
  5.166270680203632e-02  -9.986645907039494e-01   0.000000000000000e+00
  6.063731521372303e-02  -9.981598649533409e-01   0.000000000000000e+00
  6.960702423074214e-02  -9.975744895383707e-01   0.000000000000000e+00
  7.857110911545688e-02  -9.969085117564034e-01   0.000000000000000e+00
  8.752884558465193e-02  -9.961619854173407e-01   0.000000000000000e+00
  9.647950986805082e-02  -9.953349708392751e-01   0.000000000000000e+00
  1.054223787668015e-01  -9.944275348436150e-01   0.000000000000000e+00
  1.143567297119016e-01  -9.934397507496864e-01   0.000000000000000e+00
  1.232818408225907e-01  -9.923716983688085e-01   0.000000000000000e+00
  1.321969909646681e-01  -9.912234639978451e-01   0.000000000000000e+00
  1.411014598087640e-01  -9.899951404122325e-01   0.000000000000000e+00
  1.499945278885401e-01  -9.886868268584820e-01   0.000000000000000e+00
  1.588754766588182e-01  -9.872986290461632e-01   0.000000000000000e+00
  1.677435885536448e-01  -9.858306591393603e-01   0.000000000000000e+00
  1.765981470442618e-01  -9.842830357476112e-01   0.000000000000000e+00
  1.854384366970041e-01  -9.826558839163236e-01   0.000000000000000e+00
  1.942637432311062e-01  -9.809493351166709e-01   0.000000000000000e+00
  2.030733535764103e-01  -9.791635272349712e-01   0.000000000000000e+00
  2.118665559309897e-01  -9.772986045615438e-01   0.000000000000000e+00
  2.206426398186530e-01  -9.753547177790530e-01   0.000000000000000e+00
  2.294008961463532e-01  -9.733320239503322e-01   0.000000000000000e+00
  2.381406172614815e-01  -9.712306865056934e-01   0.000000000000000e+00
  2.468610970090404e-01  -9.690508752297236e-01   0.000000000000000e+00
  2.555616307887078e-01  -9.667927662475636e-01   0.000000000000000e+00
  2.642415156117597e-01  -9.644565420106809e-01   0.000000000000000e+00
  2.729000501578743e-01  -9.620423912821252e-01   0.000000000000000e+00
  2.815365348317976e-01  -9.595505091212780e-01   0.000000000000000e+00
  2.901502718198656e-01  -9.569810968680929e-01   0.000000000000000e+00
  2.987405651463946e-01  -9.543343621268243e-01   0.000000000000000e+00
  3.073067207299064e-01  -9.516105187492576e-01   0.000000000000000e+00
  3.158480464392137e-01  -9.488097868174276e-01   0.000000000000000e+00
  3.243638521493423e-01  -9.459323926258365e-01   0.000000000000000e+00
  3.328534497972886e-01  -9.429785686631716e-01   0.000000000000000e+00
  3.413161534376222e-01  -9.399485535935175e-01   0.000000000000000e+00
  3.497512792979002e-01  -9.368425922370749e-01   0.000000000000000e+00
  3.581581458339199e-01  -9.336609355503788e-01   0.000000000000000e+00
  3.665360737847858e-01  -9.304038406060210e-01   0.000000000000000e+00
  3.748843862277889e-01  -9.270715705718809e-01   0.000000000000000e+00
  3.832024086331094e-01  -9.236643946898589e-01   0.000000000000000e+00
  3.914894689183087e-01  -9.201825882541250e-01   0.000000000000000e+00
  3.997448975026373e-01  -9.166264325888742e-01   0.000000000000000e+00
  4.079680273611355e-01  -9.129962150255957e-01   0.000000000000000e+00
  4.161581940785241e-01  -9.092922288798588e-01   0.000000000000000e+00
  4.243147359028956e-01  -9.055147734276101e-01   0.000000000000000e+00
  4.324369937991752e-01  -9.016641538809959e-01   0.000000000000000e+00
  4.405243115023737e-01  -8.977406813636997e-01   0.000000000000000e+00
  4.485760355706128e-01  -8.937446728858037e-01   0.000000000000000e+00
  4.565915154379158e-01  -8.896764513181786e-01   0.000000000000000e+00
  4.645701034667843e-01  -8.855363453663894e-01   0.000000000000000e+00
  4.725111550005157e-01  -8.813246895441422e-01   0.000000000000000e+00
  4.804140284152945e-01  -8.770418241462540e-01   0.000000000000000e+00
  4.882780851720349e-01  -8.726880952211570e-01   0.000000000000000e+00
  4.961026898679698e-01  -8.682638545429407e-01   0.000000000000000e+00
  5.038872102879979e-01  -8.637694595829254e-01   0.000000000000000e+00
  5.116310174557578e-01  -8.592052734807823e-01   0.000000000000000e+00
  5.193334856844524e-01  -8.545716650151916e-01   0.000000000000000e+00
  5.269939926274031e-01  -8.498690085740441e-01   0.000000000000000e+00
  5.346119193283307e-01  -8.450976841241954e-01   0.000000000000000e+00
  5.421866502713736e-01  -8.402580771807595e-01   0.000000000000000e+00
  5.497175734308130e-01  -8.353505787759644e-01   0.000000000000000e+00
  5.572040803205268e-01  -8.303755854275556e-01   0.000000000000000e+00
  5.646455660431554e-01  -8.253334991067578e-01   0.000000000000000e+00
  5.720414293389714e-01  -8.202247272057985e-01   0.000000000000000e+00
  5.793910726344685e-01  -8.150496825049869e-01   0.000000000000000e+00
  5.866939020906373e-01  -8.098087831393666e-01   0.000000000000000e+00
  5.939493276509494e-01  -8.045024525649286e-01   0.000000000000000e+00
  6.011567630890335e-01  -7.991311195243966e-01   0.000000000000000e+00
  6.083156260560382e-01  -7.936952180125885e-01   0.000000000000000e+00
  6.154253381276912e-01  -7.881951872413437e-01   0.000000000000000e+00
  6.224853248510284e-01  -7.826314716040428e-01   0.000000000000000e+00
  6.294950157908124e-01  -7.770045206396967e-01   0.000000000000000e+00
  6.364538445756224e-01  -7.713147889966259e-01   0.000000000000000e+00
  6.433612489436127e-01  -7.655627363957279e-01   0.000000000000000e+00
  6.502166707879496e-01  -7.597488275933272e-01   0.000000000000000e+00
  6.570195562018984e-01  -7.538735323436289e-01   0.000000000000000e+00
  6.637693555235818e-01  -7.479373253607610e-01   0.000000000000000e+00
  6.704655233803912e-01  -7.419406862804183e-01   0.000000000000000e+00
  6.771075187330493e-01  -7.358840996211111e-01   0.000000000000000e+00
  6.836948049193311e-01  -7.297680547450113e-01   0.000000000000000e+00
  6.902268496974192e-01  -7.235930458184188e-01   0.000000000000000e+00
  6.967031252889111e-01  -7.173595717718303e-01   0.000000000000000e+00
  7.031231084214630e-01  -7.110681362596272e-01   0.000000000000000e+00
  7.094862803710656e-01  -7.047192476193832e-01   0.000000000000000e+00
  7.157921270039637e-01  -6.983134188307866e-01   0.000000000000000e+00
  7.220401388181895e-01  -6.918511674741972e-01   0.000000000000000e+00
  7.282298109847337e-01  -6.853330156888249e-01   0.000000000000000e+00
  7.343606433883346e-01  -6.787594901305405e-01   0.000000000000000e+00
  7.404321406678835e-01  -6.721311219293268e-01   0.000000000000000e+00
  7.464438122564550e-01  -6.654484466463576e-01   0.000000000000000e+00
  7.523951724209387e-01  -6.587120042307306e-01   0.000000000000000e+00
  7.582857403012861e-01  -6.519223389758404e-01   0.000000000000000e+00
  7.641150399493667e-01  -6.450799994753966e-01   0.000000000000000e+00
  7.698826003674210e-01  -6.381855385791017e-01   0.000000000000000e+00
  7.755879555461166e-01  -6.312395133479802e-01   0.000000000000000e+00
  7.812306445022023e-01  -6.242424850093701e-01   0.000000000000000e+00
  7.868102113157532e-01  -6.171950189115754e-01   0.000000000000000e+00
  7.923262051670094e-01  -6.100976844781877e-01   0.000000000000000e+00
  7.977781803728008e-01  -6.029510551620778e-01   0.000000000000000e+00
  8.031656964225581e-01  -5.957557083990612e-01   0.000000000000000e+00
  8.084883180139050e-01  -5.885122255612426e-01   0.000000000000000e+00
  8.137456150878299e-01  -5.812211919100416e-01   0.000000000000000e+00
  8.189371628634342e-01  -5.738831965489049e-01   0.000000000000000e+00
  8.240625418722537e-01  -5.664988323757078e-01   0.000000000000000e+00
  8.291213379921508e-01  -5.590686960348483e-01   0.000000000000000e+00
  8.341131424807753e-01  -5.515933878690406e-01   0.000000000000000e+00
  8.390375520085900e-01  -5.440735118708067e-01   0.000000000000000e+00
  8.438941686914584e-01  -5.365096756336761e-01   0.000000000000000e+00
  8.486826001227943e-01  -5.289024903030929e-01   0.000000000000000e+00
  8.534024594052664e-01  -5.212525705270360e-01   0.000000000000000e+00
  8.580533651820599e-01  -5.135605344063566e-01   0.000000000000000e+00
  8.626349416676886e-01  -5.058270034448373e-01   0.000000000000000e+00
  8.671468186783592e-01  -4.980526024989738e-01   0.000000000000000e+00
  8.715886316618785e-01  -4.902379597274922e-01   0.000000000000000e+00
  8.759600217271133e-01  -4.823837065405869e-01   0.000000000000000e+00
  8.802606356729841e-01  -4.744904775489114e-01   0.000000000000000e+00
  8.844901260170047e-01  -4.665589105122987e-01   0.000000000000000e+00
  8.886481510233589e-01  -4.585896462882317e-01   0.000000000000000e+00
  8.927343747305098e-01  -4.505833287800668e-01   0.000000000000000e+00
  8.967484669783488e-01  -4.425406048849996e-01   0.000000000000000e+00
  9.006901034348683e-01  -4.344621244418048e-01   0.000000000000000e+00
  9.045589656223691e-01  -4.263485401783259e-01   0.000000000000000e+00
  9.083547409431929e-01  -4.182005076587365e-01   0.000000000000000e+00
  9.120771227049774e-01  -4.100186852305752e-01   0.000000000000000e+00
  9.157258101454410e-01  -4.018037339715446e-01   0.000000000000000e+00
  9.193005084566793e-01  -3.935563176361050e-01   0.000000000000000e+00
  9.228009288089879e-01  -3.852771026018407e-01   0.000000000000000e+00
  9.262267883741984e-01  -3.769667578156168e-01   0.000000000000000e+00
  9.295778103485294e-01  -3.686259547395348e-01   0.000000000000000e+00
  9.328537239749549e-01  -3.602553672966700e-01   0.000000000000000e+00
  9.360542645650778e-01  -3.518556718166290e-01   0.000000000000000e+00
  9.391791735205177e-01  -3.434275469808986e-01   0.000000000000000e+00
  9.422281983538056e-01  -3.349716737680095e-01   0.000000000000000e+00
  9.452010927087828e-01  -3.264887353985171e-01   0.000000000000000e+00
  9.480976163805077e-01  -3.179794172797977e-01   0.000000000000000e+00
  9.509175353346643e-01  -3.094444069506631e-01   0.000000000000000e+00
  9.536606217264698e-01  -3.008843940258168e-01   0.000000000000000e+00
  9.563266539190860e-01  -2.923000701401296e-01   0.000000000000000e+00
  9.589154165015261e-01  -2.836921288927570e-01   0.000000000000000e+00
  9.614267003060593e-01  -2.750612657911014e-01   0.000000000000000e+00
  9.638603024251128e-01  -2.664081781946083e-01   0.000000000000000e+00
  9.662160262276648e-01  -2.577335652584286e-01   0.000000000000000e+00
  9.684936813751325e-01  -2.490381278769245e-01   0.000000000000000e+00
  9.706930838367516e-01  -2.403225686270378e-01   0.000000000000000e+00
  9.728140559044440e-01  -2.315875917115275e-01   0.000000000000000e+00
  9.748564262071795e-01  -2.228339029020627e-01   0.000000000000000e+00
  9.768200297248190e-01  -2.140622094822059e-01   0.000000000000000e+00
  9.787047078014494e-01  -2.052732201902615e-01   0.000000000000000e+00
  9.805103081582031e-01  -1.964676451620107e-01   0.000000000000000e+00
  9.822366849055602e-01  -1.876461958733386e-01   0.000000000000000e+00
  9.838836985551386e-01  -1.788095850827386e-01   0.000000000000000e+00
  9.854512160309624e-01  -1.699585267737322e-01   0.000000000000000e+00
  9.869391106802150e-01  -1.610937360971752e-01   0.000000000000000e+00
  9.883472622834725e-01  -1.522159293134755e-01   0.000000000000000e+00
  9.896755570644163e-01  -1.433258237347241e-01   0.000000000000000e+00
  9.909238876990282e-01  -1.344241376667292e-01   0.000000000000000e+00
  9.920921533242595e-01  -1.255115903509867e-01   0.000000000000000e+00
  9.931802595461823e-01  -1.165889019065627e-01   0.000000000000000e+00
  9.941881184476153e-01  -1.076567932719085e-01   0.000000000000000e+00
  9.951156485952281e-01  -9.871598614661503e-02   0.000000000000000e+00
  9.959627750461205e-01  -8.976720293309132e-02   0.000000000000000e+00
  9.967294293538781e-01  -8.081116667820477e-02   0.000000000000000e+00
  9.974155495741021e-01  -7.184860101485563e-02   0.000000000000000e+00
  9.980210802694148e-01  -6.288023010350950e-02   0.000000000000000e+00
  9.985459725139386e-01  -5.390677857368643e-02   0.000000000000000e+00
  9.989901838972494e-01  -4.492897146541202e-02   0.000000000000000e+00
  9.993536785278028e-01  -3.594753417063540e-02   0.000000000000000e+00
  9.996364270358346e-01  -2.696319237461878e-02   0.000000000000000e+00
  9.998384065757333e-01  -1.797667199730323e-02   0.000000000000000e+00
  9.999596008278868e-01  -8.988699134655598e-03   0.000000000000000e+00
  1.000000000000000e+00  -2.449293598294706e-16   0.000000000000000e+00
