1000
  1.000000000000000e+00   0.000000000000000e+00   0.000000000000000e+00
  9.999802213186832e-01   6.289433316067751e-03   0.000000000000000e+00
  9.999208860571255e-01   1.257861783874106e-02   0.000000000000000e+00
  9.998219965624732e-01   1.886730478446709e-02   0.000000000000000e+00
  9.996835567465339e-01   2.515524538937585e-02   0.000000000000000e+00
  9.995055720856215e-01   3.144219091912060e-02   0.000000000000000e+00
  9.992880496203400e-01   3.772789267871718e-02   0.000000000000000e+00
  9.990309979553044e-01   4.401210202238167e-02   0.000000000000000e+00
  9.987344272588006e-01   5.029457036336618e-02   0.000000000000000e+00
  9.983983492623831e-01   5.657504918379234e-02   0.000000000000000e+00
  9.980227772604111e-01   6.285329004448194e-02   0.000000000000000e+00
  9.976077261095226e-01   6.912904459478454e-02   0.000000000000000e+00
  9.971532122280464e-01   7.540206458240159e-02   0.000000000000000e+00
  9.966592535953529e-01   8.167210186320663e-02   0.000000000000000e+00
  9.961258697511429e-01   8.793890841106126e-02   0.000000000000000e+00
  9.955530817946746e-01   9.420223632762625e-02   0.000000000000000e+00
  9.949409123839288e-01   1.004618378521679e-01   0.000000000000000e+00
  9.942893857347129e-01   1.067174653713589e-01   0.000000000000000e+00
  9.935985276197029e-01   1.129688714290728e-01   0.000000000000000e+00
  9.928683653674237e-01   1.192158087361734e-01   0.000000000000000e+00
  9.920989278611685e-01   1.254580301802960e-01   0.000000000000000e+00
  9.912902455378554e-01   1.316952888356236e-01   0.000000000000000e+00
  9.904423503868246e-01   1.379273379726536e-01   0.000000000000000e+00
  9.895552759485720e-01   1.441539310679583e-01   0.000000000000000e+00
  9.886290573134227e-01   1.503748218139367e-01   0.000000000000000e+00
  9.876637311201433e-01   1.565897641285577e-01   0.000000000000000e+00
  9.866593355544920e-01   1.627985121650943e-01   0.000000000000000e+00
  9.856159103477085e-01   1.690008203218491e-01   0.000000000000000e+00
  9.845334967749420e-01   1.751964432518690e-01   0.000000000000000e+00
  9.834121376536187e-01   1.813851358726511e-01   0.000000000000000e+00
  9.822518773417481e-01   1.875666533758371e-01   0.000000000000000e+00
  9.810527617361681e-01   1.937407512368976e-01   0.000000000000000e+00
  9.798148382707295e-01   1.999071852248046e-01   0.000000000000000e+00
  9.785381559144196e-01   2.060657114116926e-01   0.000000000000000e+00
  9.772227651694256e-01   2.122160861825079e-01   0.000000000000000e+00
  9.758687180691361e-01   2.183580662446454e-01   0.000000000000000e+00
  9.744760681760832e-01   2.244914086375726e-01   0.000000000000000e+00
  9.730448705798238e-01   2.306158707424401e-01   0.000000000000000e+00
  9.715751818947602e-01   2.367312102916798e-01   0.000000000000000e+00
  9.700670602579008e-01   2.428371853785871e-01   0.000000000000000e+00
  9.685205653265598e-01   2.489335544668916e-01   0.000000000000000e+00
  9.669357582759983e-01   2.550200764003104e-01   0.000000000000000e+00
  9.653127017970033e-01   2.610965104120882e-01   0.000000000000000e+00
  9.636514600934086e-01   2.671626161345213e-01   0.000000000000000e+00
  9.619520988795548e-01   2.732181536084659e-01   0.000000000000000e+00
  9.602146853776895e-01   2.792628832928301e-01   0.000000000000000e+00
  9.584392883153087e-01   2.852965660740498e-01   0.000000000000000e+00
  9.566259779224378e-01   2.913189632755472e-01   0.000000000000000e+00
  9.547748259288535e-01   2.973298366671723e-01   0.000000000000000e+00
  9.528859055612467e-01   3.033289484746267e-01   0.000000000000000e+00
  9.509592915403253e-01   3.093160613888689e-01   0.000000000000000e+00
  9.489950600778587e-01   3.152909385755025e-01   0.000000000000000e+00
  9.469932888736633e-01   3.212533436841437e-01   0.000000000000000e+00
  9.449540571125283e-01   3.272030408577716e-01   0.000000000000000e+00
  9.428774454610842e-01   3.331397947420576e-01   0.000000000000000e+00
  9.407635360646109e-01   3.390633704946752e-01   0.000000000000000e+00
  9.386124125437892e-01   3.449735337945905e-01   0.000000000000000e+00
  9.364241599913924e-01   3.508700508513305e-01   0.000000000000000e+00
  9.341988649689198e-01   3.567526884142317e-01   0.000000000000000e+00
  9.319366155031740e-01   3.626212137816669e-01   0.000000000000000e+00
  9.296375010827771e-01   3.684753948102499e-01   0.000000000000000e+00
  9.273016126546323e-01   3.743149999240189e-01   0.000000000000000e+00
  9.249290426203250e-01   3.801397981235967e-01   0.000000000000000e+00
  9.225198848324687e-01   3.859495589953287e-01   0.000000000000000e+00
  9.200742345909914e-01   3.917440527203973e-01   0.000000000000000e+00
  9.175921886393665e-01   3.975230500839129e-01   0.000000000000000e+00
  9.150738451607860e-01   4.032863224839812e-01   0.000000000000000e+00
  9.125193037742761e-01   4.090336419407459e-01   0.000000000000000e+00
  9.099286655307568e-01   4.147647811054070e-01   0.000000000000000e+00
  9.073020329090444e-01   4.204795132692143e-01   0.000000000000000e+00
  9.046395098117981e-01   4.261776123724353e-01   0.000000000000000e+00
  9.019412015614096e-01   4.318588530132973e-01   0.000000000000000e+00
  8.992072148958368e-01   4.375230104569043e-01   0.000000000000000e+00
  8.964376579643817e-01   4.431698606441261e-01   0.000000000000000e+00
  8.936326403234123e-01   4.487991802004621e-01   0.000000000000000e+00
  8.907922729320283e-01   4.544107464448774e-01   0.000000000000000e+00
  8.879166681476730e-01   4.600043373986110e-01   0.000000000000000e+00
  8.850059397216874e-01   4.655797317939571e-01   0.000000000000000e+00
  8.820602027948115e-01   4.711367090830178e-01   0.000000000000000e+00
  8.790795738926289e-01   4.766750494464274e-01   0.000000000000000e+00
  8.760641709209582e-01   4.821945338020477e-01   0.000000000000000e+00
  8.730141131611883e-01   4.876949438136345e-01   0.000000000000000e+00
  8.699295212655597e-01   4.931760618994744e-01   0.000000000000000e+00
  8.668105172523929e-01   4.986376712409915e-01   0.000000000000000e+00
  8.636572245012607e-01   5.040795557913246e-01   0.000000000000000e+00
  8.604697677481077e-01   5.095015002838732e-01   0.000000000000000e+00
  8.572482730803168e-01   5.149032902408126e-01   0.000000000000000e+00
  8.539928679317208e-01   5.202847119815789e-01   0.000000000000000e+00
  8.507036810775614e-01   5.256455526313207e-01   0.000000000000000e+00
  8.473808426293963e-01   5.309856001293203e-01   0.000000000000000e+00
  8.440244840299503e-01   5.363046432373824e-01   0.000000000000000e+00
  8.406347380479182e-01   5.416024715481900e-01   0.000000000000000e+00
  8.372117387727106e-01   5.468788754936275e-01   0.000000000000000e+00
  8.337556216091516e-01   5.521336463530702e-01   0.000000000000000e+00
  8.302665232721208e-01   5.573665762616421e-01   0.000000000000000e+00
  8.267445817811464e-01   5.625774582184371e-01   0.000000000000000e+00
  8.231899364549453e-01   5.677660860947078e-01   0.000000000000000e+00
  8.196027279059116e-01   5.729322546420199e-01   0.000000000000000e+00
  8.159830980345546e-01   5.780757595003707e-01   0.000000000000000e+00
  8.123311900238860e-01   5.831963972062733e-01   0.000000000000000e+00
  8.086471483337551e-01   5.882939652008050e-01   0.000000000000000e+00
  8.049311186951349e-01   5.933682618376204e-01   0.000000000000000e+00
  8.011832481043575e-01   5.984190863909269e-01   0.000000000000000e+00
  7.974036848172991e-01   6.034462390634261e-01   0.000000000000000e+00
  7.935925783435149e-01   6.084495209942170e-01   0.000000000000000e+00
  7.897500794403260e-01   6.134287342666618e-01   0.000000000000000e+00
  7.858763401068549e-01   6.183836819162153e-01   0.000000000000000e+00
  7.819715135780131e-01   6.233141679382166e-01   0.000000000000000e+00
  7.780357543184395e-01   6.282199972956423e-01   0.000000000000000e+00
  7.740692180163906e-01   6.331009759268214e-01   0.000000000000000e+00
  7.700720615775812e-01   6.379569107531118e-01   0.000000000000000e+00
  7.660444431189780e-01   6.427876096865393e-01   0.000000000000000e+00
  7.619865219625450e-01   6.475928816373940e-01   0.000000000000000e+00
  7.578984586289410e-01   6.523725365217909e-01   0.000000000000000e+00
  7.537804148311695e-01   6.571263852691885e-01   0.000000000000000e+00
  7.496325534681826e-01   6.618542398298680e-01   0.000000000000000e+00
  7.454550386184362e-01   6.665559131823720e-01   0.000000000000000e+00
  7.412480355334002e-01   6.712312193409027e-01   0.000000000000000e+00
  7.370117106310213e-01   6.758799733626790e-01   0.000000000000000e+00
  7.327462314891398e-01   6.805019913552524e-01   0.000000000000000e+00
  7.284517668388609e-01   6.850970904837809e-01   0.000000000000000e+00
  7.241284865578802e-01   6.896650889782618e-01   0.000000000000000e+00
  7.197765616637635e-01   6.942058061407226e-01   0.000000000000000e+00
  7.153961643071820e-01   6.987190623523674e-01   0.000000000000000e+00
  7.109874677651024e-01   7.032046790806838e-01   0.000000000000000e+00
  7.065506464339324e-01   7.076624788865044e-01   0.000000000000000e+00
  7.020858758226226e-01   7.120922854310253e-01   0.000000000000000e+00
  6.975933325457230e-01   7.164939234827832e-01   0.000000000000000e+00
  6.930731943163971e-01   7.208672189245851e-01   0.000000000000000e+00
  6.885256399393922e-01   7.252119987603973e-01   0.000000000000000e+00
  6.839508493039657e-01   7.295280911221884e-01   0.000000000000000e+00
  6.793490033767697e-01   7.338153252767277e-01   0.000000000000000e+00
  6.747202841946927e-01   7.380735316323389e-01   0.000000000000000e+00
  6.700648748576573e-01   7.423025417456093e-01   0.000000000000000e+00
  6.653829595213794e-01   7.465021883280519e-01   0.000000000000000e+00
  6.606747233900815e-01   7.506723052527243e-01   0.000000000000000e+00
  6.559403527091676e-01   7.548127275607989e-01   0.000000000000000e+00
  6.511800347578558e-01   7.589232914680888e-01   0.000000000000000e+00
  6.463939578417693e-01   7.630038343715273e-01   0.000000000000000e+00
  6.415823112854883e-01   7.670541948555987e-01   0.000000000000000e+00
  6.367452854250606e-01   7.710742126987247e-01   0.000000000000000e+00
  6.318830716004722e-01   7.750637288796015e-01   0.000000000000000e+00
  6.269958621480786e-01   7.790225855834911e-01   0.000000000000000e+00
  6.220838503929961e-01   7.829506262084631e-01   0.000000000000000e+00
  6.171472306414553e-01   7.868476953715899e-01   0.000000000000000e+00
  6.121861981731137e-01   7.907136389150937e-01   0.000000000000000e+00
  6.072009492333317e-01   7.945483039124437e-01   0.000000000000000e+00
  6.021916810254095e-01   7.983515386744059e-01   0.000000000000000e+00
  5.971585917027863e-01   8.021231927550437e-01   0.000000000000000e+00
  5.921018803612010e-01   8.058631169576692e-01   0.000000000000000e+00
  5.870217470308187e-01   8.095711633407440e-01   0.000000000000000e+00
  5.819183926683152e-01   8.132471852237328e-01   0.000000000000000e+00
  5.767920191489296e-01   8.168910371929055e-01   0.000000000000000e+00
  5.716428292584788e-01   8.205025751070875e-01   0.000000000000000e+00
  5.664710266853340e-01   8.240816561033644e-01   0.000000000000000e+00
  5.612768160123652e-01   8.276281386027311e-01   0.000000000000000e+00
  5.560604027088476e-01   8.311418823156935e-01   0.000000000000000e+00
  5.508219931223340e-01   8.346227482478172e-01   0.000000000000000e+00
  5.455617944704920e-01   8.380705987052264e-01   0.000000000000000e+00
  5.402800148329070e-01   8.414852973000502e-01   0.000000000000000e+00
  5.349768631428518e-01   8.448667089558177e-01   0.000000000000000e+00
  5.296525491790206e-01   8.482146999128022e-01   0.000000000000000e+00
  5.243072835572319e-01   8.515291377333112e-01   0.000000000000000e+00
  5.189412777220960e-01   8.548098913069259e-01   0.000000000000000e+00
  5.135547439386516e-01   8.580568308556875e-01   0.000000000000000e+00
  5.081478952839693e-01   8.612698279392308e-01   0.000000000000000e+00
  5.027209456387218e-01   8.644487554598649e-01   0.000000000000000e+00
  4.972741096787242e-01   8.675934876676012e-01   0.000000000000000e+00
  4.918076028664418e-01   8.707039001651274e-01   0.000000000000000e+00
  4.863216414424669e-01   8.737798699127284e-01   0.000000000000000e+00
  4.808164424169648e-01   8.768212752331536e-01   0.000000000000000e+00
  4.752922235610900e-01   8.798279958164293e-01   0.000000000000000e+00
  4.697492033983709e-01   8.827999127246196e-01   0.000000000000000e+00
  4.641876011960662e-01   8.857369083965293e-01   0.000000000000000e+00
  4.586076369564910e-01   8.886388666523558e-01   0.000000000000000e+00
  4.530095314083142e-01   8.915056726982838e-01   0.000000000000000e+00
  4.473935059978269e-01   8.943372131310272e-01   0.000000000000000e+00
  4.417597828801832e-01   8.971333759423140e-01   0.000000000000000e+00
  4.361085849106111e-01   8.998940505233182e-01   0.000000000000000e+00
  4.304401356355982e-01   9.026191276690340e-01   0.000000000000000e+00
  4.247546592840479e-01   9.053084995825966e-01   0.000000000000000e+00
  4.190523807584101e-01   9.079620598795461e-01   0.000000000000000e+00
  4.133335256257842e-01   9.105797035920355e-01   0.000000000000000e+00
  4.075983201089963e-01   9.131613271729833e-01   0.000000000000000e+00
  4.018469910776510e-01   9.157068285001692e-01   0.000000000000000e+00
  3.960797660391569e-01   9.182161068802740e-01   0.000000000000000e+00
  3.902968731297256e-01   9.206890630528630e-01   0.000000000000000e+00
  3.844985411053492e-01   9.231255991943123e-01   0.000000000000000e+00
  3.786849993327502e-01   9.255256189216778e-01   0.000000000000000e+00
  3.728564777803086e-01   9.278890272965093e-01   0.000000000000000e+00
  3.670132070089654e-01   9.302157308286042e-01   0.000000000000000e+00
  3.611554181631010e-01   9.325056374797075e-01   0.000000000000000e+00
  3.552833429613937e-01   9.347586566671510e-01   0.000000000000000e+00
  3.493972136876511e-01   9.369746992674380e-01   0.000000000000000e+00
  3.434972631816234e-01   9.391536776197676e-01   0.000000000000000e+00
  3.375837248297925e-01   9.412955055295031e-01   0.000000000000000e+00
  3.316568325561391e-01   9.434000982715812e-01   0.000000000000000e+00
  3.257168208128904e-01   9.454673725938635e-01   0.000000000000000e+00
  3.197639245712454e-01   9.474972467204298e-01   0.000000000000000e+00
  3.137983793120788e-01   9.494896403548133e-01   0.000000000000000e+00
  3.078204210166279e-01   9.514444746831766e-01   0.000000000000000e+00
  3.018302861571570e-01   9.533616723774293e-01   0.000000000000000e+00
  2.958282116876025e-01   9.552411575982869e-01   0.000000000000000e+00
  2.898144350342012e-01   9.570828559982708e-01   0.000000000000000e+00
  2.837891940860967e-01   9.588866947246498e-01   0.000000000000000e+00
  2.777527271859307e-01   9.606526024223210e-01   0.000000000000000e+00
  2.717052731204128e-01   9.623805092366334e-01   0.000000000000000e+00
  2.656470711108765e-01   9.640703468161506e-01   0.000000000000000e+00
  2.595783608038158e-01   9.657220483153546e-01   0.000000000000000e+00
  2.534993822614048e-01   9.673355483972902e-01   0.000000000000000e+00
  2.474103759520025e-01   9.689107832361495e-01   0.000000000000000e+00
  2.413115827406392e-01   9.704476905197970e-01   0.000000000000000e+00
  2.352032438794902e-01   9.719462094522335e-01   0.000000000000000e+00
  2.290856009983302e-01   9.734062807560027e-01   0.000000000000000e+00
  2.229588960949774e-01   9.748278466745341e-01   0.000000000000000e+00
  2.168233715257192e-01   9.762108509744296e-01   0.000000000000000e+00
  2.106792699957264e-01   9.775552389476861e-01   0.000000000000000e+00
  2.045268345494508e-01   9.788609574138615e-01   0.000000000000000e+00
  1.983663085610128e-01   9.801279547221766e-01   0.000000000000000e+00
  1.921979357245731e-01   9.813561807535595e-01   0.000000000000000e+00
  1.860219600446922e-01   9.825455869226277e-01   0.000000000000000e+00
  1.798386258266799e-01   9.836961261796101e-01   0.000000000000000e+00
  1.736481776669304e-01   9.848077530122080e-01   0.000000000000000e+00
  1.674508604432464e-01   9.858804234473958e-01   0.000000000000000e+00
  1.612469193051522e-01   9.869140950531600e-01   0.000000000000000e+00
  1.550365996641980e-01   9.879087269401781e-01   0.000000000000000e+00
  1.488201471842492e-01   9.888642797634357e-01   0.000000000000000e+00
  1.425978077717711e-01   9.897807157237835e-01   0.000000000000000e+00
  1.363698275661000e-01   9.906579985694317e-01   0.000000000000000e+00
  1.301364529297078e-01   9.914960935973848e-01   0.000000000000000e+00
  1.238979304384552e-01   9.922949676548136e-01   0.000000000000000e+00
  1.176545068718385e-01   9.930545891403677e-01   0.000000000000000e+00
  1.114064292032285e-01   9.937749280054242e-01   0.000000000000000e+00
  1.051539445900985e-01   9.944559557552776e-01   0.000000000000000e+00
  9.889730036424986e-02   9.950976454502660e-01   0.000000000000000e+00
  9.263674402202741e-02   9.956999717068377e-01   0.000000000000000e+00
  8.637252321452853e-02   9.962629106985543e-01   0.000000000000000e+00
  8.010488573780725e-02   9.967864401570342e-01   0.000000000000000e+00
  7.383407952307192e-02   9.972705393728327e-01   0.000000000000000e+00
  6.756035262687862e-02   9.977151891962615e-01   0.000000000000000e+00
  6.128395322131638e-02   9.981203720381463e-01   0.000000000000000e+00
  5.500512958419316e-02   9.984860718705224e-01   0.000000000000000e+00
  4.872413008921228e-02   9.988122742272691e-01   0.000000000000000e+00
  4.244120319614846e-02   9.990989662046814e-01   0.000000000000000e+00
  3.615659744101898e-02   9.993461364619809e-01   0.000000000000000e+00
  2.987056142625317e-02   9.995537752217638e-01   0.000000000000000e+00
  2.358334381085717e-02   9.997218742703887e-01   0.000000000000000e+00
  1.729519330057748e-02   9.998504269583004e-01   0.000000000000000e+00
  1.100635863806481e-02   9.999394282002937e-01   0.000000000000000e+00
  4.717088593032224e-03   9.999888744757141e-01   0.000000000000000e+00
 -1.572368047584414e-03   9.999987638285974e-01   0.000000000000000e+00
 -7.861762489468222e-03   9.999690958677468e-01   0.000000000000000e+00
 -1.415084594076185e-02   9.998998717667489e-01   0.000000000000000e+00
 -2.043936962191148e-02   9.997910942639262e-01   0.000000000000000e+00
 -2.672708477550475e-02   9.996427676622299e-01   0.000000000000000e+00
 -3.301374267611341e-02   9.994548978290693e-01   0.000000000000000e+00
 -3.929909464013115e-02   9.992274921960794e-01   0.000000000000000e+00
 -4.558289203561104e-02   9.989605597588275e-01   0.000000000000000e+00
 -5.186488629210102e-02   9.986541110764564e-01   0.000000000000000e+00
 -5.814482891047555e-02   9.983081582712682e-01   0.000000000000000e+00
 -6.442247147276806e-02   9.979227150282433e-01   0.000000000000000e+00
 -7.069756565199453e-02   9.974977965944997e-01   0.000000000000000e+00
 -7.696986322197923e-02   9.970334197786902e-01   0.000000000000000e+00
 -8.323911606717257e-02   9.965296029503368e-01   0.000000000000000e+00
 -8.950507619246638e-02   9.959863660391044e-01   0.000000000000000e+00
 -9.576749573300392e-02   9.954037305340125e-01   0.000000000000000e+00
 -1.020261269639840e-01   9.947817194825853e-01   0.000000000000000e+00
 -1.082807223104617e-01   9.941203574899393e-01   0.000000000000000e+00
 -1.145310343571408e-01   9.934196707178107e-01   0.000000000000000e+00
 -1.207768158581610e-01   9.926796868835203e-01   0.000000000000000e+00
 -1.270178197468785e-01   9.919004352588769e-01   0.000000000000000e+00
 -1.332537991456397e-01   9.910819466690196e-01   0.000000000000000e+00
 -1.394845073755455e-01   9.902242534911985e-01   0.000000000000000e+00
 -1.457096979662113e-01   9.893273896534935e-01   0.000000000000000e+00
 -1.519291246655155e-01   9.883913906334728e-01   0.000000000000000e+00
 -1.581425414493406e-01   9.874162934567889e-01   0.000000000000000e+00
 -1.643497025313059e-01   9.864021366957146e-01   0.000000000000000e+00
 -1.705503623724895e-01   9.853489604676166e-01   0.000000000000000e+00
 -1.767442756911416e-01   9.842568064333687e-01   0.000000000000000e+00
 -1.829311974723866e-01   9.831257177957042e-01   0.000000000000000e+00
 -1.891108829779162e-01   9.819557392975067e-01   0.000000000000000e+00
 -1.952830877556699e-01   9.807469172200397e-01   0.000000000000000e+00
 -2.014475676495050e-01   9.794992993811165e-01   0.000000000000000e+00
 -2.076040788088550e-01   9.782129351332085e-01   0.000000000000000e+00
 -2.137523776983754e-01   9.768878753614926e-01   0.000000000000000e+00
 -2.198922211075776e-01   9.755241724818388e-01   0.000000000000000e+00
 -2.260233661604489e-01   9.741218804387363e-01   0.000000000000000e+00
 -2.321455703250614e-01   9.726810547031601e-01   0.000000000000000e+00
 -2.382585914231648e-01   9.712017522703763e-01   0.000000000000000e+00
 -2.443621876397667e-01   9.696840316576877e-01   0.000000000000000e+00
 -2.504561175326983e-01   9.681279529021188e-01   0.000000000000000e+00
 -2.565401400421650e-01   9.665335775580414e-01   0.000000000000000e+00
 -2.626140145002818e-01   9.649009686947391e-01   0.000000000000000e+00
 -2.686775006405944e-01   9.632301908939126e-01   0.000000000000000e+00
 -2.747303586075827e-01   9.615213102471255e-01   0.000000000000000e+00
 -2.807723489661491e-01   9.597743943531891e-01   0.000000000000000e+00
 -2.868032327110900e-01   9.579895123154889e-01   0.000000000000000e+00
 -2.928227712765501e-01   9.561667347392511e-01   0.000000000000000e+00
 -2.988307265454599e-01   9.543061337287488e-01   0.000000000000000e+00
 -3.048268608589531e-01   9.524077828844515e-01   0.000000000000000e+00
 -3.108109370257710e-01   9.504717573001116e-01   0.000000000000000e+00
 -3.167827183316426e-01   9.484981335597953e-01   0.000000000000000e+00
 -3.227419685486491e-01   9.464869897348526e-01   0.000000000000000e+00
 -3.286884519445686e-01   9.444384053808290e-01   0.000000000000000e+00
 -3.346219332922016e-01   9.423524615343186e-01   0.000000000000000e+00
 -3.405421778786737e-01   9.402292407097589e-01   0.000000000000000e+00
 -3.464489515147234e-01   9.380688268961659e-01   0.000000000000000e+00
 -3.523420205439641e-01   9.358713055538121e-01   0.000000000000000e+00
 -3.582211518521272e-01   9.336367636108462e-01   0.000000000000000e+00
 -3.640861128762835e-01   9.313652894598543e-01   0.000000000000000e+00
 -3.699366716140430e-01   9.290569729543628e-01   0.000000000000000e+00
 -3.757725966327323e-01   9.267119054052849e-01   0.000000000000000e+00
 -3.815936570785484e-01   9.243301795773085e-01   0.000000000000000e+00
 -3.873996226856929e-01   9.219118896852252e-01   0.000000000000000e+00
 -3.931902637854788e-01   9.194571313902055e-01   0.000000000000000e+00
 -3.989653513154161e-01   9.169660017960135e-01   0.000000000000000e+00
 -4.047246568282732e-01   9.144385994451658e-01   0.000000000000000e+00
 -4.104679525011137e-01   9.118750243150338e-01   0.000000000000000e+00
 -4.161950111443075e-01   9.092753778138886e-01   0.000000000000000e+00
 -4.219056062105192e-01   9.066397627768894e-01   0.000000000000000e+00
 -4.275995118036690e-01   9.039682834620162e-01   0.000000000000000e+00
 -4.332765026878683e-01   9.012610455459448e-01   0.000000000000000e+00
 -4.389363542963303e-01   8.985181561198674e-01   0.000000000000000e+00
 -4.445788427402524e-01   8.957397236852556e-01   0.000000000000000e+00
 -4.502037448176730e-01   8.929258581495686e-01   0.000000000000000e+00
 -4.558108380223009e-01   8.900766708219061e-01   0.000000000000000e+00
 -4.613999005523168e-01   8.871922744086043e-01   0.000000000000000e+00
 -4.669707113191480e-01   8.842727830087778e-01   0.000000000000000e+00
 -4.725230499562119e-01   8.813183121098070e-01   0.000000000000000e+00
 -4.780566968276360e-01   8.783289785827687e-01   0.000000000000000e+00
 -4.835714330369443e-01   8.753049006778131e-01   0.000000000000000e+00
 -4.890670404357167e-01   8.722461980194863e-01   0.000000000000000e+00
 -4.945433016322186e-01   8.691529916019990e-01   0.000000000000000e+00
 -4.999999999999998e-01   8.660254037844387e-01   0.000000000000000e+00
 -5.054369196864643e-01   8.628635582859312e-01   0.000000000000000e+00
 -5.108538456214083e-01   8.596675801807454e-01   0.000000000000000e+00
 -5.162505635255284e-01   8.564375958933460e-01   0.000000000000000e+00
 -5.216268599188975e-01   8.531737331933930e-01   0.000000000000000e+00
 -5.269825221294092e-01   8.498761211906867e-01   0.000000000000000e+00
 -5.323173383011917e-01   8.465448903300608e-01   0.000000000000000e+00
 -5.376310974029872e-01   8.431801723862224e-01   0.000000000000000e+00
 -5.429235892364993e-01   8.397821004585397e-01   0.000000000000000e+00
 -5.481946044447097e-01   8.363508089657762e-01   0.000000000000000e+00
 -5.534439345201584e-01   8.328864336407735e-01   0.000000000000000e+00
 -5.586713718131919e-01   8.293891115250829e-01   0.000000000000000e+00
 -5.638767095401777e-01   8.258589809635433e-01   0.000000000000000e+00
 -5.690597417916836e-01   8.222961815988096e-01   0.000000000000000e+00
 -5.742202635406233e-01   8.187008543658283e-01   0.000000000000000e+00
 -5.793580706503667e-01   8.150731414862624e-01   0.000000000000000e+00
 -5.844729598828147e-01   8.114131864628660e-01   0.000000000000000e+00
 -5.895647289064391e-01   8.077211340738071e-01   0.000000000000000e+00
 -5.946331763042862e-01   8.039971303669408e-01   0.000000000000000e+00
 -5.996781015819448e-01   8.002413226540320e-01   0.000000000000000e+00
 -6.046993051754753e-01   7.964538595049291e-01   0.000000000000000e+00
 -6.096965884593069e-01   7.926348907416848e-01   0.000000000000000e+00
 -6.146697537540923e-01   7.887845674326315e-01   0.000000000000000e+00
 -6.196186043345285e-01   7.849030418864046e-01   0.000000000000000e+00
 -6.245429444371388e-01   7.809904676459176e-01   0.000000000000000e+00
 -6.294425792680156e-01   7.770469994822886e-01   0.000000000000000e+00
 -6.343173150105275e-01   7.730727933887178e-01   0.000000000000000e+00
 -6.391669588329847e-01   7.690680065743170e-01   0.000000000000000e+00
 -6.439913188962684e-01   7.650327974578899e-01   0.000000000000000e+00
 -6.487902043614170e-01   7.609673256616678e-01   0.000000000000000e+00
 -6.535634253971789e-01   7.568717520049920e-01   0.000000000000000e+00
 -6.583107931875185e-01   7.527462384979551e-01   0.000000000000000e+00
 -6.630321199390866e-01   7.485909483349906e-01   0.000000000000000e+00
 -6.677272188886484e-01   7.444060458884190e-01   0.000000000000000e+00
 -6.723959043104724e-01   7.401916967019436e-01   0.000000000000000e+00
 -6.770379915236765e-01   7.359480674841031e-01   0.000000000000000e+00
 -6.816532968995327e-01   7.316753261016785e-01   0.000000000000000e+00
 -6.862416378687335e-01   7.273736415730488e-01   0.000000000000000e+00
 -6.908028329286108e-01   7.230431840615095e-01   0.000000000000000e+00
 -6.953367016503177e-01   7.186841248685385e-01   0.000000000000000e+00
 -6.998430646859650e-01   7.142966364270211e-01   0.000000000000000e+00
 -7.043217437757161e-01   7.098808922944289e-01   0.000000000000000e+00
 -7.087725617548383e-01   7.054370671459531e-01   0.000000000000000e+00
 -7.131953425607098e-01   7.009653367675978e-01   0.000000000000000e+00
 -7.175899112397875e-01   6.964658780492221e-01   0.000000000000000e+00
 -7.219560939545244e-01   6.919388689775462e-01   0.000000000000000e+00
 -7.262937179902470e-01   6.873844886291103e-01   0.000000000000000e+00
 -7.306026117619886e-01   6.828029171631891e-01   0.000000000000000e+00
 -7.348826048212758e-01   6.781943358146665e-01   0.000000000000000e+00
 -7.391335278628713e-01   6.735589268868657e-01   0.000000000000000e+00
 -7.433552127314700e-01   6.688968737443397e-01   0.000000000000000e+00
 -7.475474924283534e-01   6.642083608056142e-01   0.000000000000000e+00
 -7.517102011179930e-01   6.594935735358961e-01   0.000000000000000e+00
 -7.558431741346118e-01   6.547526984397353e-01   0.000000000000000e+00
 -7.599462479886973e-01   6.499859230536470e-01   0.000000000000000e+00
 -7.640192603734690e-01   6.451934359386937e-01   0.000000000000000e+00
 -7.680620501712996e-01   6.403754266730259e-01   0.000000000000000e+00
 -7.720744574600859e-01   6.355320858443845e-01   0.000000000000000e+00
 -7.760563235195790e-01   6.306636050425573e-01   0.000000000000000e+00
 -7.800074908376582e-01   6.257701768518059e-01   0.000000000000000e+00
 -7.839278031165656e-01   6.208519948432437e-01   0.000000000000000e+00
 -7.878171052790869e-01   6.159092535671794e-01   0.000000000000000e+00
 -7.916752434746852e-01   6.109421485454231e-01   0.000000000000000e+00
 -7.955020650855897e-01   6.059508762635484e-01   0.000000000000000e+00
 -7.992974187328300e-01   6.009356341631231e-01   0.000000000000000e+00
 -8.030611542822255e-01   5.958966206338979e-01   0.000000000000000e+00
 -8.067931228503240e-01   5.908340350059583e-01   0.000000000000000e+00
 -8.104931768102918e-01   5.857480775418397e-01   0.000000000000000e+00
 -8.141611697977525e-01   5.806389494286058e-01   0.000000000000000e+00
 -8.177969567165775e-01   5.755068527698903e-01   0.000000000000000e+00
 -8.214003937446253e-01   5.703519905779014e-01   0.000000000000000e+00
 -8.249713383394301e-01   5.651745667653928e-01   0.000000000000000e+00
 -8.285096492438421e-01   5.599747861375954e-01   0.000000000000000e+00
 -8.320151864916135e-01   5.547528543841173e-01   0.000000000000000e+00
 -8.354878114129363e-01   5.495089780708062e-01   0.000000000000000e+00
 -8.389273866399274e-01   5.442433646315789e-01   0.000000000000000e+00
 -8.423337761120616e-01   5.389562223602167e-01   0.000000000000000e+00
 -8.457068450815559e-01   5.336477604021226e-01   0.000000000000000e+00
 -8.490464601186977e-01   5.283181887460517e-01   0.000000000000000e+00
 -8.523524891171238e-01   5.229677182158028e-01   0.000000000000000e+00
 -8.556248012990464e-01   5.175965604618787e-01   0.000000000000000e+00
 -8.588632672204258e-01   5.122049279531147e-01   0.000000000000000e+00
 -8.620677587760914e-01   5.067930339682726e-01   0.000000000000000e+00
 -8.652381492048080e-01   5.013610925876063e-01   0.000000000000000e+00
 -8.683743130942927e-01   4.959093186843895e-01   0.000000000000000e+00
 -8.714761263861723e-01   4.904379279164206e-01   0.000000000000000e+00
 -8.745434663808941e-01   4.849471367174879e-01   0.000000000000000e+00
 -8.775762117425775e-01   4.794371622888099e-01   0.000000000000000e+00
 -8.805742425038146e-01   4.739082225904434e-01   0.000000000000000e+00
 -8.835374400704153e-01   4.683605363326604e-01   0.000000000000000e+00
 -8.864656872260985e-01   4.627943229672993e-01   0.000000000000000e+00
 -8.893588681371302e-01   4.572098026790794e-01   0.000000000000000e+00
 -8.922168683569036e-01   4.516071963768954e-01   0.000000000000000e+00
 -8.950395748304677e-01   4.459867256850764e-01   0.000000000000000e+00
 -8.978268758989989e-01   4.403486129346197e-01   0.000000000000000e+00
 -9.005786613042182e-01   4.346930811543961e-01   0.000000000000000e+00
 -9.032948221927523e-01   4.290203540623265e-01   0.000000000000000e+00
 -9.059752511204399e-01   4.233306560565345e-01   0.000000000000000e+00
 -9.086198420565819e-01   4.176242122064671e-01   0.000000000000000e+00
 -9.112284903881356e-01   4.119012482439928e-01   0.000000000000000e+00
 -9.138010929238531e-01   4.061619905544726e-01   0.000000000000000e+00
 -9.163375478983632e-01   4.004066661678037e-01   0.000000000000000e+00
 -9.188377549761959e-01   3.946355027494411e-01   0.000000000000000e+00
 -9.213016152557540e-01   3.888487285913874e-01   0.000000000000000e+00
 -9.237290312732225e-01   3.830465726031680e-01   0.000000000000000e+00
 -9.261199070064258e-01   3.772292643027703e-01   0.000000000000000e+00
 -9.284741478786256e-01   3.713970338075685e-01   0.000000000000000e+00
 -9.307916607622618e-01   3.655501118252195e-01   0.000000000000000e+00
 -9.330723539826372e-01   3.596887296445362e-01   0.000000000000000e+00
 -9.353161373215428e-01   3.538131191263388e-01   0.000000000000000e+00
 -9.375229220208274e-01   3.479235126942840e-01   0.000000000000000e+00
 -9.396926207859083e-01   3.420201433256689e-01   0.000000000000000e+00
 -9.418251477892248e-01   3.361032445422162e-01   0.000000000000000e+00
 -9.439204186736329e-01   3.301730504008370e-01   0.000000000000000e+00
 -9.459783505557423e-01   3.242297954843712e-01   0.000000000000000e+00
 -9.479988620291955e-01   3.182737148923084e-01   0.000000000000000e+00
 -9.499818731678870e-01   3.123050442314898e-01   0.000000000000000e+00
 -9.519273055291264e-01   3.063240196067838e-01   0.000000000000000e+00
 -9.538350821567403e-01   3.003308776117509e-01   0.000000000000000e+00
 -9.557051275841167e-01   2.943258553192822e-01   0.000000000000000e+00
 -9.575373678371908e-01   2.883091902722223e-01   0.000000000000000e+00
 -9.593317304373701e-01   2.822811204739722e-01   0.000000000000000e+00
 -9.610881444044028e-01   2.762418843790740e-01   0.000000000000000e+00
 -9.628065402591843e-01   2.701917208837822e-01   0.000000000000000e+00
 -9.644868500265070e-01   2.641308693166065e-01   0.000000000000000e+00
 -9.661290072377479e-01   2.580595694288504e-01   0.000000000000000e+00
 -9.677329469334988e-01   2.519780613851254e-01   0.000000000000000e+00
 -9.692986056661355e-01   2.458865857538506e-01   0.000000000000000e+00
 -9.708259215023276e-01   2.397853834977363e-01   0.000000000000000e+00
 -9.723148340254890e-01   2.336746959642524e-01   0.000000000000000e+00
 -9.737652843381667e-01   2.275547648760828e-01   0.000000000000000e+00
 -9.751772150643720e-01   2.214258323215595e-01   0.000000000000000e+00
 -9.765505703518492e-01   2.152881407450908e-01   0.000000000000000e+00
 -9.778852958742850e-01   2.091419329375679e-01   0.000000000000000e+00
 -9.791813388334579e-01   2.029874520267619e-01   0.000000000000000e+00
 -9.804386479613267e-01   1.968249414677055e-01   0.000000000000000e+00
 -9.816571735220582e-01   1.906546450330643e-01   0.000000000000000e+00
 -9.828368673139948e-01   1.844768068034925e-01   0.000000000000000e+00
 -9.839776826715615e-01   1.782916711579762e-01   0.000000000000000e+00
 -9.850795744671115e-01   1.720994827641693e-01   0.000000000000000e+00
 -9.861424991127115e-01   1.659004865687136e-01   0.000000000000000e+00
 -9.871664145618657e-01   1.596949277875498e-01   0.000000000000000e+00
 -9.881512803111795e-01   1.534830518962166e-01   0.000000000000000e+00
 -9.890970574019614e-01   1.472651046201411e-01   0.000000000000000e+00
 -9.900037084217638e-01   1.410413319249197e-01   0.000000000000000e+00
 -9.908711975058636e-01   1.348119800065847e-01   0.000000000000000e+00
 -9.916994903386807e-01   1.285772952818692e-01   0.000000000000000e+00
 -9.924885541551350e-01   1.223375243784573e-01   0.000000000000000e+00
 -9.932383577419430e-01   1.160929141252299e-01   0.000000000000000e+00
 -9.939488714388522e-01   1.098437115425002e-01   0.000000000000000e+00
 -9.946200671398149e-01   1.035901638322395e-01   0.000000000000000e+00
 -9.952519182940991e-01   9.733251836830287e-02   0.000000000000000e+00
 -9.958443999073396e-01   9.107102268664109e-02   0.000000000000000e+00
 -9.963974885425265e-01   8.480592447550950e-02   0.000000000000000e+00
 -9.969111623209320e-01   7.853747156566997e-02   0.000000000000000e+00
 -9.973854009229762e-01   7.226591192058694e-02   0.000000000000000e+00
 -9.978201855890307e-01   6.599149362662092e-02   0.000000000000000e+00
 -9.982154991201608e-01   5.971446488320990e-02   0.000000000000000e+00
 -9.985713258788059e-01   5.343507399305791e-02   0.000000000000000e+00
 -9.988876517893978e-01   4.715356935230619e-02   0.000000000000000e+00
 -9.991644643389177e-01   4.087019944071169e-02   0.000000000000000e+00
 -9.994017525773913e-01   3.458521281181746e-02   0.000000000000000e+00
 -9.995995071183217e-01   2.829885808311783e-02   0.000000000000000e+00
 -9.997577201390606e-01   2.201138392622778e-02   0.000000000000000e+00
 -9.998763853811183e-01   1.572303905704125e-02   0.000000000000000e+00
 -9.999554981504110e-01   9.434072225897046e-03   0.000000000000000e+00
 -9.999950553174459e-01   3.144732207736688e-03   0.000000000000000e+00
 -9.999950553174459e-01  -3.144732207735998e-03   0.000000000000000e+00
 -9.999554981504110e-01  -9.434072225896357e-03   0.000000000000000e+00
 -9.998763853811183e-01  -1.572303905704101e-02   0.000000000000000e+00
 -9.997577201390606e-01  -2.201138392622709e-02   0.000000000000000e+00
 -9.995995071183217e-01  -2.829885808311759e-02   0.000000000000000e+00
 -9.994017525773914e-01  -3.458521281181678e-02   0.000000000000000e+00
 -9.991644643389178e-01  -4.087019944071145e-02   0.000000000000000e+00
 -9.988876517893979e-01  -4.715356935230550e-02   0.000000000000000e+00
 -9.985713258788059e-01  -5.343507399305723e-02   0.000000000000000e+00
 -9.982154991201608e-01  -5.971446488321010e-02   0.000000000000000e+00
 -9.978201855890307e-01  -6.599149362662023e-02   0.000000000000000e+00
 -9.973854009229762e-01  -7.226591192058669e-02   0.000000000000000e+00
 -9.969111623209320e-01  -7.853747156566927e-02   0.000000000000000e+00
 -9.963974885425265e-01  -8.480592447550882e-02   0.000000000000000e+00
 -9.958443999073396e-01  -9.107102268664041e-02   0.000000000000000e+00
 -9.952519182940991e-01  -9.733251836830219e-02   0.000000000000000e+00
 -9.946200671398149e-01  -1.035901638322393e-01   0.000000000000000e+00
 -9.939488714388524e-01  -1.098437115424995e-01   0.000000000000000e+00
 -9.932383577419430e-01  -1.160929141252297e-01   0.000000000000000e+00
 -9.924885541551350e-01  -1.223375243784571e-01   0.000000000000000e+00
 -9.916994903386808e-01  -1.285772952818685e-01   0.000000000000000e+00
 -9.908711975058636e-01  -1.348119800065845e-01   0.000000000000000e+00
 -9.900037084217639e-01  -1.410413319249191e-01   0.000000000000000e+00
 -9.890970574019613e-01  -1.472651046201413e-01   0.000000000000000e+00
 -9.881512803111796e-01  -1.534830518962159e-01   0.000000000000000e+00
 -9.871664145618658e-01  -1.596949277875491e-01   0.000000000000000e+00
 -9.861424991127116e-01  -1.659004865687130e-01   0.000000000000000e+00
 -9.850795744671116e-01  -1.720994827641686e-01   0.000000000000000e+00
 -9.839776826715616e-01  -1.782916711579755e-01   0.000000000000000e+00
 -9.828368673139949e-01  -1.844768068034918e-01   0.000000000000000e+00
 -9.816571735220582e-01  -1.906546450330645e-01   0.000000000000000e+00
 -9.804386479613268e-01  -1.968249414677049e-01   0.000000000000000e+00
 -9.791813388334580e-01  -2.029874520267612e-01   0.000000000000000e+00
 -9.778852958742851e-01  -2.091419329375672e-01   0.000000000000000e+00
 -9.765505703518493e-01  -2.152881407450901e-01   0.000000000000000e+00
 -9.751772150643722e-01  -2.214258323215593e-01   0.000000000000000e+00
 -9.737652843381669e-01  -2.275547648760821e-01   0.000000000000000e+00
 -9.723148340254890e-01  -2.336746959642521e-01   0.000000000000000e+00
 -9.708259215023277e-01  -2.397853834977356e-01   0.000000000000000e+00
 -9.692986056661356e-01  -2.458865857538499e-01   0.000000000000000e+00
 -9.677329469334990e-01  -2.519780613851247e-01   0.000000000000000e+00
 -9.661290072377481e-01  -2.580595694288498e-01   0.000000000000000e+00
 -9.644868500265070e-01  -2.641308693166062e-01   0.000000000000000e+00
 -9.628065402591846e-01  -2.701917208837816e-01   0.000000000000000e+00
 -9.610881444044028e-01  -2.762418843790743e-01   0.000000000000000e+00
 -9.593317304373702e-01  -2.822811204739715e-01   0.000000000000000e+00
 -9.575373678371909e-01  -2.883091902722216e-01   0.000000000000000e+00
 -9.557051275841170e-01  -2.943258553192816e-01   0.000000000000000e+00
 -9.538350821567405e-01  -3.003308776117502e-01   0.000000000000000e+00
 -9.519273055291264e-01  -3.063240196067836e-01   0.000000000000000e+00
 -9.499818731678872e-01  -3.123050442314891e-01   0.000000000000000e+00
 -9.479988620291956e-01  -3.182737148923082e-01   0.000000000000000e+00
 -9.459783505557425e-01  -3.242297954843705e-01   0.000000000000000e+00
 -9.439204186736331e-01  -3.301730504008363e-01   0.000000000000000e+00
 -9.418251477892251e-01  -3.361032445422156e-01   0.000000000000000e+00
 -9.396926207859085e-01  -3.420201433256682e-01   0.000000000000000e+00
 -9.375229220208274e-01  -3.479235126942838e-01   0.000000000000000e+00
 -9.353161373215430e-01  -3.538131191263386e-01   0.000000000000000e+00
 -9.330723539826374e-01  -3.596887296445355e-01   0.000000000000000e+00
 -9.307916607622622e-01  -3.655501118252188e-01   0.000000000000000e+00
 -9.284741478786258e-01  -3.713970338075679e-01   0.000000000000000e+00
 -9.261199070064259e-01  -3.772292643027700e-01   0.000000000000000e+00
 -9.237290312732227e-01  -3.830465726031674e-01   0.000000000000000e+00
 -9.213016152557540e-01  -3.888487285913876e-01   0.000000000000000e+00
 -9.188377549761962e-01  -3.946355027494405e-01   0.000000000000000e+00
 -9.163375478983633e-01  -4.004066661678035e-01   0.000000000000000e+00
 -9.138010929238535e-01  -4.061619905544720e-01   0.000000000000000e+00
 -9.112284903881359e-01  -4.119012482439922e-01   0.000000000000000e+00
 -9.086198420565822e-01  -4.176242122064664e-01   0.000000000000000e+00
 -9.059752511204402e-01  -4.233306560565339e-01   0.000000000000000e+00
 -9.032948221927524e-01  -4.290203540623263e-01   0.000000000000000e+00
 -9.005786613042185e-01  -4.346930811543954e-01   0.000000000000000e+00
 -8.978268758989992e-01  -4.403486129346191e-01   0.000000000000000e+00
 -8.950395748304680e-01  -4.459867256850757e-01   0.000000000000000e+00
 -8.922168683569039e-01  -4.516071963768948e-01   0.000000000000000e+00
 -8.893588681371303e-01  -4.572098026790792e-01   0.000000000000000e+00
 -8.864656872260989e-01  -4.627943229672987e-01   0.000000000000000e+00
 -8.835374400704152e-01  -4.683605363326606e-01   0.000000000000000e+00
 -8.805742425038149e-01  -4.739082225904427e-01   0.000000000000000e+00
 -8.775762117425778e-01  -4.794371622888093e-01   0.000000000000000e+00
 -8.745434663808944e-01  -4.849471367174873e-01   0.000000000000000e+00
 -8.714761263861727e-01  -4.904379279164200e-01   0.000000000000000e+00
 -8.683743130942928e-01  -4.959093186843894e-01   0.000000000000000e+00
 -8.652381492048083e-01  -5.013610925876058e-01   0.000000000000000e+00
 -8.620677587760915e-01  -5.067930339682724e-01   0.000000000000000e+00
 -8.588632672204262e-01  -5.122049279531141e-01   0.000000000000000e+00
 -8.556248012990468e-01  -5.175965604618782e-01   0.000000000000000e+00
 -8.523524891171242e-01  -5.229677182158021e-01   0.000000000000000e+00
 -8.490464601186980e-01  -5.283181887460511e-01   0.000000000000000e+00
 -8.457068450815560e-01  -5.336477604021224e-01   0.000000000000000e+00
 -8.423337761120619e-01  -5.389562223602160e-01   0.000000000000000e+00
 -8.389273866399276e-01  -5.442433646315786e-01   0.000000000000000e+00
 -8.354878114129367e-01  -5.495089780708056e-01   0.000000000000000e+00
 -8.320151864916139e-01  -5.547528543841167e-01   0.000000000000000e+00
 -8.285096492438424e-01  -5.599747861375949e-01   0.000000000000000e+00
 -8.249713383394305e-01  -5.651745667653922e-01   0.000000000000000e+00
 -8.214003937446251e-01  -5.703519905779016e-01   0.000000000000000e+00
 -8.177969567165779e-01  -5.755068527698898e-01   0.000000000000000e+00
 -8.141611697977530e-01  -5.806389494286053e-01   0.000000000000000e+00
 -8.104931768102922e-01  -5.857480775418391e-01   0.000000000000000e+00
 -8.067931228503245e-01  -5.908340350059578e-01   0.000000000000000e+00
 -8.030611542822259e-01  -5.958966206338974e-01   0.000000000000000e+00
 -7.992974187328304e-01  -6.009356341631226e-01   0.000000000000000e+00
 -7.955020650855900e-01  -6.059508762635482e-01   0.000000000000000e+00
 -7.916752434746857e-01  -6.109421485454225e-01   0.000000000000000e+00
 -7.878171052790871e-01  -6.159092535671792e-01   0.000000000000000e+00
 -7.839278031165661e-01  -6.208519948432432e-01   0.000000000000000e+00
 -7.800074908376586e-01  -6.257701768518055e-01   0.000000000000000e+00
 -7.760563235195789e-01  -6.306636050425574e-01   0.000000000000000e+00
 -7.720744574600863e-01  -6.355320858443839e-01   0.000000000000000e+00
 -7.680620501712995e-01  -6.403754266730262e-01   0.000000000000000e+00
 -7.640192603734696e-01  -6.451934359386932e-01   0.000000000000000e+00
 -7.599462479886977e-01  -6.499859230536464e-01   0.000000000000000e+00
 -7.558431741346122e-01  -6.547526984397347e-01   0.000000000000000e+00
 -7.517102011179935e-01  -6.594935735358957e-01   0.000000000000000e+00
 -7.475474924283535e-01  -6.642083608056140e-01   0.000000000000000e+00
 -7.433552127314704e-01  -6.688968737443391e-01   0.000000000000000e+00
 -7.391335278628711e-01  -6.735589268868658e-01   0.000000000000000e+00
 -7.348826048212762e-01  -6.781943358146659e-01   0.000000000000000e+00
 -7.306026117619890e-01  -6.828029171631886e-01   0.000000000000000e+00
 -7.262937179902474e-01  -6.873844886291098e-01   0.000000000000000e+00
 -7.219560939545246e-01  -6.919388689775461e-01   0.000000000000000e+00
 -7.175899112397877e-01  -6.964658780492219e-01   0.000000000000000e+00
 -7.131953425607104e-01  -7.009653367675972e-01   0.000000000000000e+00
 -7.087725617548385e-01  -7.054370671459529e-01   0.000000000000000e+00
 -7.043217437757167e-01  -7.098808922944283e-01   0.000000000000000e+00
 -6.998430646859656e-01  -7.142966364270207e-01   0.000000000000000e+00
 -6.953367016503182e-01  -7.186841248685381e-01   0.000000000000000e+00
 -6.908028329286112e-01  -7.230431840615090e-01   0.000000000000000e+00
 -6.862416378687336e-01  -7.273736415730486e-01   0.000000000000000e+00
 -6.816532968995332e-01  -7.316753261016780e-01   0.000000000000000e+00
 -6.770379915236764e-01  -7.359480674841034e-01   0.000000000000000e+00
 -6.723959043104729e-01  -7.401916967019432e-01   0.000000000000000e+00
 -6.677272188886489e-01  -7.444060458884185e-01   0.000000000000000e+00
 -6.630321199390868e-01  -7.485909483349905e-01   0.000000000000000e+00
 -6.583107931875190e-01  -7.527462384979546e-01   0.000000000000000e+00
 -6.535634253971795e-01  -7.568717520049916e-01   0.000000000000000e+00
 -6.487902043614179e-01  -7.609673256616670e-01   0.000000000000000e+00
 -6.439913188962686e-01  -7.650327974578897e-01   0.000000000000000e+00
 -6.391669588329856e-01  -7.690680065743162e-01   0.000000000000000e+00
 -6.343173150105280e-01  -7.730727933887175e-01   0.000000000000000e+00
 -6.294425792680158e-01  -7.770469994822885e-01   0.000000000000000e+00
 -6.245429444371393e-01  -7.809904676459172e-01   0.000000000000000e+00
 -6.196186043345288e-01  -7.849030418864044e-01   0.000000000000000e+00
 -6.146697537540928e-01  -7.887845674326310e-01   0.000000000000000e+00
 -6.096965884593071e-01  -7.926348907416847e-01   0.000000000000000e+00
 -6.046993051754759e-01  -7.964538595049286e-01   0.000000000000000e+00
 -5.996781015819450e-01  -8.002413226540319e-01   0.000000000000000e+00
 -5.946331763042871e-01  -8.039971303669401e-01   0.000000000000000e+00
 -5.895647289064396e-01  -8.077211340738066e-01   0.000000000000000e+00
 -5.844729598828156e-01  -8.114131864628653e-01   0.000000000000000e+00
 -5.793580706503673e-01  -8.150731414862620e-01   0.000000000000000e+00
 -5.742202635406243e-01  -8.187008543658276e-01   0.000000000000000e+00
 -5.690597417916842e-01  -8.222961815988091e-01   0.000000000000000e+00
 -5.638767095401779e-01  -8.258589809635432e-01   0.000000000000000e+00
 -5.586713718131925e-01  -8.293891115250824e-01   0.000000000000000e+00
 -5.534439345201586e-01  -8.328864336407734e-01   0.000000000000000e+00
 -5.481946044447102e-01  -8.363508089657758e-01   0.000000000000000e+00
 -5.429235892364995e-01  -8.397821004585396e-01   0.000000000000000e+00
 -5.376310974029878e-01  -8.431801723862220e-01   0.000000000000000e+00
 -5.323173383011922e-01  -8.465448903300604e-01   0.000000000000000e+00
 -5.269825221294102e-01  -8.498761211906860e-01   0.000000000000000e+00
 -5.216268599188980e-01  -8.531737331933926e-01   0.000000000000000e+00
 -5.162505635255294e-01  -8.564375958933454e-01   0.000000000000000e+00
 -5.108538456214089e-01  -8.596675801807451e-01   0.000000000000000e+00
 -5.054369196864652e-01  -8.628635582859306e-01   0.000000000000000e+00
 -5.000000000000004e-01  -8.660254037844385e-01   0.000000000000000e+00
 -4.945433016322188e-01  -8.691529916019989e-01   0.000000000000000e+00
 -4.890670404357173e-01  -8.722461980194860e-01   0.000000000000000e+00
 -4.835714330369445e-01  -8.753049006778129e-01   0.000000000000000e+00
 -4.780566968276366e-01  -8.783289785827684e-01   0.000000000000000e+00
 -4.725230499562121e-01  -8.813183121098069e-01   0.000000000000000e+00
 -4.669707113191486e-01  -8.842727830087774e-01   0.000000000000000e+00
 -4.613999005523174e-01  -8.871922744086039e-01   0.000000000000000e+00
 -4.558108380223019e-01  -8.900766708219056e-01   0.000000000000000e+00
 -4.502037448176736e-01  -8.929258581495684e-01   0.000000000000000e+00
 -4.445788427402534e-01  -8.957397236852550e-01   0.000000000000000e+00
 -4.389363542963309e-01  -8.985181561198671e-01   0.000000000000000e+00
 -4.332765026878693e-01  -9.012610455459443e-01   0.000000000000000e+00
 -4.275995118036696e-01  -9.039682834620159e-01   0.000000000000000e+00
 -4.219056062105194e-01  -9.066397627768893e-01   0.000000000000000e+00
 -4.161950111443082e-01  -9.092753778138882e-01   0.000000000000000e+00
 -4.104679525011140e-01  -9.118750243150336e-01   0.000000000000000e+00
 -4.047246568282741e-01  -9.144385994451655e-01   0.000000000000000e+00
 -3.989653513154165e-01  -9.169660017960133e-01   0.000000000000000e+00
 -3.931902637854796e-01  -9.194571313902051e-01   0.000000000000000e+00
 -3.873996226856933e-01  -9.219118896852250e-01   0.000000000000000e+00
 -3.815936570785492e-01  -9.243301795773081e-01   0.000000000000000e+00
 -3.757725966327325e-01  -9.267119054052849e-01   0.000000000000000e+00
 -3.699366716140440e-01  -9.290569729543624e-01   0.000000000000000e+00
 -3.640861128762842e-01  -9.313652894598540e-01   0.000000000000000e+00
 -3.582211518521283e-01  -9.336367636108458e-01   0.000000000000000e+00
 -3.523420205439648e-01  -9.358713055538118e-01   0.000000000000000e+00
 -3.464489515147236e-01  -9.380688268961658e-01   0.000000000000000e+00
 -3.405421778786742e-01  -9.402292407097588e-01   0.000000000000000e+00
 -3.346219332922016e-01  -9.423524615343186e-01   0.000000000000000e+00
 -3.286884519445695e-01  -9.444384053808287e-01   0.000000000000000e+00
 -3.227419685486494e-01  -9.464869897348523e-01   0.000000000000000e+00
 -3.167827183316434e-01  -9.484981335597950e-01   0.000000000000000e+00
 -3.108109370257714e-01  -9.504717573001115e-01   0.000000000000000e+00
 -3.048268608589539e-01  -9.524077828844512e-01   0.000000000000000e+00
 -2.988307265454601e-01  -9.543061337287487e-01   0.000000000000000e+00
 -2.928227712765512e-01  -9.561667347392507e-01   0.000000000000000e+00
 -2.868032327110906e-01  -9.579895123154888e-01   0.000000000000000e+00
 -2.807723489661493e-01  -9.597743943531890e-01   0.000000000000000e+00
 -2.747303586075833e-01  -9.615213102471253e-01   0.000000000000000e+00
 -2.686775006405946e-01  -9.632301908939126e-01   0.000000000000000e+00
 -2.626140145002825e-01  -9.649009686947388e-01   0.000000000000000e+00
 -2.565401400421652e-01  -9.665335775580413e-01   0.000000000000000e+00
 -2.504561175326991e-01  -9.681279529021186e-01   0.000000000000000e+00
 -2.443621876397672e-01  -9.696840316576876e-01   0.000000000000000e+00
 -2.382585914231657e-01  -9.712017522703761e-01   0.000000000000000e+00
 -2.321455703250619e-01  -9.726810547031600e-01   0.000000000000000e+00
 -2.260233661604498e-01  -9.741218804387360e-01   0.000000000000000e+00
 -2.198922211075781e-01  -9.755241724818386e-01   0.000000000000000e+00
 -2.137523776983765e-01  -9.768878753614924e-01   0.000000000000000e+00
 -2.076040788088557e-01  -9.782129351332083e-01   0.000000000000000e+00
 -2.014475676495052e-01  -9.794992993811165e-01   0.000000000000000e+00
 -1.952830877556705e-01  -9.807469172200395e-01   0.000000000000000e+00
 -1.891108829779164e-01  -9.819557392975067e-01   0.000000000000000e+00
 -1.829311974723873e-01  -9.831257177957041e-01   0.000000000000000e+00
 -1.767442756911418e-01  -9.842568064333687e-01   0.000000000000000e+00
 -1.705503623724895e-01  -9.853489604676166e-01   0.000000000000000e+00
 -1.643497025313064e-01  -9.864021366957145e-01   0.000000000000000e+00
 -1.581425414493416e-01  -9.874162934567888e-01   0.000000000000000e+00
 -1.519291246655159e-01  -9.883913906334727e-01   0.000000000000000e+00
 -1.457096979662122e-01  -9.893273896534934e-01   0.000000000000000e+00
 -1.394845073755460e-01  -9.902242534911985e-01   0.000000000000000e+00
 -1.332537991456406e-01  -9.910819466690195e-01   0.000000000000000e+00
 -1.270178197468783e-01  -9.919004352588769e-01   0.000000000000000e+00
 -1.207768158581612e-01  -9.926796868835203e-01   0.000000000000000e+00
 -1.145310343571414e-01  -9.934196707178107e-01   0.000000000000000e+00
 -1.082807223104620e-01  -9.941203574899392e-01   0.000000000000000e+00
 -1.020261269639847e-01  -9.947817194825852e-01   0.000000000000000e+00
 -9.576749573300417e-02  -9.954037305340125e-01   0.000000000000000e+00
 -8.950507619246729e-02  -9.959863660391043e-01   0.000000000000000e+00
 -8.323911606717216e-02  -9.965296029503368e-01   0.000000000000000e+00
 -7.696986322198013e-02  -9.970334197786901e-01   0.000000000000000e+00
 -7.069756565199500e-02  -9.974977965944997e-01   0.000000000000000e+00
 -6.442247147276896e-02  -9.979227150282431e-01   0.000000000000000e+00
 -5.814482891047624e-02  -9.983081582712682e-01   0.000000000000000e+00
 -5.186488629210193e-02  -9.986541110764564e-01   0.000000000000000e+00
 -4.558289203561173e-02  -9.989605597588274e-01   0.000000000000000e+00
 -3.929909464013051e-02  -9.992274921960794e-01   0.000000000000000e+00
 -3.301374267611410e-02  -9.994548978290693e-01   0.000000000000000e+00
 -2.672708477550499e-02  -9.996427676622299e-01   0.000000000000000e+00
 -2.043936962191217e-02  -9.997910942639261e-01   0.000000000000000e+00
 -1.415084594076232e-02  -9.998998717667489e-01   0.000000000000000e+00
 -7.861762489468911e-03  -9.999690958677468e-01   0.000000000000000e+00
 -1.572368047584881e-03  -9.999987638285974e-01   0.000000000000000e+00
  4.717088593032201e-03  -9.999888744757141e-01   0.000000000000000e+00
  1.100635863806435e-02  -9.999394282002937e-01   0.000000000000000e+00
  1.729519330057657e-02  -9.998504269583004e-01   0.000000000000000e+00
  2.358334381085648e-02  -9.997218742703887e-01   0.000000000000000e+00
  2.987056142625226e-02  -9.995537752217639e-01   0.000000000000000e+00
  3.615659744101852e-02  -9.993461364619809e-01   0.000000000000000e+00
  4.244120319614822e-02  -9.990989662046815e-01   0.000000000000000e+00
  4.872413008921248e-02  -9.988122742272691e-01   0.000000000000000e+00
  5.500512958419292e-02  -9.984860718705224e-01   0.000000000000000e+00
  6.128395322131569e-02  -9.981203720381463e-01   0.000000000000000e+00
  6.756035262687816e-02  -9.977151891962615e-01   0.000000000000000e+00
  7.383407952307124e-02  -9.972705393728327e-01   0.000000000000000e+00
  8.010488573780679e-02  -9.967864401570343e-01   0.000000000000000e+00
  8.637252321452761e-02  -9.962629106985544e-01   0.000000000000000e+00
  9.263674402202784e-02  -9.956999717068377e-01   0.000000000000000e+00
  9.889730036424894e-02  -9.950976454502661e-01   0.000000000000000e+00
  1.051539445900978e-01  -9.944559557552776e-01   0.000000000000000e+00
  1.114064292032274e-01  -9.937749280054243e-01   0.000000000000000e+00
  1.176545068718381e-01  -9.930545891403677e-01   0.000000000000000e+00
  1.238979304384550e-01  -9.922949676548137e-01   0.000000000000000e+00
  1.301364529297071e-01  -9.914960935973849e-01   0.000000000000000e+00
  1.363698275660997e-01  -9.906579985694317e-01   0.000000000000000e+00
  1.425978077717702e-01  -9.897807157237836e-01   0.000000000000000e+00
  1.488201471842488e-01  -9.888642797634357e-01   0.000000000000000e+00
  1.550365996641971e-01  -9.879087269401782e-01   0.000000000000000e+00
  1.612469193051520e-01  -9.869140950531601e-01   0.000000000000000e+00
  1.674508604432454e-01  -9.858804234473959e-01   0.000000000000000e+00
  1.736481776669300e-01  -9.848077530122081e-01   0.000000000000000e+00
  1.798386258266799e-01  -9.836961261796101e-01   0.000000000000000e+00
  1.860219600446915e-01  -9.825455869226278e-01   0.000000000000000e+00
  1.921979357245719e-01  -9.813561807535597e-01   0.000000000000000e+00
  1.983663085610124e-01  -9.801279547221767e-01   0.000000000000000e+00
  2.045268345494508e-01  -9.788609574138615e-01   0.000000000000000e+00
  2.106792699957257e-01  -9.775552389476864e-01   0.000000000000000e+00
  2.168233715257190e-01  -9.762108509744296e-01   0.000000000000000e+00
  2.229588960949774e-01  -9.748278466745341e-01   0.000000000000000e+00
  2.290856009983297e-01  -9.734062807560028e-01   0.000000000000000e+00
  2.352032438794893e-01  -9.719462094522338e-01   0.000000000000000e+00
  2.413115827406398e-01  -9.704476905197968e-01   0.000000000000000e+00
  2.474103759520016e-01  -9.689107832361498e-01   0.000000000000000e+00
  2.534993822614043e-01  -9.673355483972903e-01   0.000000000000000e+00
  2.595783608038147e-01  -9.657220483153549e-01   0.000000000000000e+00
  2.656470711108758e-01  -9.640703468161508e-01   0.000000000000000e+00
  2.717052731204117e-01  -9.623805092366338e-01   0.000000000000000e+00
  2.777527271859300e-01  -9.606526024223212e-01   0.000000000000000e+00
  2.837891940860975e-01  -9.588866947246495e-01   0.000000000000000e+00
  2.898144350342006e-01  -9.570828559982710e-01   0.000000000000000e+00
  2.958282116876022e-01  -9.552411575982869e-01   0.000000000000000e+00
  3.018302861571561e-01  -9.533616723774295e-01   0.000000000000000e+00
  3.078204210166275e-01  -9.514444746831767e-01   0.000000000000000e+00
  3.137983793120779e-01  -9.494896403548136e-01   0.000000000000000e+00
  3.197639245712449e-01  -9.474972467204299e-01   0.000000000000000e+00
  3.257168208128897e-01  -9.454673725938637e-01   0.000000000000000e+00
  3.316568325561386e-01  -9.434000982715813e-01   0.000000000000000e+00
  3.375837248297914e-01  -9.412955055295036e-01   0.000000000000000e+00
  3.434972631816228e-01  -9.391536776197680e-01   0.000000000000000e+00
  3.493972136876508e-01  -9.369746992674381e-01   0.000000000000000e+00
  3.552833429613931e-01  -9.347586566671512e-01   0.000000000000000e+00
  3.611554181631010e-01  -9.325056374797075e-01   0.000000000000000e+00
  3.670132070089656e-01  -9.302157308286042e-01   0.000000000000000e+00
  3.728564777803084e-01  -9.278890272965095e-01   0.000000000000000e+00
  3.786849993327494e-01  -9.255256189216783e-01   0.000000000000000e+00
  3.844985411053488e-01  -9.231255991943125e-01   0.000000000000000e+00
  3.902968731297248e-01  -9.206890630528635e-01   0.000000000000000e+00
  3.960797660391565e-01  -9.182161068802742e-01   0.000000000000000e+00
  4.018469910776504e-01  -9.157068285001695e-01   0.000000000000000e+00
  4.075983201089967e-01  -9.131613271729832e-01   0.000000000000000e+00
  4.133335256257831e-01  -9.105797035920360e-01   0.000000000000000e+00
  4.190523807584094e-01  -9.079620598795464e-01   0.000000000000000e+00
  4.247546592840469e-01  -9.053084995825971e-01   0.000000000000000e+00
  4.304401356355976e-01  -9.026191276690343e-01   0.000000000000000e+00
  4.361085849106109e-01  -8.998940505233183e-01   0.000000000000000e+00
  4.417597828801825e-01  -8.971333759423143e-01   0.000000000000000e+00
  4.473935059978275e-01  -8.943372131310270e-01   0.000000000000000e+00
  4.530095314083134e-01  -8.915056726982843e-01   0.000000000000000e+00
  4.586076369564906e-01  -8.886388666523560e-01   0.000000000000000e+00
  4.641876011960654e-01  -8.857369083965297e-01   0.000000000000000e+00
  4.697492033983705e-01  -8.827999127246198e-01   0.000000000000000e+00
  4.752922235610892e-01  -8.798279958164298e-01   0.000000000000000e+00
  4.808164424169644e-01  -8.768212752331538e-01   0.000000000000000e+00
  4.863216414424667e-01  -8.737798699127286e-01   0.000000000000000e+00
  4.918076028664412e-01  -8.707039001651278e-01   0.000000000000000e+00
  4.972741096787233e-01  -8.675934876676018e-01   0.000000000000000e+00
  5.027209456387213e-01  -8.644487554598652e-01   0.000000000000000e+00
  5.081478952839691e-01  -8.612698279392309e-01   0.000000000000000e+00
  5.135547439386511e-01  -8.580568308556878e-01   0.000000000000000e+00
  5.189412777220956e-01  -8.548098913069261e-01   0.000000000000000e+00
  5.243072835572318e-01  -8.515291377333112e-01   0.000000000000000e+00
  5.296525491790202e-01  -8.482146999128025e-01   0.000000000000000e+00
  5.349768631428510e-01  -8.448667089558183e-01   0.000000000000000e+00
  5.402800148329067e-01  -8.414852973000504e-01   0.000000000000000e+00
  5.455617944704911e-01  -8.380705987052269e-01   0.000000000000000e+00
  5.508219931223336e-01  -8.346227482478176e-01   0.000000000000000e+00
  5.560604027088468e-01  -8.311418823156941e-01   0.000000000000000e+00
  5.612768160123655e-01  -8.276281386027310e-01   0.000000000000000e+00
  5.664710266853338e-01  -8.240816561033645e-01   0.000000000000000e+00
  5.716428292584782e-01  -8.205025751070878e-01   0.000000000000000e+00
  5.767920191489303e-01  -8.168910371929050e-01   0.000000000000000e+00
  5.819183926683146e-01  -8.132471852237333e-01   0.000000000000000e+00
  5.870217470308184e-01  -8.095711633407442e-01   0.000000000000000e+00
  5.921018803612005e-01  -8.058631169576695e-01   0.000000000000000e+00
  5.971585917027866e-01  -8.021231927550434e-01   0.000000000000000e+00
  6.021916810254089e-01  -7.983515386744063e-01   0.000000000000000e+00
  6.072009492333313e-01  -7.945483039124439e-01   0.000000000000000e+00
  6.121861981731129e-01  -7.907136389150943e-01   0.000000000000000e+00
  6.171472306414548e-01  -7.868476953715903e-01   0.000000000000000e+00
  6.220838503929953e-01  -7.829506262084637e-01   0.000000000000000e+00
  6.269958621480780e-01  -7.790225855834916e-01   0.000000000000000e+00
  6.318830716004720e-01  -7.750637288796017e-01   0.000000000000000e+00
  6.367452854250600e-01  -7.710742126987251e-01   0.000000000000000e+00
  6.415823112854881e-01  -7.670541948555989e-01   0.000000000000000e+00
  6.463939578417687e-01  -7.630038343715277e-01   0.000000000000000e+00
  6.511800347578555e-01  -7.589232914680891e-01   0.000000000000000e+00
  6.559403527091671e-01  -7.548127275607994e-01   0.000000000000000e+00
  6.606747233900812e-01  -7.506723052527245e-01   0.000000000000000e+00
  6.653829595213794e-01  -7.465021883280519e-01   0.000000000000000e+00
  6.700648748576570e-01  -7.423025417456096e-01   0.000000000000000e+00
  6.747202841946919e-01  -7.380735316323396e-01   0.000000000000000e+00
  6.793490033767701e-01  -7.338153252767274e-01   0.000000000000000e+00
  6.839508493039649e-01  -7.295280911221891e-01   0.000000000000000e+00
  6.885256399393918e-01  -7.252119987603978e-01   0.000000000000000e+00
  6.930731943163970e-01  -7.208672189245852e-01   0.000000000000000e+00
  6.975933325457231e-01  -7.164939234827831e-01   0.000000000000000e+00
  7.020858758226224e-01  -7.120922854310257e-01   0.000000000000000e+00
  7.065506464339318e-01  -7.076624788865049e-01   0.000000000000000e+00
  7.109874677651027e-01  -7.032046790806835e-01   0.000000000000000e+00
  7.153961643071813e-01  -6.987190623523680e-01   0.000000000000000e+00
  7.197765616637632e-01  -6.942058061407228e-01   0.000000000000000e+00
  7.241284865578796e-01  -6.896650889782625e-01   0.000000000000000e+00
  7.284517668388606e-01  -6.850970904837812e-01   0.000000000000000e+00
  7.327462314891391e-01  -6.805019913552530e-01   0.000000000000000e+00
  7.370117106310209e-01  -6.758799733626795e-01   0.000000000000000e+00
  7.412480355333995e-01  -6.712312193409035e-01   0.000000000000000e+00
  7.454550386184358e-01  -6.665559131823724e-01   0.000000000000000e+00
  7.496325534681824e-01  -6.618542398298681e-01   0.000000000000000e+00
  7.537804148311691e-01  -6.571263852691891e-01   0.000000000000000e+00
  7.578984586289408e-01  -6.523725365217912e-01   0.000000000000000e+00
  7.619865219625446e-01  -6.475928816373946e-01   0.000000000000000e+00
  7.660444431189778e-01  -6.427876096865396e-01   0.000000000000000e+00
  7.700720615775812e-01  -6.379569107531119e-01   0.000000000000000e+00
  7.740692180163904e-01  -6.331009759268216e-01   0.000000000000000e+00
  7.780357543184390e-01  -6.282199972956430e-01   0.000000000000000e+00
  7.819715135780128e-01  -6.233141679382170e-01   0.000000000000000e+00
  7.858763401068548e-01  -6.183836819162154e-01   0.000000000000000e+00
  7.897500794403257e-01  -6.134287342666622e-01   0.000000000000000e+00
  7.935925783435143e-01  -6.084495209942179e-01   0.000000000000000e+00
  7.974036848172992e-01  -6.034462390634260e-01   0.000000000000000e+00
  8.011832481043574e-01  -5.984190863909270e-01   0.000000000000000e+00
  8.049311186951345e-01  -5.933682618376209e-01   0.000000000000000e+00
  8.086471483337548e-01  -5.882939652008053e-01   0.000000000000000e+00
  8.123311900238854e-01  -5.831963972062739e-01   0.000000000000000e+00
  8.159830980345544e-01  -5.780757595003710e-01   0.000000000000000e+00
  8.196027279059110e-01  -5.729322546420206e-01   0.000000000000000e+00
  8.231899364549455e-01  -5.677660860947075e-01   0.000000000000000e+00
  8.267445817811460e-01  -5.625774582184379e-01   0.000000000000000e+00
  8.302665232721205e-01  -5.573665762616425e-01   0.000000000000000e+00
  8.337556216091511e-01  -5.521336463530711e-01   0.000000000000000e+00
  8.372117387727104e-01  -5.468788754936279e-01   0.000000000000000e+00
  8.406347380479176e-01  -5.416024715481909e-01   0.000000000000000e+00
  8.440244840299500e-01  -5.363046432373830e-01   0.000000000000000e+00
  8.473808426293966e-01  -5.309856001293197e-01   0.000000000000000e+00
  8.507036810775611e-01  -5.256455526313213e-01   0.000000000000000e+00
  8.539928679317206e-01  -5.202847119815792e-01   0.000000000000000e+00
  8.572482730803164e-01  -5.149032902408133e-01   0.000000000000000e+00
  8.604697677481075e-01  -5.095015002838734e-01   0.000000000000000e+00
  8.636572245012601e-01  -5.040795557913254e-01   0.000000000000000e+00
  8.668105172523927e-01  -4.986376712409918e-01   0.000000000000000e+00
  8.699295212655597e-01  -4.931760618994744e-01   0.000000000000000e+00
  8.730141131611879e-01  -4.876949438136350e-01   0.000000000000000e+00
  8.760641709209577e-01  -4.821945338020486e-01   0.000000000000000e+00
  8.790795738926286e-01  -4.766750494464279e-01   0.000000000000000e+00
  8.820602027948109e-01  -4.711367090830188e-01   0.000000000000000e+00
  8.850059397216871e-01  -4.655797317939577e-01   0.000000000000000e+00
  8.879166681476729e-01  -4.600043373986112e-01   0.000000000000000e+00
  8.907922729320285e-01  -4.544107464448773e-01   0.000000000000000e+00
  8.936326403234122e-01  -4.487991802004624e-01   0.000000000000000e+00
  8.964376579643814e-01  -4.431698606441268e-01   0.000000000000000e+00
  8.992072148958367e-01  -4.375230104569046e-01   0.000000000000000e+00
  9.019412015614092e-01  -4.318588530132981e-01   0.000000000000000e+00
  9.046395098117979e-01  -4.261776123724357e-01   0.000000000000000e+00
  9.073020329090440e-01  -4.204795132692152e-01   0.000000000000000e+00
  9.099286655307569e-01  -4.147647811054067e-01   0.000000000000000e+00
  9.125193037742757e-01  -4.090336419407468e-01   0.000000000000000e+00
  9.150738451607858e-01  -4.032863224839818e-01   0.000000000000000e+00
  9.175921886393661e-01  -3.975230500839139e-01   0.000000000000000e+00
  9.200742345909910e-01  -3.917440527203979e-01   0.000000000000000e+00
  9.225198848324686e-01  -3.859495589953290e-01   0.000000000000000e+00
  9.249290426203248e-01  -3.801397981235974e-01   0.000000000000000e+00
  9.273016126546325e-01  -3.743149999240183e-01   0.000000000000000e+00
  9.296375010827769e-01  -3.684753948102507e-01   0.000000000000000e+00
  9.319366155031737e-01  -3.626212137816673e-01   0.000000000000000e+00
  9.341988649689195e-01  -3.567526884142326e-01   0.000000000000000e+00
  9.364241599913922e-01  -3.508700508513309e-01   0.000000000000000e+00
  9.386124125437890e-01  -3.449735337945914e-01   0.000000000000000e+00
  9.407635360646108e-01  -3.390633704946757e-01   0.000000000000000e+00
  9.428774454610841e-01  -3.331397947420577e-01   0.000000000000000e+00
  9.449540571125281e-01  -3.272030408577722e-01   0.000000000000000e+00
  9.469932888736630e-01  -3.212533436841447e-01   0.000000000000000e+00
  9.489950600778585e-01  -3.152909385755031e-01   0.000000000000000e+00
  9.509592915403252e-01  -3.093160613888691e-01   0.000000000000000e+00
  9.528859055612465e-01  -3.033289484746273e-01   0.000000000000000e+00
  9.547748259288534e-01  -2.973298366671726e-01   0.000000000000000e+00
  9.566259779224378e-01  -2.913189632755471e-01   0.000000000000000e+00
  9.584392883153086e-01  -2.852965660740502e-01   0.000000000000000e+00
  9.602146853776892e-01  -2.792628832928309e-01   0.000000000000000e+00
  9.619520988795549e-01  -2.732181536084655e-01   0.000000000000000e+00
  9.636514600934084e-01  -2.671626161345222e-01   0.000000000000000e+00
  9.653127017970032e-01  -2.610965104120888e-01   0.000000000000000e+00
  9.669357582759981e-01  -2.550200764003114e-01   0.000000000000000e+00
  9.685205653265599e-01  -2.489335544668914e-01   0.000000000000000e+00
  9.700670602579007e-01  -2.428371853785873e-01   0.000000000000000e+00
  9.715751818947601e-01  -2.367312102916804e-01   0.000000000000000e+00
  9.730448705798240e-01  -2.306158707424396e-01   0.000000000000000e+00
  9.744760681760830e-01  -2.244914086375733e-01   0.000000000000000e+00
  9.758687180691360e-01  -2.183580662446458e-01   0.000000000000000e+00
  9.772227651694254e-01  -2.122160861825087e-01   0.000000000000000e+00
  9.785381559144195e-01  -2.060657114116930e-01   0.000000000000000e+00
  9.798148382707292e-01  -1.999071852248055e-01   0.000000000000000e+00
  9.810527617361680e-01  -1.937407512368981e-01   0.000000000000000e+00
  9.822518773417479e-01  -1.875666533758381e-01   0.000000000000000e+00
  9.834121376536186e-01  -1.813851358726516e-01   0.000000000000000e+00
  9.845334967749417e-01  -1.751964432518700e-01   0.000000000000000e+00
  9.856159103477083e-01  -1.690008203218497e-01   0.000000000000000e+00
  9.866593355544919e-01  -1.627985121650946e-01   0.000000000000000e+00
  9.876637311201432e-01  -1.565897641285584e-01   0.000000000000000e+00
  9.886290573134227e-01  -1.503748218139370e-01   0.000000000000000e+00
  9.895552759485720e-01  -1.441539310679582e-01   0.000000000000000e+00
  9.904423503868245e-01  -1.379273379726539e-01   0.000000000000000e+00
  9.912902455378553e-01  -1.316952888356245e-01   0.000000000000000e+00
  9.920989278611684e-01  -1.254580301802965e-01   0.000000000000000e+00
  9.928683653674237e-01  -1.192158087361734e-01   0.000000000000000e+00
  9.935985276197029e-01  -1.129688714290733e-01   0.000000000000000e+00
  9.942893857347128e-01  -1.067174653713599e-01   0.000000000000000e+00
  9.949409123839289e-01  -1.004618378521676e-01   0.000000000000000e+00
  9.955530817946745e-01  -9.420223632762730e-02   0.000000000000000e+00
  9.961258697511429e-01  -8.793890841106189e-02   0.000000000000000e+00
  9.966592535953529e-01  -8.167210186320688e-02   0.000000000000000e+00
  9.971532122280463e-01  -7.540206458240230e-02   0.000000000000000e+00
  9.976077261095226e-01  -6.912904459478485e-02   0.000000000000000e+00
  9.980227772604111e-01  -6.285329004448273e-02   0.000000000000000e+00
  9.983983492623831e-01  -5.657504918379184e-02   0.000000000000000e+00
  9.987344272588006e-01  -5.029457036336704e-02   0.000000000000000e+00
  9.990309979553044e-01  -4.401210202238211e-02   0.000000000000000e+00
  9.992880496203400e-01  -3.772789267871810e-02   0.000000000000000e+00
  9.995055720856215e-01  -3.144219091912111e-02   0.000000000000000e+00
  9.996835567465338e-01  -2.515524538937684e-02   0.000000000000000e+00
  9.998219965624732e-01  -1.886730478446768e-02   0.000000000000000e+00
  9.999208860571255e-01  -1.257861783874123e-02   0.000000000000000e+00
  9.999802213186832e-01  -6.289433316068405e-03   0.000000000000000e+00
  1.000000000000000e+00  -2.449293598294706e-16   0.000000000000000e+00
