1000
  2.000000000000000e+00   0.000000000000000e+00   0.000000000000000e+00
  1.999960442637366e+00   1.257886663213550e-02   0.000000000000000e+00
  1.999841772114251e+00   2.515723567748212e-02   0.000000000000000e+00
  1.999643993124946e+00   3.773460956893418e-02   0.000000000000000e+00
  1.999367113493068e+00   5.031049077875169e-02   0.000000000000000e+00
  1.999011144171243e+00   6.288438183824120e-02   0.000000000000000e+00
  1.998576099240680e+00   7.545578535743436e-02   0.000000000000000e+00
  1.998061995910609e+00   8.802420404476334e-02   0.000000000000000e+00
  1.997468854517601e+00   1.005891407267324e-01   0.000000000000000e+00
  1.996796698524766e+00   1.131500983675847e-01   0.000000000000000e+00
  1.996045554520822e+00   1.257065800889639e-01   0.000000000000000e+00
  1.995215452219045e+00   1.382580891895691e-01   0.000000000000000e+00
  1.994306424456093e+00   1.508041291648032e-01   0.000000000000000e+00
  1.993318507190706e+00   1.633442037264133e-01   0.000000000000000e+00
  1.992251739502286e+00   1.758778168221225e-01   0.000000000000000e+00
  1.991106163589349e+00   1.884044726552525e-01   0.000000000000000e+00
  1.989881824767858e+00   2.009236757043359e-01   0.000000000000000e+00
  1.988578771469426e+00   2.134349307427178e-01   0.000000000000000e+00
  1.987197055239406e+00   2.259377428581457e-01   0.000000000000000e+00
  1.985736730734847e+00   2.384316174723467e-01   0.000000000000000e+00
  1.984197855722337e+00   2.509160603605921e-01   0.000000000000000e+00
  1.982580491075711e+00   2.633905776712472e-01   0.000000000000000e+00
  1.980884700773649e+00   2.758546759453072e-01   0.000000000000000e+00
  1.979110551897144e+00   2.883078621359166e-01   0.000000000000000e+00
  1.977258114626845e+00   3.007496436278734e-01   0.000000000000000e+00
  1.975327462240287e+00   3.131795282571153e-01   0.000000000000000e+00
  1.973318671108984e+00   3.255970243301886e-01   0.000000000000000e+00
  1.971231820695417e+00   3.380016406436981e-01   0.000000000000000e+00
  1.969066993549884e+00   3.503928865037380e-01   0.000000000000000e+00
  1.966824275307237e+00   3.627702717453021e-01   0.000000000000000e+00
  1.964503754683496e+00   3.751333067516743e-01   0.000000000000000e+00
  1.962105523472336e+00   3.874815024737953e-01   0.000000000000000e+00
  1.959629676541459e+00   3.998143704496092e-01   0.000000000000000e+00
  1.957076311828839e+00   4.121314228233851e-01   0.000000000000000e+00
  1.954445530338851e+00   4.244321723650158e-01   0.000000000000000e+00
  1.951737436138272e+00   4.367161324892909e-01   0.000000000000000e+00
  1.948952136352166e+00   4.489828172751452e-01   0.000000000000000e+00
  1.946089741159648e+00   4.612317414848803e-01   0.000000000000000e+00
  1.943150363789520e+00   4.734624205833595e-01   0.000000000000000e+00
  1.940134120515802e+00   4.856743707571743e-01   0.000000000000000e+00
  1.937041130653120e+00   4.978671089337832e-01   0.000000000000000e+00
  1.933871516551997e+00   5.100401528006209e-01   0.000000000000000e+00
  1.930625403594007e+00   5.221930208241764e-01   0.000000000000000e+00
  1.927302920186817e+00   5.343252322690426e-01   0.000000000000000e+00
  1.923904197759110e+00   5.464363072169317e-01   0.000000000000000e+00
  1.920429370755379e+00   5.585257665856601e-01   0.000000000000000e+00
  1.916878576630617e+00   5.705931321480996e-01   0.000000000000000e+00
  1.913251955844876e+00   5.826379265510944e-01   0.000000000000000e+00
  1.909549651857707e+00   5.946596733343446e-01   0.000000000000000e+00
  1.905771811122493e+00   6.066578969492533e-01   0.000000000000000e+00
  1.901918583080651e+00   6.186321227777377e-01   0.000000000000000e+00
  1.897990120155717e+00   6.305818771510050e-01   0.000000000000000e+00
  1.893986577747327e+00   6.425066873682873e-01   0.000000000000000e+00
  1.889908114225057e+00   6.544060817155432e-01   0.000000000000000e+00
  1.885754890922168e+00   6.662795894841151e-01   0.000000000000000e+00
  1.881527072129222e+00   6.781267409893503e-01   0.000000000000000e+00
  1.877224825087578e+00   6.899470675891810e-01   0.000000000000000e+00
  1.872848319982785e+00   7.017401017026610e-01   0.000000000000000e+00
  1.868397729937840e+00   7.135053768284634e-01   0.000000000000000e+00
  1.863873231006348e+00   7.252424275633338e-01   0.000000000000000e+00
  1.859275002165554e+00   7.369507896204998e-01   0.000000000000000e+00
  1.854603225309265e+00   7.486299998480378e-01   0.000000000000000e+00
  1.849858085240650e+00   7.602795962471933e-01   0.000000000000000e+00
  1.845039769664937e+00   7.718991179906574e-01   0.000000000000000e+00
  1.840148469181983e+00   7.834881054407946e-01   0.000000000000000e+00
  1.835184377278733e+00   7.950461001678258e-01   0.000000000000000e+00
  1.830147690321572e+00   8.065726449679624e-01   0.000000000000000e+00
  1.825038607548552e+00   8.180672838814917e-01   0.000000000000000e+00
  1.819857331061514e+00   8.295295622108140e-01   0.000000000000000e+00
  1.814604065818089e+00   8.409590265384286e-01   0.000000000000000e+00
  1.809279019623596e+00   8.523552247448706e-01   0.000000000000000e+00
  1.803882403122819e+00   8.637177060265946e-01   0.000000000000000e+00
  1.798414429791674e+00   8.750460209138086e-01   0.000000000000000e+00
  1.792875315928763e+00   8.863397212882522e-01   0.000000000000000e+00
  1.787265280646825e+00   8.975983604009242e-01   0.000000000000000e+00
  1.781584545864057e+00   9.088214928897548e-01   0.000000000000000e+00
  1.775833336295346e+00   9.200086747972220e-01   0.000000000000000e+00
  1.770011879443375e+00   9.311594635879141e-01   0.000000000000000e+00
  1.764120405589623e+00   9.422734181660356e-01   0.000000000000000e+00
  1.758159147785258e+00   9.533500988928547e-01   0.000000000000000e+00
  1.752128341841916e+00   9.643890676040954e-01   0.000000000000000e+00
  1.746028226322377e+00   9.753898876272690e-01   0.000000000000000e+00
  1.739859042531119e+00   9.863521237989488e-01   0.000000000000000e+00
  1.733621034504786e+00   9.972753424819829e-01   0.000000000000000e+00
  1.727314449002521e+00   1.008159111582649e+00   0.000000000000000e+00
  1.720939535496215e+00   1.019003000567746e+00   0.000000000000000e+00
  1.714496546160634e+00   1.029806580481625e+00   0.000000000000000e+00
  1.707985735863442e+00   1.040569423963158e+00   0.000000000000000e+00
  1.701407362155123e+00   1.051291105262641e+00   0.000000000000000e+00
  1.694761685258793e+00   1.061971200258641e+00   0.000000000000000e+00
  1.688048968059901e+00   1.072609286474765e+00   0.000000000000000e+00
  1.681269476095836e+00   1.083204943096380e+00   0.000000000000000e+00
  1.674423477545421e+00   1.093757750987255e+00   0.000000000000000e+00
  1.667511243218303e+00   1.104267292706140e+00   0.000000000000000e+00
  1.660533046544242e+00   1.114733152523284e+00   0.000000000000000e+00
  1.653489163562293e+00   1.125154916436874e+00   0.000000000000000e+00
  1.646379872909891e+00   1.135532172189416e+00   0.000000000000000e+00
  1.639205455811823e+00   1.145864509284040e+00   0.000000000000000e+00
  1.631966196069109e+00   1.156151519000741e+00   0.000000000000000e+00
  1.624662380047772e+00   1.166392794412547e+00   0.000000000000000e+00
  1.617294296667510e+00   1.176587930401610e+00   0.000000000000000e+00
  1.609862237390270e+00   1.186736523675241e+00   0.000000000000000e+00
  1.602366496208715e+00   1.196838172781854e+00   0.000000000000000e+00
  1.594807369634598e+00   1.206892478126852e+00   0.000000000000000e+00
  1.587185156687030e+00   1.216899041988434e+00   0.000000000000000e+00
  1.579500158880652e+00   1.226857468533324e+00   0.000000000000000e+00
  1.571752680213710e+00   1.236767363832431e+00   0.000000000000000e+00
  1.563943027156026e+00   1.246628335876433e+00   0.000000000000000e+00
  1.556071508636879e+00   1.256439994591285e+00   0.000000000000000e+00
  1.548138436032781e+00   1.266201951853643e+00   0.000000000000000e+00
  1.540144123155162e+00   1.275913821506224e+00   0.000000000000000e+00
  1.532088886237956e+00   1.285575219373079e+00   0.000000000000000e+00
  1.523973043925090e+00   1.295185763274788e+00   0.000000000000000e+00
  1.515796917257882e+00   1.304745073043582e+00   0.000000000000000e+00
  1.507560829662339e+00   1.314252770538377e+00   0.000000000000000e+00
  1.499265106936365e+00   1.323708479659736e+00   0.000000000000000e+00
  1.490910077236872e+00   1.333111826364744e+00   0.000000000000000e+00
  1.482496071066800e+00   1.342462438681805e+00   0.000000000000000e+00
  1.474023421262043e+00   1.351759946725358e+00   0.000000000000000e+00
  1.465492462978280e+00   1.361003982710505e+00   0.000000000000000e+00
  1.456903533677722e+00   1.370194180967562e+00   0.000000000000000e+00
  1.448256973115760e+00   1.379330177956524e+00   0.000000000000000e+00
  1.439553123327527e+00   1.388411612281445e+00   0.000000000000000e+00
  1.430792328614364e+00   1.397438124704735e+00   0.000000000000000e+00
  1.421974935530205e+00   1.406409358161368e+00   0.000000000000000e+00
  1.413101292867865e+00   1.415324957773009e+00   0.000000000000000e+00
  1.404171751645245e+00   1.424184570862051e+00   0.000000000000000e+00
  1.395186665091446e+00   1.432987846965566e+00   0.000000000000000e+00
  1.386146388632794e+00   1.441734437849170e+00   0.000000000000000e+00
  1.377051279878784e+00   1.450423997520795e+00   0.000000000000000e+00
  1.367901698607931e+00   1.459056182244377e+00   0.000000000000000e+00
  1.358698006753539e+00   1.467630650553455e+00   0.000000000000000e+00
  1.349440568389385e+00   1.476147063264678e+00   0.000000000000000e+00
  1.340129749715315e+00   1.484605083491219e+00   0.000000000000000e+00
  1.330765919042759e+00   1.493004376656104e+00   0.000000000000000e+00
  1.321349446780163e+00   1.501344610505449e+00   0.000000000000000e+00
  1.311880705418335e+00   1.509625455121598e+00   0.000000000000000e+00
  1.302360069515712e+00   1.517846582936178e+00   0.000000000000000e+00
  1.292787915683539e+00   1.526007668743055e+00   0.000000000000000e+00
  1.283164622570977e+00   1.534108389711197e+00   0.000000000000000e+00
  1.273490570850121e+00   1.542148425397449e+00   0.000000000000000e+00
  1.263766143200944e+00   1.550127457759203e+00   0.000000000000000e+00
  1.253991724296157e+00   1.558045171166982e+00   0.000000000000000e+00
  1.244167700785992e+00   1.565901252416926e+00   0.000000000000000e+00
  1.234294461282911e+00   1.573695390743180e+00   0.000000000000000e+00
  1.224372396346227e+00   1.581427277830187e+00   0.000000000000000e+00
  1.214401898466663e+00   1.589096607824887e+00   0.000000000000000e+00
  1.204383362050819e+00   1.596703077348812e+00   0.000000000000000e+00
  1.194317183405573e+00   1.604246385510087e+00   0.000000000000000e+00
  1.184203760722402e+00   1.611726233915338e+00   0.000000000000000e+00
  1.174043494061637e+00   1.619142326681488e+00   0.000000000000000e+00
  1.163836785336630e+00   1.626494370447466e+00   0.000000000000000e+00
  1.153584038297859e+00   1.633782074385811e+00   0.000000000000000e+00
  1.143285658516958e+00   1.641005150214175e+00   0.000000000000000e+00
  1.132942053370668e+00   1.648163312206729e+00   0.000000000000000e+00
  1.122553632024730e+00   1.655256277205462e+00   0.000000000000000e+00
  1.112120805417695e+00   1.662283764631387e+00   0.000000000000000e+00
  1.101643986244668e+00   1.669245496495634e+00   0.000000000000000e+00
  1.091123588940984e+00   1.676141197410453e+00   0.000000000000000e+00
  1.080560029665814e+00   1.682970594600100e+00   0.000000000000000e+00
  1.069953726285704e+00   1.689733417911635e+00   0.000000000000000e+00
  1.059305098358041e+00   1.696429399825604e+00   0.000000000000000e+00
  1.048614567114464e+00   1.703058275466622e+00   0.000000000000000e+00
  1.037882555444192e+00   1.709619782613852e+00   0.000000000000000e+00
  1.027109487877303e+00   1.716113661711375e+00   0.000000000000000e+00
  1.016295790567939e+00   1.722539655878462e+00   0.000000000000000e+00
  1.005441891277444e+00   1.728897510919730e+00   0.000000000000000e+00
  9.945482193574484e-01   1.735186975335202e+00   0.000000000000000e+00
  9.836152057328836e-01   1.741407800330255e+00   0.000000000000000e+00
  9.726432828849338e-01   1.747559739825457e+00   0.000000000000000e+00
  9.616328848339296e-01   1.753642550466307e+00   0.000000000000000e+00
  9.505844471221799e-01   1.759655991632859e+00   0.000000000000000e+00
  9.394984067967418e-01   1.765599825449239e+00   0.000000000000000e+00
  9.283752023921324e-01   1.771473816793059e+00   0.000000000000000e+00
  9.172152739129820e-01   1.777277733304712e+00   0.000000000000000e+00
  9.060190628166285e-01   1.783011345396568e+00   0.000000000000000e+00
  8.947870119956538e-01   1.788674426262054e+00   0.000000000000000e+00
  8.835195657603664e-01   1.794266751884628e+00   0.000000000000000e+00
  8.722171698212222e-01   1.799788101046636e+00   0.000000000000000e+00
  8.608802712711964e-01   1.805238255338068e+00   0.000000000000000e+00
  8.495093185680959e-01   1.810616999165193e+00   0.000000000000000e+00
  8.381047615168202e-01   1.815924119759092e+00   0.000000000000000e+00
  8.266670512515684e-01   1.821159407184071e+00   0.000000000000000e+00
  8.151966402179925e-01   1.826322654345967e+00   0.000000000000000e+00
  8.036939821553020e-01   1.831413657000338e+00   0.000000000000000e+00
  7.921595320783138e-01   1.836432213760548e+00   0.000000000000000e+00
  7.805937462594512e-01   1.841378126105726e+00   0.000000000000000e+00
  7.689970822106984e-01   1.846251198388625e+00   0.000000000000000e+00
  7.573699986655005e-01   1.851051237843356e+00   0.000000000000000e+00
  7.457129555606172e-01   1.855778054593019e+00   0.000000000000000e+00
  7.340264140179308e-01   1.860431461657208e+00   0.000000000000000e+00
  7.223108363262021e-01   1.865011274959415e+00   0.000000000000000e+00
  7.105666859227875e-01   1.869517313334302e+00   0.000000000000000e+00
  6.987944273753022e-01   1.873949398534876e+00   0.000000000000000e+00
  6.869945263632469e-01   1.878307355239535e+00   0.000000000000000e+00
  6.751674496595850e-01   1.882591011059006e+00   0.000000000000000e+00
  6.633136651122782e-01   1.886800196543162e+00   0.000000000000000e+00
  6.514336416257808e-01   1.890934745187727e+00   0.000000000000000e+00
  6.395278491424907e-01   1.894994493440860e+00   0.000000000000000e+00
  6.275967586241575e-01   1.898979280709627e+00   0.000000000000000e+00
  6.156408420332559e-01   1.902888949366353e+00   0.000000000000000e+00
  6.036605723143139e-01   1.906723344754859e+00   0.000000000000000e+00
  5.916564233752050e-01   1.910482315196574e+00   0.000000000000000e+00
  5.796288700684025e-01   1.914165711996542e+00   0.000000000000000e+00
  5.675783881721934e-01   1.917773389449300e+00   0.000000000000000e+00
  5.555054543718614e-01   1.921305204844642e+00   0.000000000000000e+00
  5.434105462408255e-01   1.924761018473267e+00   0.000000000000000e+00
  5.312941422217530e-01   1.928140693632301e+00   0.000000000000000e+00
  5.191567216076316e-01   1.931444096630709e+00   0.000000000000000e+00
  5.069987645228096e-01   1.934671096794580e+00   0.000000000000000e+00
  4.948207519040050e-01   1.937821566472299e+00   0.000000000000000e+00
  4.826231654812784e-01   1.940895381039594e+00   0.000000000000000e+00
  4.704064877589803e-01   1.943892418904467e+00   0.000000000000000e+00
  4.581712019966603e-01   1.946812561512005e+00   0.000000000000000e+00
  4.459177921899548e-01   1.949655693349068e+00   0.000000000000000e+00
  4.336467430514385e-01   1.952421701948859e+00   0.000000000000000e+00
  4.213585399914528e-01   1.955110477895372e+00   0.000000000000000e+00
  4.090536690989016e-01   1.957721914827723e+00   0.000000000000000e+00
  3.967326171220257e-01   1.960255909444353e+00   0.000000000000000e+00
  3.843958714491462e-01   1.962712361507119e+00   0.000000000000000e+00
  3.720439200893845e-01   1.965091173845255e+00   0.000000000000000e+00
  3.596772516533598e-01   1.967392252359220e+00   0.000000000000000e+00
  3.472963553338608e-01   1.969615506024416e+00   0.000000000000000e+00
  3.349017208864927e-01   1.971760846894792e+00   0.000000000000000e+00
  3.224938386103044e-01   1.973828190106320e+00   0.000000000000000e+00
  3.100731993283961e-01   1.975817453880356e+00   0.000000000000000e+00
  2.976402943684985e-01   1.977728559526871e+00   0.000000000000000e+00
  2.851956155435422e-01   1.979561431447567e+00   0.000000000000000e+00
  2.727396551322000e-01   1.981315997138863e+00   0.000000000000000e+00
  2.602729058594156e-01   1.982992187194770e+00   0.000000000000000e+00
  2.477958608769104e-01   1.984589935309627e+00   0.000000000000000e+00
  2.353090137436770e-01   1.986109178280735e+00   0.000000000000000e+00
  2.228128584064570e-01   1.987549856010848e+00   0.000000000000000e+00
  2.103078891801970e-01   1.988911911510555e+00   0.000000000000000e+00
  1.977946007284997e-01   1.990195290900532e+00   0.000000000000000e+00
  1.852734880440548e-01   1.991399943413675e+00   0.000000000000000e+00
  1.727450464290571e-01   1.992525821397109e+00   0.000000000000000e+00
  1.602097714756145e-01   1.993572880314068e+00   0.000000000000000e+00
  1.476681590461438e-01   1.994541078745665e+00   0.000000000000000e+00
  1.351207052537572e-01   1.995430378392523e+00   0.000000000000000e+00
  1.225679064426328e-01   1.996240744076293e+00   0.000000000000000e+00
  1.100102591683863e-01   1.996972143741045e+00   0.000000000000000e+00
  9.744826017842456e-02   1.997624548454538e+00   0.000000000000000e+00
  8.488240639229692e-02   1.998197932409363e+00   0.000000000000000e+00
  7.231319488203797e-02   1.998692272923962e+00   0.000000000000000e+00
  5.974112285250634e-02   1.999107550443528e+00   0.000000000000000e+00
  4.716668762171433e-02   1.999443748540777e+00   0.000000000000000e+00
  3.459038660115496e-02   1.999700853916601e+00   0.000000000000000e+00
  2.201271727612962e-02   1.999878856400587e+00   0.000000000000000e+00
  9.434177186064447e-03   1.999977748951428e+00   0.000000000000000e+00
 -3.144736095168828e-03   1.999997527657195e+00   0.000000000000000e+00
 -1.572352497893644e-02   1.999938191735494e+00   0.000000000000000e+00
 -2.830169188152371e-02   1.999799743533498e+00   0.000000000000000e+00
 -4.087873924382295e-02   1.999582188527852e+00   0.000000000000000e+00
 -5.345416955100949e-02   1.999285535324460e+00   0.000000000000000e+00
 -6.602748535222683e-02   1.998909795658139e+00   0.000000000000000e+00
 -7.859818928026230e-02   1.998454984392159e+00   0.000000000000000e+00
 -9.116578407122208e-02   1.997921119517655e+00   0.000000000000000e+00
 -1.037297725842020e-01   1.997308222152913e+00   0.000000000000000e+00
 -1.162896578209511e-01   1.996616316542536e+00   0.000000000000000e+00
 -1.288449429455361e-01   1.995845430056487e+00   0.000000000000000e+00
 -1.413951313039891e-01   1.994995593188999e+00   0.000000000000000e+00
 -1.539397264439585e-01   1.994066839557380e+00   0.000000000000000e+00
 -1.664782321343451e-01   1.993059205900674e+00   0.000000000000000e+00
 -1.790101523849328e-01   1.991972732078209e+00   0.000000000000000e+00
 -1.915349914660078e-01   1.990807461068025e+00   0.000000000000000e+00
 -2.040522539279681e-01   1.989563438965171e+00   0.000000000000000e+00
 -2.165614446209234e-01   1.988240714979879e+00   0.000000000000000e+00
 -2.290620687142815e-01   1.986839341435621e+00   0.000000000000000e+00
 -2.415536317163219e-01   1.985359373767041e+00   0.000000000000000e+00
 -2.540356394937571e-01   1.983800870517754e+00   0.000000000000000e+00
 -2.665075982912793e-01   1.982163893338039e+00   0.000000000000000e+00
 -2.789690147510910e-01   1.980448506982397e+00   0.000000000000000e+00
 -2.914193959324227e-01   1.978654779306987e+00   0.000000000000000e+00
 -3.038582493310309e-01   1.976782781266946e+00   0.000000000000000e+00
 -3.162850828986813e-01   1.974832586913578e+00   0.000000000000000e+00
 -3.286994050626119e-01   1.972804273391429e+00   0.000000000000000e+00
 -3.411007247449789e-01   1.970697920935233e+00   0.000000000000000e+00
 -3.534885513822832e-01   1.968513612866737e+00   0.000000000000000e+00
 -3.658623949447731e-01   1.966251435591408e+00   0.000000000000000e+00
 -3.782217659558323e-01   1.963911478595013e+00   0.000000000000000e+00
 -3.905661755113397e-01   1.961493834440079e+00   0.000000000000000e+00
 -4.028951352990101e-01   1.958998598762233e+00   0.000000000000000e+00
 -4.152081576177100e-01   1.956425870266417e+00   0.000000000000000e+00
 -4.275047553967508e-01   1.953775750722985e+00   0.000000000000000e+00
 -4.397844422151552e-01   1.951048344963678e+00   0.000000000000000e+00
 -4.520467323208979e-01   1.948243760877473e+00   0.000000000000000e+00
 -4.642911406501229e-01   1.945362109406320e+00   0.000000000000000e+00
 -4.765171828463297e-01   1.942403504540753e+00   0.000000000000000e+00
 -4.887243752795334e-01   1.939368063315375e+00   0.000000000000000e+00
 -5.009122350653965e-01   1.936255905804238e+00   0.000000000000000e+00
 -5.130802800843299e-01   1.933067155116083e+00   0.000000000000000e+00
 -5.252280290005636e-01   1.929801937389478e+00   0.000000000000000e+00
 -5.373550012811888e-01   1.926460381787825e+00   0.000000000000000e+00
 -5.494607172151653e-01   1.923042620494251e+00   0.000000000000000e+00
 -5.615446979322982e-01   1.919548788706378e+00   0.000000000000000e+00
 -5.736064654221800e-01   1.915979024630978e+00   0.000000000000000e+00
 -5.856455425531002e-01   1.912333469478502e+00   0.000000000000000e+00
 -5.976614530909198e-01   1.908612267457498e+00   0.000000000000000e+00
 -6.096537217179061e-01   1.904815565768903e+00   0.000000000000000e+00
 -6.216218740515420e-01   1.900943514600223e+00   0.000000000000000e+00
 -6.335654366632851e-01   1.896996267119591e+00   0.000000000000000e+00
 -6.454839370972981e-01   1.892973979469705e+00   0.000000000000000e+00
 -6.573769038891372e-01   1.888876810761658e+00   0.000000000000000e+00
 -6.692438665844032e-01   1.884704923068637e+00   0.000000000000000e+00
 -6.810843557573475e-01   1.880458481419518e+00   0.000000000000000e+00
 -6.928979030294468e-01   1.876137653792332e+00   0.000000000000000e+00
 -7.046840410879283e-01   1.871742611107624e+00   0.000000000000000e+00
 -7.164423037042544e-01   1.867273527221692e+00   0.000000000000000e+00
 -7.281722257525670e-01   1.862730578919709e+00   0.000000000000000e+00
 -7.398733432280860e-01   1.858113945908726e+00   0.000000000000000e+00
 -7.515451932654647e-01   1.853423810810570e+00   0.000000000000000e+00
 -7.631873141570967e-01   1.848660359154617e+00   0.000000000000000e+00
 -7.747992453713858e-01   1.843823779370450e+00   0.000000000000000e+00
 -7.863805275709576e-01   1.838914262780411e+00   0.000000000000000e+00
 -7.979307026308322e-01   1.833932003592027e+00   0.000000000000000e+00
 -8.094493136565465e-01   1.828877198890332e+00   0.000000000000000e+00
 -8.209359050022275e-01   1.823750048630068e+00   0.000000000000000e+00
 -8.323900222886150e-01   1.818550755627777e+00   0.000000000000000e+00
 -8.438112124210384e-01   1.813279525553779e+00   0.000000000000000e+00
 -8.551990236073379e-01   1.807936566924032e+00   0.000000000000000e+00
 -8.665530053757367e-01   1.802522091091890e+00   0.000000000000000e+00
 -8.778727085926606e-01   1.797036312239735e+00   0.000000000000000e+00
 -8.891576854805048e-01   1.791479447370511e+00   0.000000000000000e+00
 -9.004074896353460e-01   1.785851716299137e+00   0.000000000000000e+00
 -9.116216760446018e-01   1.780153341643812e+00   0.000000000000000e+00
 -9.227998011046337e-01   1.774384548817209e+00   0.000000000000000e+00
 -9.339414226382960e-01   1.768545566017556e+00   0.000000000000000e+00
 -9.450460999124237e-01   1.762636624219614e+00   0.000000000000000e+00
 -9.561133936552719e-01   1.756657957165537e+00   0.000000000000000e+00
 -9.671428660738886e-01   1.750609801355626e+00   0.000000000000000e+00
 -9.781340808714335e-01   1.744492396038973e+00   0.000000000000000e+00
 -9.890866032644372e-01   1.738305983203998e+00   0.000000000000000e+00
 -9.999999999999996e-01   1.732050807568877e+00   0.000000000000000e+00
 -1.010873839372929e+00   1.725727116571862e+00   0.000000000000000e+00
 -1.021707691242817e+00   1.719335160361491e+00   0.000000000000000e+00
 -1.032501127051057e+00   1.712875191786692e+00   0.000000000000000e+00
 -1.043253719837795e+00   1.706347466386786e+00   0.000000000000000e+00
 -1.053965044258818e+00   1.699752242381373e+00   0.000000000000000e+00
 -1.064634676602383e+00   1.693089780660122e+00   0.000000000000000e+00
 -1.075262194805974e+00   1.686360344772445e+00   0.000000000000000e+00
 -1.085847178472999e+00   1.679564200917079e+00   0.000000000000000e+00
 -1.096389208889419e+00   1.672701617931552e+00   0.000000000000000e+00
 -1.106887869040317e+00   1.665772867281547e+00   0.000000000000000e+00
 -1.117342743626384e+00   1.658778223050166e+00   0.000000000000000e+00
 -1.127753419080355e+00   1.651717961927087e+00   0.000000000000000e+00
 -1.138119483583367e+00   1.644592363197619e+00   0.000000000000000e+00
 -1.148440527081247e+00   1.637401708731657e+00   0.000000000000000e+00
 -1.158716141300733e+00   1.630146282972525e+00   0.000000000000000e+00
 -1.168945919765629e+00   1.622826372925732e+00   0.000000000000000e+00
 -1.179129457812878e+00   1.615442268147614e+00   0.000000000000000e+00
 -1.189266352608572e+00   1.607994260733882e+00   0.000000000000000e+00
 -1.199356203163890e+00   1.600482645308064e+00   0.000000000000000e+00
 -1.209398610350951e+00   1.592907719009858e+00   0.000000000000000e+00
 -1.219393176918614e+00   1.585269781483370e+00   0.000000000000000e+00
 -1.229339507508185e+00   1.577569134865263e+00   0.000000000000000e+00
 -1.239237208669057e+00   1.569806083772809e+00   0.000000000000000e+00
 -1.249085888874278e+00   1.561980935291835e+00   0.000000000000000e+00
 -1.258885158536031e+00   1.554093998964577e+00   0.000000000000000e+00
 -1.268634630021055e+00   1.546145586777436e+00   0.000000000000000e+00
 -1.278333917665969e+00   1.538136013148634e+00   0.000000000000000e+00
 -1.287982637792537e+00   1.530065594915780e+00   0.000000000000000e+00
 -1.297580408722834e+00   1.521934651323336e+00   0.000000000000000e+00
 -1.307126850794358e+00   1.513743504009984e+00   0.000000000000000e+00
 -1.316621586375037e+00   1.505492476995910e+00   0.000000000000000e+00
 -1.326064239878173e+00   1.497181896669981e+00   0.000000000000000e+00
 -1.335454437777297e+00   1.488812091776838e+00   0.000000000000000e+00
 -1.344791808620945e+00   1.480383393403887e+00   0.000000000000000e+00
 -1.354075983047353e+00   1.471896134968206e+00   0.000000000000000e+00
 -1.363306593799065e+00   1.463350652203357e+00   0.000000000000000e+00
 -1.372483275737467e+00   1.454747283146098e+00   0.000000000000000e+00
 -1.381605665857222e+00   1.446086368123019e+00   0.000000000000000e+00
 -1.390673403300635e+00   1.437368249737077e+00   0.000000000000000e+00
 -1.399686129371930e+00   1.428593272854042e+00   0.000000000000000e+00
 -1.408643487551432e+00   1.419761784588858e+00   0.000000000000000e+00
 -1.417545123509677e+00   1.410874134291906e+00   0.000000000000000e+00
 -1.426390685121420e+00   1.401930673535196e+00   0.000000000000000e+00
 -1.435179822479575e+00   1.392931756098444e+00   0.000000000000000e+00
 -1.443912187909049e+00   1.383877737955092e+00   0.000000000000000e+00
 -1.452587435980494e+00   1.374768977258221e+00   0.000000000000000e+00
 -1.461205223523977e+00   1.365605834326378e+00   0.000000000000000e+00
 -1.469765209642552e+00   1.356388671629333e+00   0.000000000000000e+00
 -1.478267055725743e+00   1.347117853773731e+00   0.000000000000000e+00
 -1.486710425462940e+00   1.337793747488679e+00   0.000000000000000e+00
 -1.495094984856707e+00   1.328416721611228e+00   0.000000000000000e+00
 -1.503420402235986e+00   1.318987147071792e+00   0.000000000000000e+00
 -1.511686348269224e+00   1.309505396879471e+00   0.000000000000000e+00
 -1.519892495977395e+00   1.299971846107294e+00   0.000000000000000e+00
 -1.528038520746938e+00   1.290386871877387e+00   0.000000000000000e+00
 -1.536124100342599e+00   1.280750853346052e+00   0.000000000000000e+00
 -1.544148914920172e+00   1.271064171688769e+00   0.000000000000000e+00
 -1.552112647039158e+00   1.261327210085115e+00   0.000000000000000e+00
 -1.560014981675316e+00   1.251540353703612e+00   0.000000000000000e+00
 -1.567855606233131e+00   1.241703989686487e+00   0.000000000000000e+00
 -1.575634210558174e+00   1.231818507134359e+00   0.000000000000000e+00
 -1.583350486949370e+00   1.221884297090846e+00   0.000000000000000e+00
 -1.591004130171179e+00   1.211901752527097e+00   0.000000000000000e+00
 -1.598594837465660e+00   1.201871268326246e+00   0.000000000000000e+00
 -1.606122308564451e+00   1.191793241267796e+00   0.000000000000000e+00
 -1.613586245700648e+00   1.181668070011917e+00   0.000000000000000e+00
 -1.620986353620584e+00   1.171496155083679e+00   0.000000000000000e+00
 -1.628322339595505e+00   1.161277898857212e+00   0.000000000000000e+00
 -1.635593913433155e+00   1.151013705539781e+00   0.000000000000000e+00
 -1.642800787489251e+00   1.140703981155803e+00   0.000000000000000e+00
 -1.649942676678860e+00   1.130349133530786e+00   0.000000000000000e+00
 -1.657019298487684e+00   1.119949572275191e+00   0.000000000000000e+00
 -1.664030372983227e+00   1.109505708768235e+00   0.000000000000000e+00
 -1.670975622825873e+00   1.099017956141612e+00   0.000000000000000e+00
 -1.677854773279855e+00   1.088486729263158e+00   0.000000000000000e+00
 -1.684667552224123e+00   1.077912444720433e+00   0.000000000000000e+00
 -1.691413690163112e+00   1.067295520804245e+00   0.000000000000000e+00
 -1.698092920237395e+00   1.056636377492103e+00   0.000000000000000e+00
 -1.704704978234248e+00   1.045935436431606e+00   0.000000000000000e+00
 -1.711249602598093e+00   1.035193120923757e+00   0.000000000000000e+00
 -1.717726534440852e+00   1.024409855906229e+00   0.000000000000000e+00
 -1.724135517552183e+00   1.013586067936545e+00   0.000000000000000e+00
 -1.730476298409616e+00   1.002722185175213e+00   0.000000000000000e+00
 -1.736748626188585e+00   9.918186373687791e-01   0.000000000000000e+00
 -1.742952252772345e+00   9.808758558328412e-01   0.000000000000000e+00
 -1.749086932761788e+00   9.698942734349758e-01   0.000000000000000e+00
 -1.755152423485155e+00   9.588743245776199e-01   0.000000000000000e+00
 -1.761148485007629e+00   9.478164451808867e-01   0.000000000000000e+00
 -1.767074880140831e+00   9.367210726653208e-01   0.000000000000000e+00
 -1.772931374452197e+00   9.255886459345986e-01   0.000000000000000e+00
 -1.778717736274260e+00   9.144196053581588e-01   0.000000000000000e+00
 -1.784433736713807e+00   9.032143927537908e-01   0.000000000000000e+00
 -1.790079149660935e+00   8.919734513701527e-01   0.000000000000000e+00
 -1.795653751797998e+00   8.806972258692395e-01   0.000000000000000e+00
 -1.801157322608436e+00   8.693861623087922e-01   0.000000000000000e+00
 -1.806589644385505e+00   8.580407081246531e-01   0.000000000000000e+00
 -1.811950502240880e+00   8.466613121130691e-01   0.000000000000000e+00
 -1.817239684113164e+00   8.352484244129341e-01   0.000000000000000e+00
 -1.822456980776271e+00   8.238024964879856e-01   0.000000000000000e+00
 -1.827602185847706e+00   8.123239811089452e-01   0.000000000000000e+00
 -1.832675095796726e+00   8.008133323356074e-01   0.000000000000000e+00
 -1.837675509952392e+00   7.892710054988822e-01   0.000000000000000e+00
 -1.842603230511508e+00   7.776974571827747e-01   0.000000000000000e+00
 -1.847458062546445e+00   7.660931452063361e-01   0.000000000000000e+00
 -1.852239814012852e+00   7.544585286055405e-01   0.000000000000000e+00
 -1.856948295757251e+00   7.427940676151370e-01   0.000000000000000e+00
 -1.861583321524524e+00   7.311002236504389e-01   0.000000000000000e+00
 -1.866144707965274e+00   7.193774592890724e-01   0.000000000000000e+00
 -1.870632274643086e+00   7.076262382526776e-01   0.000000000000000e+00
 -1.875045844041655e+00   6.958470253885680e-01   0.000000000000000e+00
 -1.879385241571817e+00   6.840402866513378e-01   0.000000000000000e+00
 -1.883650295578450e+00   6.722064890844325e-01   0.000000000000000e+00
 -1.887840837347266e+00   6.603461008016740e-01   0.000000000000000e+00
 -1.891956701111485e+00   6.484595909687424e-01   0.000000000000000e+00
 -1.895997724058391e+00   6.365474297846169e-01   0.000000000000000e+00
 -1.899963746335774e+00   6.246100884629796e-01   0.000000000000000e+00
 -1.903854611058253e+00   6.126480392135676e-01   0.000000000000000e+00
 -1.907670164313481e+00   6.006617552235017e-01   0.000000000000000e+00
 -1.911410255168233e+00   5.886517106385645e-01   0.000000000000000e+00
 -1.915074735674382e+00   5.766183805444446e-01   0.000000000000000e+00
 -1.918663460874740e+00   5.645622409479444e-01   0.000000000000000e+00
 -1.922176288808806e+00   5.524837687581481e-01   0.000000000000000e+00
 -1.925613080518369e+00   5.403834417675645e-01   0.000000000000000e+00
 -1.928973700053014e+00   5.282617386332129e-01   0.000000000000000e+00
 -1.932258014475496e+00   5.161191388577009e-01   0.000000000000000e+00
 -1.935465893866998e+00   5.039561227702508e-01   0.000000000000000e+00
 -1.938597211332271e+00   4.917731715077011e-01   0.000000000000000e+00
 -1.941651843004655e+00   4.795707669954726e-01   0.000000000000000e+00
 -1.944629668050978e+00   4.673493919285047e-01   0.000000000000000e+00
 -1.947530568676333e+00   4.551095297521655e-01   0.000000000000000e+00
 -1.950354430128744e+00   4.428516646431191e-01   0.000000000000000e+00
 -1.953101140703698e+00   4.305762814901816e-01   0.000000000000000e+00
 -1.955770591748570e+00   4.182838658751357e-01   0.000000000000000e+00
 -1.958362677666916e+00   4.059749040535237e-01   0.000000000000000e+00
 -1.960877295922653e+00   3.936498829354111e-01   0.000000000000000e+00
 -1.963314347044116e+00   3.813092900661285e-01   0.000000000000000e+00
 -1.965673734627990e+00   3.689536136069851e-01   0.000000000000000e+00
 -1.967955365343123e+00   3.565833423159523e-01   0.000000000000000e+00
 -1.970159148934223e+00   3.441989655283386e-01   0.000000000000000e+00
 -1.972284998225423e+00   3.318009731374273e-01   0.000000000000000e+00
 -1.974332829123731e+00   3.193898555750995e-01   0.000000000000000e+00
 -1.976302560622359e+00   3.069661037924333e-01   0.000000000000000e+00
 -1.978194114803923e+00   2.945302092402822e-01   0.000000000000000e+00
 -1.980007416843528e+00   2.820826638498395e-01   0.000000000000000e+00
 -1.981742395011727e+00   2.696239600131694e-01   0.000000000000000e+00
 -1.983398980677361e+00   2.571545905637384e-01   0.000000000000000e+00
 -1.984977108310270e+00   2.446750487569146e-01   0.000000000000000e+00
 -1.986476715483886e+00   2.321858282504598e-01   0.000000000000000e+00
 -1.987897742877704e+00   2.196874230850004e-01   0.000000000000000e+00
 -1.989240134279630e+00   2.071803276644790e-01   0.000000000000000e+00
 -1.990503836588198e+00   1.946650367366057e-01   0.000000000000000e+00
 -1.991688799814679e+00   1.821420453732822e-01   0.000000000000000e+00
 -1.992794977085053e+00   1.696118489510190e-01   0.000000000000000e+00
 -1.993822324641864e+00   1.570749431313399e-01   0.000000000000000e+00
 -1.994770801845952e+00   1.445318238411739e-01   0.000000000000000e+00
 -1.995640371178061e+00   1.319829872532418e-01   0.000000000000000e+00
 -1.996430998240322e+00   1.194289297664198e-01   0.000000000000000e+00
 -1.997142651757612e+00   1.068701479861158e-01   0.000000000000000e+00
 -1.997775303578796e+00   9.430713870461238e-02   0.000000000000000e+00
 -1.998328928677835e+00   8.174039888142338e-02   0.000000000000000e+00
 -1.998803505154783e+00   6.917042562363493e-02   0.000000000000000e+00
 -1.999199014236643e+00   5.659771616623566e-02   0.000000000000000e+00
 -1.999515440278121e+00   4.402276785245557e-02   0.000000000000000e+00
 -1.999752770762237e+00   3.144607811408251e-02   0.000000000000000e+00
 -1.999910996300822e+00   1.886814445179409e-02   0.000000000000000e+00
 -1.999990110634892e+00   6.289464415473375e-03   0.000000000000000e+00
 -1.999990110634892e+00  -6.289464415471997e-03   0.000000000000000e+00
 -1.999910996300822e+00  -1.886814445179271e-02   0.000000000000000e+00
 -1.999752770762237e+00  -3.144607811408202e-02   0.000000000000000e+00
 -1.999515440278121e+00  -4.402276785245419e-02   0.000000000000000e+00
 -1.999199014236643e+00  -5.659771616623518e-02   0.000000000000000e+00
 -1.998803505154783e+00  -6.917042562363356e-02   0.000000000000000e+00
 -1.998328928677836e+00  -8.174039888142290e-02   0.000000000000000e+00
 -1.997775303578796e+00  -9.430713870461101e-02   0.000000000000000e+00
 -1.997142651757612e+00  -1.068701479861145e-01   0.000000000000000e+00
 -1.996430998240322e+00  -1.194289297664202e-01   0.000000000000000e+00
 -1.995640371178061e+00  -1.319829872532405e-01   0.000000000000000e+00
 -1.994770801845952e+00  -1.445318238411734e-01   0.000000000000000e+00
 -1.993822324641864e+00  -1.570749431313385e-01   0.000000000000000e+00
 -1.992794977085053e+00  -1.696118489510176e-01   0.000000000000000e+00
 -1.991688799814679e+00  -1.821420453732808e-01   0.000000000000000e+00
 -1.990503836588198e+00  -1.946650367366044e-01   0.000000000000000e+00
 -1.989240134279630e+00  -2.071803276644786e-01   0.000000000000000e+00
 -1.987897742877705e+00  -2.196874230849990e-01   0.000000000000000e+00
 -1.986476715483886e+00  -2.321858282504594e-01   0.000000000000000e+00
 -1.984977108310270e+00  -2.446750487569141e-01   0.000000000000000e+00
 -1.983398980677362e+00  -2.571545905637370e-01   0.000000000000000e+00
 -1.981742395011727e+00  -2.696239600131689e-01   0.000000000000000e+00
 -1.980007416843528e+00  -2.820826638498382e-01   0.000000000000000e+00
 -1.978194114803923e+00  -2.945302092402826e-01   0.000000000000000e+00
 -1.976302560622359e+00  -3.069661037924319e-01   0.000000000000000e+00
 -1.974332829123732e+00  -3.193898555750981e-01   0.000000000000000e+00
 -1.972284998225423e+00  -3.318009731374260e-01   0.000000000000000e+00
 -1.970159148934223e+00  -3.441989655283372e-01   0.000000000000000e+00
 -1.967955365343123e+00  -3.565833423159510e-01   0.000000000000000e+00
 -1.965673734627990e+00  -3.689536136069837e-01   0.000000000000000e+00
 -1.963314347044116e+00  -3.813092900661289e-01   0.000000000000000e+00
 -1.960877295922654e+00  -3.936498829354097e-01   0.000000000000000e+00
 -1.958362677666916e+00  -4.059749040535223e-01   0.000000000000000e+00
 -1.955770591748570e+00  -4.182838658751343e-01   0.000000000000000e+00
 -1.953101140703699e+00  -4.305762814901802e-01   0.000000000000000e+00
 -1.950354430128744e+00  -4.428516646431186e-01   0.000000000000000e+00
 -1.947530568676334e+00  -4.551095297521642e-01   0.000000000000000e+00
 -1.944629668050978e+00  -4.673493919285042e-01   0.000000000000000e+00
 -1.941651843004655e+00  -4.795707669954712e-01   0.000000000000000e+00
 -1.938597211332271e+00  -4.917731715076998e-01   0.000000000000000e+00
 -1.935465893866998e+00  -5.039561227702495e-01   0.000000000000000e+00
 -1.932258014475496e+00  -5.161191388576996e-01   0.000000000000000e+00
 -1.928973700053014e+00  -5.282617386332125e-01   0.000000000000000e+00
 -1.925613080518369e+00  -5.403834417675631e-01   0.000000000000000e+00
 -1.922176288808806e+00  -5.524837687581485e-01   0.000000000000000e+00
 -1.918663460874740e+00  -5.645622409479431e-01   0.000000000000000e+00
 -1.915074735674382e+00  -5.766183805444433e-01   0.000000000000000e+00
 -1.911410255168234e+00  -5.886517106385631e-01   0.000000000000000e+00
 -1.907670164313481e+00  -6.006617552235004e-01   0.000000000000000e+00
 -1.903854611058253e+00  -6.126480392135671e-01   0.000000000000000e+00
 -1.899963746335774e+00  -6.246100884629783e-01   0.000000000000000e+00
 -1.895997724058391e+00  -6.365474297846164e-01   0.000000000000000e+00
 -1.891956701111485e+00  -6.484595909687411e-01   0.000000000000000e+00
 -1.887840837347266e+00  -6.603461008016727e-01   0.000000000000000e+00
 -1.883650295578450e+00  -6.722064890844313e-01   0.000000000000000e+00
 -1.879385241571817e+00  -6.840402866513364e-01   0.000000000000000e+00
 -1.875045844041655e+00  -6.958470253885676e-01   0.000000000000000e+00
 -1.870632274643086e+00  -7.076262382526771e-01   0.000000000000000e+00
 -1.866144707965275e+00  -7.193774592890710e-01   0.000000000000000e+00
 -1.861583321524524e+00  -7.311002236504376e-01   0.000000000000000e+00
 -1.856948295757252e+00  -7.427940676151358e-01   0.000000000000000e+00
 -1.852239814012852e+00  -7.544585286055401e-01   0.000000000000000e+00
 -1.847458062546445e+00  -7.660931452063348e-01   0.000000000000000e+00
 -1.842603230511508e+00  -7.776974571827752e-01   0.000000000000000e+00
 -1.837675509952392e+00  -7.892710054988810e-01   0.000000000000000e+00
 -1.832675095796727e+00  -8.008133323356069e-01   0.000000000000000e+00
 -1.827602185847707e+00  -8.123239811089440e-01   0.000000000000000e+00
 -1.822456980776272e+00  -8.238024964879844e-01   0.000000000000000e+00
 -1.817239684113164e+00  -8.352484244129329e-01   0.000000000000000e+00
 -1.811950502240880e+00  -8.466613121130678e-01   0.000000000000000e+00
 -1.806589644385505e+00  -8.580407081246526e-01   0.000000000000000e+00
 -1.801157322608437e+00  -8.693861623087908e-01   0.000000000000000e+00
 -1.795653751797998e+00  -8.806972258692383e-01   0.000000000000000e+00
 -1.790079149660936e+00  -8.919734513701515e-01   0.000000000000000e+00
 -1.784433736713808e+00  -9.032143927537896e-01   0.000000000000000e+00
 -1.778717736274261e+00  -9.144196053581584e-01   0.000000000000000e+00
 -1.772931374452198e+00  -9.255886459345973e-01   0.000000000000000e+00
 -1.767074880140830e+00  -9.367210726653211e-01   0.000000000000000e+00
 -1.761148485007630e+00  -9.478164451808855e-01   0.000000000000000e+00
 -1.755152423485156e+00  -9.588743245776187e-01   0.000000000000000e+00
 -1.749086932761789e+00  -9.698942734349746e-01   0.000000000000000e+00
 -1.742952252772345e+00  -9.808758558328401e-01   0.000000000000000e+00
 -1.736748626188586e+00  -9.918186373687787e-01   0.000000000000000e+00
 -1.730476298409617e+00  -1.002722185175212e+00   0.000000000000000e+00
 -1.724135517552183e+00  -1.013586067936545e+00   0.000000000000000e+00
 -1.717726534440852e+00  -1.024409855906228e+00   0.000000000000000e+00
 -1.711249602598094e+00  -1.035193120923756e+00   0.000000000000000e+00
 -1.704704978234248e+00  -1.045935436431604e+00   0.000000000000000e+00
 -1.698092920237396e+00  -1.056636377492102e+00   0.000000000000000e+00
 -1.691413690163112e+00  -1.067295520804245e+00   0.000000000000000e+00
 -1.684667552224124e+00  -1.077912444720432e+00   0.000000000000000e+00
 -1.677854773279855e+00  -1.088486729263157e+00   0.000000000000000e+00
 -1.670975622825873e+00  -1.099017956141611e+00   0.000000000000000e+00
 -1.664030372983228e+00  -1.109505708768233e+00   0.000000000000000e+00
 -1.657019298487685e+00  -1.119949572275190e+00   0.000000000000000e+00
 -1.649942676678861e+00  -1.130349133530784e+00   0.000000000000000e+00
 -1.642800787489250e+00  -1.140703981155803e+00   0.000000000000000e+00
 -1.635593913433156e+00  -1.151013705539780e+00   0.000000000000000e+00
 -1.628322339595506e+00  -1.161277898857211e+00   0.000000000000000e+00
 -1.620986353620584e+00  -1.171496155083678e+00   0.000000000000000e+00
 -1.613586245700649e+00  -1.181668070011916e+00   0.000000000000000e+00
 -1.606122308564452e+00  -1.191793241267795e+00   0.000000000000000e+00
 -1.598594837465661e+00  -1.201871268326245e+00   0.000000000000000e+00
 -1.591004130171180e+00  -1.211901752527096e+00   0.000000000000000e+00
 -1.583350486949371e+00  -1.221884297090845e+00   0.000000000000000e+00
 -1.575634210558174e+00  -1.231818507134358e+00   0.000000000000000e+00
 -1.567855606233132e+00  -1.241703989686486e+00   0.000000000000000e+00
 -1.560014981675317e+00  -1.251540353703611e+00   0.000000000000000e+00
 -1.552112647039158e+00  -1.261327210085115e+00   0.000000000000000e+00
 -1.544148914920173e+00  -1.271064171688768e+00   0.000000000000000e+00
 -1.536124100342599e+00  -1.280750853346052e+00   0.000000000000000e+00
 -1.528038520746939e+00  -1.290386871877386e+00   0.000000000000000e+00
 -1.519892495977395e+00  -1.299971846107293e+00   0.000000000000000e+00
 -1.511686348269224e+00  -1.309505396879469e+00   0.000000000000000e+00
 -1.503420402235987e+00  -1.318987147071791e+00   0.000000000000000e+00
 -1.495094984856707e+00  -1.328416721611228e+00   0.000000000000000e+00
 -1.486710425462941e+00  -1.337793747488678e+00   0.000000000000000e+00
 -1.478267055725742e+00  -1.347117853773732e+00   0.000000000000000e+00
 -1.469765209642552e+00  -1.356388671629332e+00   0.000000000000000e+00
 -1.461205223523978e+00  -1.365605834326377e+00   0.000000000000000e+00
 -1.452587435980495e+00  -1.374768977258220e+00   0.000000000000000e+00
 -1.443912187909049e+00  -1.383877737955092e+00   0.000000000000000e+00
 -1.435179822479575e+00  -1.392931756098444e+00   0.000000000000000e+00
 -1.426390685121421e+00  -1.401930673535194e+00   0.000000000000000e+00
 -1.417545123509677e+00  -1.410874134291906e+00   0.000000000000000e+00
 -1.408643487551433e+00  -1.419761784588857e+00   0.000000000000000e+00
 -1.399686129371931e+00  -1.428593272854041e+00   0.000000000000000e+00
 -1.390673403300636e+00  -1.437368249737076e+00   0.000000000000000e+00
 -1.381605665857222e+00  -1.446086368123018e+00   0.000000000000000e+00
 -1.372483275737467e+00  -1.454747283146097e+00   0.000000000000000e+00
 -1.363306593799066e+00  -1.463350652203356e+00   0.000000000000000e+00
 -1.354075983047353e+00  -1.471896134968207e+00   0.000000000000000e+00
 -1.344791808620946e+00  -1.480383393403886e+00   0.000000000000000e+00
 -1.335454437777298e+00  -1.488812091776837e+00   0.000000000000000e+00
 -1.326064239878174e+00  -1.497181896669981e+00   0.000000000000000e+00
 -1.316621586375038e+00  -1.505492476995909e+00   0.000000000000000e+00
 -1.307126850794359e+00  -1.513743504009983e+00   0.000000000000000e+00
 -1.297580408722836e+00  -1.521934651323334e+00   0.000000000000000e+00
 -1.287982637792537e+00  -1.530065594915779e+00   0.000000000000000e+00
 -1.278333917665971e+00  -1.538136013148632e+00   0.000000000000000e+00
 -1.268634630021056e+00  -1.546145586777435e+00   0.000000000000000e+00
 -1.258885158536032e+00  -1.554093998964577e+00   0.000000000000000e+00
 -1.249085888874279e+00  -1.561980935291834e+00   0.000000000000000e+00
 -1.239237208669058e+00  -1.569806083772809e+00   0.000000000000000e+00
 -1.229339507508186e+00  -1.577569134865262e+00   0.000000000000000e+00
 -1.219393176918614e+00  -1.585269781483369e+00   0.000000000000000e+00
 -1.209398610350952e+00  -1.592907719009857e+00   0.000000000000000e+00
 -1.199356203163890e+00  -1.600482645308064e+00   0.000000000000000e+00
 -1.189266352608574e+00  -1.607994260733880e+00   0.000000000000000e+00
 -1.179129457812879e+00  -1.615442268147613e+00   0.000000000000000e+00
 -1.168945919765631e+00  -1.622826372925731e+00   0.000000000000000e+00
 -1.158716141300735e+00  -1.630146282972524e+00   0.000000000000000e+00
 -1.148440527081249e+00  -1.637401708731655e+00   0.000000000000000e+00
 -1.138119483583368e+00  -1.644592363197618e+00   0.000000000000000e+00
 -1.127753419080356e+00  -1.651717961927086e+00   0.000000000000000e+00
 -1.117342743626385e+00  -1.658778223050165e+00   0.000000000000000e+00
 -1.106887869040317e+00  -1.665772867281547e+00   0.000000000000000e+00
 -1.096389208889420e+00  -1.672701617931552e+00   0.000000000000000e+00
 -1.085847178472999e+00  -1.679564200917079e+00   0.000000000000000e+00
 -1.075262194805976e+00  -1.686360344772444e+00   0.000000000000000e+00
 -1.064634676602384e+00  -1.693089780660121e+00   0.000000000000000e+00
 -1.053965044258820e+00  -1.699752242381372e+00   0.000000000000000e+00
 -1.043253719837796e+00  -1.706347466386785e+00   0.000000000000000e+00
 -1.032501127051059e+00  -1.712875191786691e+00   0.000000000000000e+00
 -1.021707691242818e+00  -1.719335160361490e+00   0.000000000000000e+00
 -1.010873839372930e+00  -1.725727116571861e+00   0.000000000000000e+00
 -1.000000000000001e+00  -1.732050807568877e+00   0.000000000000000e+00
 -9.890866032644375e-01  -1.738305983203998e+00   0.000000000000000e+00
 -9.781340808714346e-01  -1.744492396038972e+00   0.000000000000000e+00
 -9.671428660738890e-01  -1.750609801355626e+00   0.000000000000000e+00
 -9.561133936552731e-01  -1.756657957165537e+00   0.000000000000000e+00
 -9.450460999124242e-01  -1.762636624219614e+00   0.000000000000000e+00
 -9.339414226382972e-01  -1.768545566017555e+00   0.000000000000000e+00
 -9.227998011046349e-01  -1.774384548817208e+00   0.000000000000000e+00
 -9.116216760446038e-01  -1.780153341643811e+00   0.000000000000000e+00
 -9.004074896353472e-01  -1.785851716299137e+00   0.000000000000000e+00
 -8.891576854805068e-01  -1.791479447370510e+00   0.000000000000000e+00
 -8.778727085926619e-01  -1.797036312239734e+00   0.000000000000000e+00
 -8.665530053757386e-01  -1.802522091091889e+00   0.000000000000000e+00
 -8.551990236073391e-01  -1.807936566924032e+00   0.000000000000000e+00
 -8.438112124210388e-01  -1.813279525553779e+00   0.000000000000000e+00
 -8.323900222886164e-01  -1.818550755627776e+00   0.000000000000000e+00
 -8.209359050022279e-01  -1.823750048630067e+00   0.000000000000000e+00
 -8.094493136565482e-01  -1.828877198890331e+00   0.000000000000000e+00
 -7.979307026308331e-01  -1.833932003592027e+00   0.000000000000000e+00
 -7.863805275709592e-01  -1.838914262780410e+00   0.000000000000000e+00
 -7.747992453713867e-01  -1.843823779370450e+00   0.000000000000000e+00
 -7.631873141570984e-01  -1.848660359154616e+00   0.000000000000000e+00
 -7.515451932654651e-01  -1.853423810810570e+00   0.000000000000000e+00
 -7.398733432280881e-01  -1.858113945908725e+00   0.000000000000000e+00
 -7.281722257525683e-01  -1.862730578919708e+00   0.000000000000000e+00
 -7.164423037042565e-01  -1.867273527221692e+00   0.000000000000000e+00
 -7.046840410879296e-01  -1.871742611107624e+00   0.000000000000000e+00
 -6.928979030294472e-01  -1.876137653792332e+00   0.000000000000000e+00
 -6.810843557573484e-01  -1.880458481419518e+00   0.000000000000000e+00
 -6.692438665844032e-01  -1.884704923068637e+00   0.000000000000000e+00
 -6.573769038891389e-01  -1.888876810761657e+00   0.000000000000000e+00
 -6.454839370972989e-01  -1.892973979469705e+00   0.000000000000000e+00
 -6.335654366632868e-01  -1.896996267119590e+00   0.000000000000000e+00
 -6.216218740515429e-01  -1.900943514600223e+00   0.000000000000000e+00
 -6.096537217179079e-01  -1.904815565768902e+00   0.000000000000000e+00
 -5.976614530909202e-01  -1.908612267457497e+00   0.000000000000000e+00
 -5.856455425531024e-01  -1.912333469478501e+00   0.000000000000000e+00
 -5.736064654221813e-01  -1.915979024630978e+00   0.000000000000000e+00
 -5.615446979322987e-01  -1.919548788706378e+00   0.000000000000000e+00
 -5.494607172151666e-01  -1.923042620494251e+00   0.000000000000000e+00
 -5.373550012811893e-01  -1.926460381787825e+00   0.000000000000000e+00
 -5.252280290005650e-01  -1.929801937389478e+00   0.000000000000000e+00
 -5.130802800843305e-01  -1.933067155116083e+00   0.000000000000000e+00
 -5.009122350653983e-01  -1.936255905804237e+00   0.000000000000000e+00
 -4.887243752795344e-01  -1.939368063315375e+00   0.000000000000000e+00
 -4.765171828463314e-01  -1.942403504540752e+00   0.000000000000000e+00
 -4.642911406501238e-01  -1.945362109406320e+00   0.000000000000000e+00
 -4.520467323208996e-01  -1.948243760877472e+00   0.000000000000000e+00
 -4.397844422151561e-01  -1.951048344963677e+00   0.000000000000000e+00
 -4.275047553967530e-01  -1.953775750722985e+00   0.000000000000000e+00
 -4.152081576177114e-01  -1.956425870266417e+00   0.000000000000000e+00
 -4.028951352990105e-01  -1.958998598762233e+00   0.000000000000000e+00
 -3.905661755113411e-01  -1.961493834440079e+00   0.000000000000000e+00
 -3.782217659558328e-01  -1.963911478595013e+00   0.000000000000000e+00
 -3.658623949447745e-01  -1.966251435591408e+00   0.000000000000000e+00
 -3.534885513822836e-01  -1.968513612866737e+00   0.000000000000000e+00
 -3.411007247449790e-01  -1.970697920935233e+00   0.000000000000000e+00
 -3.286994050626128e-01  -1.972804273391429e+00   0.000000000000000e+00
 -3.162850828986831e-01  -1.974832586913578e+00   0.000000000000000e+00
 -3.038582493310319e-01  -1.976782781266945e+00   0.000000000000000e+00
 -2.914193959324244e-01  -1.978654779306987e+00   0.000000000000000e+00
 -2.789690147510919e-01  -1.980448506982397e+00   0.000000000000000e+00
 -2.665075982912812e-01  -1.982163893338039e+00   0.000000000000000e+00
 -2.540356394937567e-01  -1.983800870517754e+00   0.000000000000000e+00
 -2.415536317163224e-01  -1.985359373767041e+00   0.000000000000000e+00
 -2.290620687142829e-01  -1.986839341435621e+00   0.000000000000000e+00
 -2.165614446209239e-01  -1.988240714979878e+00   0.000000000000000e+00
 -2.040522539279694e-01  -1.989563438965170e+00   0.000000000000000e+00
 -1.915349914660083e-01  -1.990807461068025e+00   0.000000000000000e+00
 -1.790101523849346e-01  -1.991972732078209e+00   0.000000000000000e+00
 -1.664782321343443e-01  -1.993059205900674e+00   0.000000000000000e+00
 -1.539397264439603e-01  -1.994066839557380e+00   0.000000000000000e+00
 -1.413951313039900e-01  -1.994995593188999e+00   0.000000000000000e+00
 -1.288449429455379e-01  -1.995845430056486e+00   0.000000000000000e+00
 -1.162896578209525e-01  -1.996616316542536e+00   0.000000000000000e+00
 -1.037297725842039e-01  -1.997308222152913e+00   0.000000000000000e+00
 -9.116578407122346e-02  -1.997921119517655e+00   0.000000000000000e+00
 -7.859818928026102e-02  -1.998454984392159e+00   0.000000000000000e+00
 -6.602748535222820e-02  -1.998909795658139e+00   0.000000000000000e+00
 -5.345416955100998e-02  -1.999285535324460e+00   0.000000000000000e+00
 -4.087873924382433e-02  -1.999582188527852e+00   0.000000000000000e+00
 -2.830169188152464e-02  -1.999799743533498e+00   0.000000000000000e+00
 -1.572352497893782e-02  -1.999938191735494e+00   0.000000000000000e+00
 -3.144736095169762e-03  -1.999997527657195e+00   0.000000000000000e+00
  9.434177186064402e-03  -1.999977748951428e+00   0.000000000000000e+00
  2.201271727612869e-02  -1.999878856400587e+00   0.000000000000000e+00
  3.459038660115314e-02  -1.999700853916601e+00   0.000000000000000e+00
  4.716668762171295e-02  -1.999443748540777e+00   0.000000000000000e+00
  5.974112285250451e-02  -1.999107550443528e+00   0.000000000000000e+00
  7.231319488203704e-02  -1.998692272923962e+00   0.000000000000000e+00
  8.488240639229644e-02  -1.998197932409363e+00   0.000000000000000e+00
  9.744826017842496e-02  -1.997624548454538e+00   0.000000000000000e+00
  1.100102591683858e-01  -1.996972143741045e+00   0.000000000000000e+00
  1.225679064426314e-01  -1.996240744076293e+00   0.000000000000000e+00
  1.351207052537563e-01  -1.995430378392523e+00   0.000000000000000e+00
  1.476681590461425e-01  -1.994541078745665e+00   0.000000000000000e+00
  1.602097714756136e-01  -1.993572880314069e+00   0.000000000000000e+00
  1.727450464290552e-01  -1.992525821397109e+00   0.000000000000000e+00
  1.852734880440557e-01  -1.991399943413675e+00   0.000000000000000e+00
  1.977946007284979e-01  -1.990195290900532e+00   0.000000000000000e+00
  2.103078891801957e-01  -1.988911911510555e+00   0.000000000000000e+00
  2.228128584064547e-01  -1.987549856010849e+00   0.000000000000000e+00
  2.353090137436761e-01  -1.986109178280735e+00   0.000000000000000e+00
  2.477958608769099e-01  -1.984589935309627e+00   0.000000000000000e+00
  2.602729058594142e-01  -1.982992187194770e+00   0.000000000000000e+00
  2.727396551321995e-01  -1.981315997138863e+00   0.000000000000000e+00
  2.851956155435404e-01  -1.979561431447567e+00   0.000000000000000e+00
  2.976402943684975e-01  -1.977728559526871e+00   0.000000000000000e+00
  3.100731993283942e-01  -1.975817453880356e+00   0.000000000000000e+00
  3.224938386103040e-01  -1.973828190106320e+00   0.000000000000000e+00
  3.349017208864909e-01  -1.971760846894792e+00   0.000000000000000e+00
  3.472963553338599e-01  -1.969615506024416e+00   0.000000000000000e+00
  3.596772516533597e-01  -1.967392252359220e+00   0.000000000000000e+00
  3.720439200893831e-01  -1.965091173845256e+00   0.000000000000000e+00
  3.843958714491439e-01  -1.962712361507119e+00   0.000000000000000e+00
  3.967326171220247e-01  -1.960255909444353e+00   0.000000000000000e+00
  4.090536690989015e-01  -1.957721914827723e+00   0.000000000000000e+00
  4.213585399914515e-01  -1.955110477895373e+00   0.000000000000000e+00
  4.336467430514380e-01  -1.952421701948859e+00   0.000000000000000e+00
  4.459177921899548e-01  -1.949655693349068e+00   0.000000000000000e+00
  4.581712019966594e-01  -1.946812561512006e+00   0.000000000000000e+00
  4.704064877589785e-01  -1.943892418904468e+00   0.000000000000000e+00
  4.826231654812796e-01  -1.940895381039594e+00   0.000000000000000e+00
  4.948207519040033e-01  -1.937821566472300e+00   0.000000000000000e+00
  5.069987645228087e-01  -1.934671096794581e+00   0.000000000000000e+00
  5.191567216076295e-01  -1.931444096630710e+00   0.000000000000000e+00
  5.312941422217516e-01  -1.928140693632302e+00   0.000000000000000e+00
  5.434105462408233e-01  -1.924761018473268e+00   0.000000000000000e+00
  5.555054543718601e-01  -1.921305204844642e+00   0.000000000000000e+00
  5.675783881721951e-01  -1.917773389449299e+00   0.000000000000000e+00
  5.796288700684011e-01  -1.914165711996542e+00   0.000000000000000e+00
  5.916564233752044e-01  -1.910482315196574e+00   0.000000000000000e+00
  6.036605723143121e-01  -1.906723344754859e+00   0.000000000000000e+00
  6.156408420332550e-01  -1.902888949366353e+00   0.000000000000000e+00
  6.275967586241559e-01  -1.898979280709627e+00   0.000000000000000e+00
  6.395278491424898e-01  -1.894994493440860e+00   0.000000000000000e+00
  6.514336416257794e-01  -1.890934745187727e+00   0.000000000000000e+00
  6.633136651122773e-01  -1.886800196543163e+00   0.000000000000000e+00
  6.751674496595829e-01  -1.882591011059007e+00   0.000000000000000e+00
  6.869945263632455e-01  -1.878307355239536e+00   0.000000000000000e+00
  6.987944273753016e-01  -1.873949398534876e+00   0.000000000000000e+00
  7.105666859227862e-01  -1.869517313334302e+00   0.000000000000000e+00
  7.223108363262020e-01  -1.865011274959415e+00   0.000000000000000e+00
  7.340264140179311e-01  -1.860431461657208e+00   0.000000000000000e+00
  7.457129555606168e-01  -1.855778054593019e+00   0.000000000000000e+00
  7.573699986654988e-01  -1.851051237843357e+00   0.000000000000000e+00
  7.689970822106976e-01  -1.846251198388625e+00   0.000000000000000e+00
  7.805937462594496e-01  -1.841378126105727e+00   0.000000000000000e+00
  7.921595320783130e-01  -1.836432213760548e+00   0.000000000000000e+00
  8.036939821553007e-01  -1.831413657000339e+00   0.000000000000000e+00
  8.151966402179933e-01  -1.826322654345966e+00   0.000000000000000e+00
  8.266670512515663e-01  -1.821159407184072e+00   0.000000000000000e+00
  8.381047615168189e-01  -1.815924119759093e+00   0.000000000000000e+00
  8.495093185680938e-01  -1.810616999165194e+00   0.000000000000000e+00
  8.608802712711952e-01  -1.805238255338069e+00   0.000000000000000e+00
  8.722171698212218e-01  -1.799788101046637e+00   0.000000000000000e+00
  8.835195657603651e-01  -1.794266751884629e+00   0.000000000000000e+00
  8.947870119956550e-01  -1.788674426262054e+00   0.000000000000000e+00
  9.060190628166268e-01  -1.783011345396569e+00   0.000000000000000e+00
  9.172152739129812e-01  -1.777277733304712e+00   0.000000000000000e+00
  9.283752023921308e-01  -1.771473816793059e+00   0.000000000000000e+00
  9.394984067967410e-01  -1.765599825449240e+00   0.000000000000000e+00
  9.505844471221784e-01  -1.759655991632860e+00   0.000000000000000e+00
  9.616328848339287e-01  -1.753642550466308e+00   0.000000000000000e+00
  9.726432828849334e-01  -1.747559739825457e+00   0.000000000000000e+00
  9.836152057328824e-01  -1.741407800330256e+00   0.000000000000000e+00
  9.945482193574465e-01  -1.735186975335204e+00   0.000000000000000e+00
  1.005441891277443e+00  -1.728897510919730e+00   0.000000000000000e+00
  1.016295790567938e+00  -1.722539655878462e+00   0.000000000000000e+00
  1.027109487877302e+00  -1.716113661711376e+00   0.000000000000000e+00
  1.037882555444191e+00  -1.709619782613852e+00   0.000000000000000e+00
  1.048614567114464e+00  -1.703058275466622e+00   0.000000000000000e+00
  1.059305098358040e+00  -1.696429399825605e+00   0.000000000000000e+00
  1.069953726285702e+00  -1.689733417911637e+00   0.000000000000000e+00
  1.080560029665813e+00  -1.682970594600101e+00   0.000000000000000e+00
  1.091123588940982e+00  -1.676141197410454e+00   0.000000000000000e+00
  1.101643986244667e+00  -1.669245496495635e+00   0.000000000000000e+00
  1.112120805417694e+00  -1.662283764631388e+00   0.000000000000000e+00
  1.122553632024731e+00  -1.655256277205462e+00   0.000000000000000e+00
  1.132942053370668e+00  -1.648163312206729e+00   0.000000000000000e+00
  1.143285658516956e+00  -1.641005150214176e+00   0.000000000000000e+00
  1.153584038297861e+00  -1.633782074385810e+00   0.000000000000000e+00
  1.163836785336629e+00  -1.626494370447467e+00   0.000000000000000e+00
  1.174043494061637e+00  -1.619142326681488e+00   0.000000000000000e+00
  1.184203760722401e+00  -1.611726233915339e+00   0.000000000000000e+00
  1.194317183405573e+00  -1.604246385510087e+00   0.000000000000000e+00
  1.204383362050818e+00  -1.596703077348813e+00   0.000000000000000e+00
  1.214401898466663e+00  -1.589096607824888e+00   0.000000000000000e+00
  1.224372396346226e+00  -1.581427277830189e+00   0.000000000000000e+00
  1.234294461282910e+00  -1.573695390743181e+00   0.000000000000000e+00
  1.244167700785991e+00  -1.565901252416927e+00   0.000000000000000e+00
  1.253991724296156e+00  -1.558045171166983e+00   0.000000000000000e+00
  1.263766143200944e+00  -1.550127457759203e+00   0.000000000000000e+00
  1.273490570850120e+00  -1.542148425397450e+00   0.000000000000000e+00
  1.283164622570976e+00  -1.534108389711198e+00   0.000000000000000e+00
  1.292787915683537e+00  -1.526007668743055e+00   0.000000000000000e+00
  1.302360069515711e+00  -1.517846582936178e+00   0.000000000000000e+00
  1.311880705418334e+00  -1.509625455121599e+00   0.000000000000000e+00
  1.321349446780162e+00  -1.501344610505449e+00   0.000000000000000e+00
  1.330765919042759e+00  -1.493004376656104e+00   0.000000000000000e+00
  1.340129749715314e+00  -1.484605083491219e+00   0.000000000000000e+00
  1.349440568389384e+00  -1.476147063264679e+00   0.000000000000000e+00
  1.358698006753540e+00  -1.467630650553455e+00   0.000000000000000e+00
  1.367901698607930e+00  -1.459056182244378e+00   0.000000000000000e+00
  1.377051279878784e+00  -1.450423997520796e+00   0.000000000000000e+00
  1.386146388632794e+00  -1.441734437849170e+00   0.000000000000000e+00
  1.395186665091446e+00  -1.432987846965566e+00   0.000000000000000e+00
  1.404171751645245e+00  -1.424184570862051e+00   0.000000000000000e+00
  1.413101292867864e+00  -1.415324957773010e+00   0.000000000000000e+00
  1.421974935530205e+00  -1.406409358161367e+00   0.000000000000000e+00
  1.430792328614363e+00  -1.397438124704736e+00   0.000000000000000e+00
  1.439553123327526e+00  -1.388411612281446e+00   0.000000000000000e+00
  1.448256973115759e+00  -1.379330177956525e+00   0.000000000000000e+00
  1.456903533677721e+00  -1.370194180967562e+00   0.000000000000000e+00
  1.465492462978278e+00  -1.361003982710506e+00   0.000000000000000e+00
  1.474023421262042e+00  -1.351759946725359e+00   0.000000000000000e+00
  1.482496071066799e+00  -1.342462438681807e+00   0.000000000000000e+00
  1.490910077236872e+00  -1.333111826364745e+00   0.000000000000000e+00
  1.499265106936365e+00  -1.323708479659736e+00   0.000000000000000e+00
  1.507560829662338e+00  -1.314252770538378e+00   0.000000000000000e+00
  1.515796917257882e+00  -1.304745073043582e+00   0.000000000000000e+00
  1.523973043925089e+00  -1.295185763274789e+00   0.000000000000000e+00
  1.532088886237956e+00  -1.285575219373079e+00   0.000000000000000e+00
  1.540144123155162e+00  -1.275913821506224e+00   0.000000000000000e+00
  1.548138436032781e+00  -1.266201951853643e+00   0.000000000000000e+00
  1.556071508636878e+00  -1.256439994591286e+00   0.000000000000000e+00
  1.563943027156026e+00  -1.246628335876434e+00   0.000000000000000e+00
  1.571752680213710e+00  -1.236767363832431e+00   0.000000000000000e+00
  1.579500158880651e+00  -1.226857468533324e+00   0.000000000000000e+00
  1.587185156687029e+00  -1.216899041988436e+00   0.000000000000000e+00
  1.594807369634598e+00  -1.206892478126852e+00   0.000000000000000e+00
  1.602366496208715e+00  -1.196838172781854e+00   0.000000000000000e+00
  1.609862237390269e+00  -1.186736523675242e+00   0.000000000000000e+00
  1.617294296667510e+00  -1.176587930401611e+00   0.000000000000000e+00
  1.624662380047771e+00  -1.166392794412548e+00   0.000000000000000e+00
  1.631966196069109e+00  -1.156151519000742e+00   0.000000000000000e+00
  1.639205455811822e+00  -1.145864509284041e+00   0.000000000000000e+00
  1.646379872909891e+00  -1.135532172189415e+00   0.000000000000000e+00
  1.653489163562292e+00  -1.125154916436876e+00   0.000000000000000e+00
  1.660533046544241e+00  -1.114733152523285e+00   0.000000000000000e+00
  1.667511243218302e+00  -1.104267292706142e+00   0.000000000000000e+00
  1.674423477545421e+00  -1.093757750987256e+00   0.000000000000000e+00
  1.681269476095835e+00  -1.083204943096382e+00   0.000000000000000e+00
  1.688048968059900e+00  -1.072609286474766e+00   0.000000000000000e+00
  1.694761685258793e+00  -1.061971200258639e+00   0.000000000000000e+00
  1.701407362155122e+00  -1.051291105262643e+00   0.000000000000000e+00
  1.707985735863441e+00  -1.040569423963158e+00   0.000000000000000e+00
  1.714496546160633e+00  -1.029806580481627e+00   0.000000000000000e+00
  1.720939535496215e+00  -1.019003000567747e+00   0.000000000000000e+00
  1.727314449002520e+00  -1.008159111582651e+00   0.000000000000000e+00
  1.733621034504785e+00  -9.972753424819837e-01   0.000000000000000e+00
  1.739859042531119e+00  -9.863521237989488e-01   0.000000000000000e+00
  1.746028226322376e+00  -9.753898876272700e-01   0.000000000000000e+00
  1.752128341841915e+00  -9.643890676040971e-01   0.000000000000000e+00
  1.758159147785257e+00  -9.533500988928558e-01   0.000000000000000e+00
  1.764120405589622e+00  -9.422734181660376e-01   0.000000000000000e+00
  1.770011879443374e+00  -9.311594635879153e-01   0.000000000000000e+00
  1.775833336295346e+00  -9.200086747972224e-01   0.000000000000000e+00
  1.781584545864057e+00  -9.088214928897546e-01   0.000000000000000e+00
  1.787265280646824e+00  -8.975983604009249e-01   0.000000000000000e+00
  1.792875315928763e+00  -8.863397212882536e-01   0.000000000000000e+00
  1.798414429791673e+00  -8.750460209138092e-01   0.000000000000000e+00
  1.803882403122818e+00  -8.637177060265963e-01   0.000000000000000e+00
  1.809279019623596e+00  -8.523552247448714e-01   0.000000000000000e+00
  1.814604065818088e+00  -8.409590265384304e-01   0.000000000000000e+00
  1.819857331061514e+00  -8.295295622108133e-01   0.000000000000000e+00
  1.825038607548551e+00  -8.180672838814936e-01   0.000000000000000e+00
  1.830147690321572e+00  -8.065726449679635e-01   0.000000000000000e+00
  1.835184377278732e+00  -7.950461001678278e-01   0.000000000000000e+00
  1.840148469181982e+00  -7.834881054407958e-01   0.000000000000000e+00
  1.845039769664937e+00  -7.718991179906579e-01   0.000000000000000e+00
  1.849858085240650e+00  -7.602795962471948e-01   0.000000000000000e+00
  1.854603225309265e+00  -7.486299998480367e-01   0.000000000000000e+00
  1.859275002165554e+00  -7.369507896205013e-01   0.000000000000000e+00
  1.863873231006347e+00  -7.252424275633346e-01   0.000000000000000e+00
  1.868397729937839e+00  -7.135053768284652e-01   0.000000000000000e+00
  1.872848319982784e+00  -7.017401017026619e-01   0.000000000000000e+00
  1.877224825087578e+00  -6.899470675891828e-01   0.000000000000000e+00
  1.881527072129222e+00  -6.781267409893514e-01   0.000000000000000e+00
  1.885754890922168e+00  -6.662795894841154e-01   0.000000000000000e+00
  1.889908114225056e+00  -6.544060817155444e-01   0.000000000000000e+00
  1.893986577747326e+00  -6.425066873682894e-01   0.000000000000000e+00
  1.897990120155717e+00  -6.305818771510062e-01   0.000000000000000e+00
  1.901918583080650e+00  -6.186321227777383e-01   0.000000000000000e+00
  1.905771811122493e+00  -6.066578969492546e-01   0.000000000000000e+00
  1.909549651857707e+00  -5.946596733343452e-01   0.000000000000000e+00
  1.913251955844876e+00  -5.826379265510943e-01   0.000000000000000e+00
  1.916878576630617e+00  -5.705931321481004e-01   0.000000000000000e+00
  1.920429370755378e+00  -5.585257665856618e-01   0.000000000000000e+00
  1.923904197759110e+00  -5.464363072169309e-01   0.000000000000000e+00
  1.927302920186817e+00  -5.343252322690445e-01   0.000000000000000e+00
  1.930625403594006e+00  -5.221930208241775e-01   0.000000000000000e+00
  1.933871516551996e+00  -5.100401528006229e-01   0.000000000000000e+00
  1.937041130653120e+00  -4.978671089337827e-01   0.000000000000000e+00
  1.940134120515801e+00  -4.856743707571747e-01   0.000000000000000e+00
  1.943150363789520e+00  -4.734624205833609e-01   0.000000000000000e+00
  1.946089741159648e+00  -4.612317414848792e-01   0.000000000000000e+00
  1.948952136352166e+00  -4.489828172751467e-01   0.000000000000000e+00
  1.951737436138272e+00  -4.367161324892915e-01   0.000000000000000e+00
  1.954445530338851e+00  -4.244321723650174e-01   0.000000000000000e+00
  1.957076311828839e+00  -4.121314228233859e-01   0.000000000000000e+00
  1.959629676541458e+00  -3.998143704496109e-01   0.000000000000000e+00
  1.962105523472336e+00  -3.874815024737963e-01   0.000000000000000e+00
  1.964503754683496e+00  -3.751333067516762e-01   0.000000000000000e+00
  1.966824275307237e+00  -3.627702717453032e-01   0.000000000000000e+00
  1.969066993549883e+00  -3.503928865037400e-01   0.000000000000000e+00
  1.971231820695417e+00  -3.380016406436994e-01   0.000000000000000e+00
  1.973318671108984e+00  -3.255970243301891e-01   0.000000000000000e+00
  1.975327462240286e+00  -3.131795282571168e-01   0.000000000000000e+00
  1.977258114626845e+00  -3.007496436278740e-01   0.000000000000000e+00
  1.979110551897144e+00  -2.883078621359164e-01   0.000000000000000e+00
  1.980884700773649e+00  -2.758546759453079e-01   0.000000000000000e+00
  1.982580491075711e+00  -2.633905776712489e-01   0.000000000000000e+00
  1.984197855722337e+00  -2.509160603605929e-01   0.000000000000000e+00
  1.985736730734847e+00  -2.384316174723467e-01   0.000000000000000e+00
  1.987197055239406e+00  -2.259377428581467e-01   0.000000000000000e+00
  1.988578771469426e+00  -2.134349307427197e-01   0.000000000000000e+00
  1.989881824767858e+00  -2.009236757043353e-01   0.000000000000000e+00
  1.991106163589349e+00  -1.884044726552546e-01   0.000000000000000e+00
  1.992251739502286e+00  -1.758778168221238e-01   0.000000000000000e+00
  1.993318507190706e+00  -1.633442037264138e-01   0.000000000000000e+00
  1.994306424456093e+00  -1.508041291648046e-01   0.000000000000000e+00
  1.995215452219045e+00  -1.382580891895697e-01   0.000000000000000e+00
  1.996045554520822e+00  -1.257065800889655e-01   0.000000000000000e+00
  1.996796698524766e+00  -1.131500983675837e-01   0.000000000000000e+00
  1.997468854517601e+00  -1.005891407267341e-01   0.000000000000000e+00
  1.998061995910609e+00  -8.802420404476421e-02   0.000000000000000e+00
  1.998576099240680e+00  -7.545578535743620e-02   0.000000000000000e+00
  1.999011144171243e+00  -6.288438183824223e-02   0.000000000000000e+00
  1.999367113493068e+00  -5.031049077875368e-02   0.000000000000000e+00
  1.999643993124946e+00  -3.773460956893535e-02   0.000000000000000e+00
  1.999841772114251e+00  -2.515723567748247e-02   0.000000000000000e+00
  1.999960442637366e+00  -1.257886663213681e-02   0.000000000000000e+00
  2.000000000000000e+00  -4.898587196589413e-16   0.000000000000000e+00
